1 2 1 17939423 979599
1 2 2 1553450 44711
1 2 3 112352 35440
1 2 4 103802 33141
1 2 5 122132 35581
2 2 1 203864 38711
2 2 2 169883 37210
2 2 3 116582 37791
2 2 4 120573 36251
2 2 5 113642 38170
3 2 1 183974 37051
3 2 2 131472 37601
3 2 3 136312 37111
3 2 4 124982 38010
3 2 5 137482 40401
4 2 1 171633 38730
4 2 2 139502 38721
4 2 3 133212 40271
4 2 4 140883 38111
4 2 5 131593 47171
5 2 1 176363 39810
5 2 2 160993 39751
5 2 3 159983 39221
5 2 4 160113 37260
5 2 5 151443 39011
6 2 1 183924 43061
6 2 2 168313 38661
6 2 3 171643 37990
6 2 4 157053 39041
6 2 5 178394 39981
7 2 1 193753 42361
7 2 2 195404 41841
7 2 3 181444 40351
7 2 4 313346 39961
7 2 5 192684 38641
8 2 1 216535 53281
8 2 2 202604 39991
8 2 3 215844 41061
8 2 4 212495 38291
8 2 5 199034 39981
9 2 1 229804 40980
9 2 2 229564 42191
9 2 3 238524 40861
9 2 4 223064 42551
9 2 5 226184 44441
10 2 1 251565 41331
10 2 2 276125 42221
10 2 3 258085 43261
10 2 4 1183733 44881
10 2 5 293236 41541
11 2 1 3164111 41721
11 2 2 347857 41131
11 2 3 300076 40931
11 2 4 294456 40201
11 2 5 288336 42651
12 2 1 319907 42031
12 2 2 324306 41351
12 2 3 332277 40721
12 2 4 326657 43241
12 2 5 330907 38321
13 2 1 367707 39031
13 2 2 330556 41101
13 2 3 357677 40191
13 2 4 362747 40351
13 2 5 355807 39551
14 2 1 382387 38241
14 2 2 385887 37201
14 2 3 379618 35820
14 2 4 382838 36810
14 2 5 370747 38761
15 2 1 437628 39550
15 2 2 400927 38320
15 2 3 401598 37041
15 2 4 397348 35690
15 2 5 408997 34631
16 2 1 427788 37321
16 2 2 470299 38571
16 2 3 472729 37461
16 2 4 461839 37420
16 2 5 464089 37250
17 2 1 512740 39361
17 2 2 541900 36980
17 2 3 515249 38861
17 2 4 506460 38371
17 2 5 511780 39041
18 2 1 546730 40180
18 2 2 577641 38471
18 2 3 567481 35250
18 2 4 561350 36051
18 2 5 550401 38531
19 2 1 614102 41981
19 2 2 631942 39581
19 2 3 1608381 46901
19 2 4 620522 37481
19 2 5 622742 39301
20 2 1 676093 40310
20 2 2 689073 35691
20 2 3 694653 35950
20 2 4 666262 42260
20 2 5 679733 41031
21 2 1 799715 40440
21 2 2 711063 37471
21 2 3 708594 56111
21 2 4 703704 39471
21 2 5 702933 35651
22 2 1 755244 40501
22 2 2 778375 40071
22 2 3 776565 39771
22 2 4 776515 36671
22 2 5 753295 38821
23 2 1 837386 41991
23 2 2 842336 38850
23 2 3 828736 39571
23 2 4 840826 39751
23 2 5 859966 40491
24 2 1 912297 40951
24 2 2 4718510 45761
24 2 3 927828 41651
24 2 4 934568 43200
24 2 5 929258 41011
25 2 1 994019 53341
25 2 2 1038420 52241
25 2 3 1025700 42611
25 2 4 1004809 39661
25 2 5 1011330 39811
26 2 1 1080181 57441
26 2 2 1110471 53532
26 2 3 1114911 54701
26 2 4 1113231 50851
26 2 5 1086921 62502
27 2 1 1156462 49900
27 2 2 1189943 42111
27 2 3 1190643 43980
27 2 4 1188523 40781
27 2 5 1169013 43230
28 2 1 1497268 44891
28 2 2 1283884 39791
28 2 3 1277904 41821
28 2 4 1262695 39751
28 2 5 1297045 41771
29 2 1 1435748 44261
29 2 2 1408657 46111
29 2 3 1419187 53091
29 2 4 1390747 44300
29 2 5 1407357 51351
30 2 1 1521529 45211
30 2 2 1395547 45871
30 2 3 1350326 61701
30 2 4 1366546 40931
30 2 5 1408077 46461
31 2 1 1433037 68442
31 2 2 1475028 48901
31 2 3 1458588 49651
31 2 4 1480389 48181
31 2 5 1482648 48841
32 2 1 1549400 48031
32 2 2 1552480 48631
32 2 3 1523349 44181
32 2 4 1556680 44071
32 2 5 1522389 45831
33 2 1 1623051 76501
33 2 2 1672142 49451
33 2 3 1697703 46391
33 2 4 1666563 50911
33 2 5 1640442 51601
34 2 1 1759564 47821
34 2 2 1767754 43901
34 2 3 1771573 46011
34 2 4 1712882 42690
34 2 5 1742533 46011
35 2 1 1852766 60411
35 2 2 32387791 13016170
35 2 3 24085991 52521
35 2 4 1951337 52351
35 2 5 1909666 51921
36 2 1 2001209 50701
36 2 2 1982498 47560
36 2 3 1943697 54001
36 2 4 1957038 44261
36 2 5 1963707 45231
37 2 1 2063169 55332
37 2 2 2100080 56622
37 2 3 2096520 52471
37 2 4 2088580 54451
37 2 5 31771698 12876526
38 2 1 35074692 12853777
38 2 2 34413239 49831
38 2 3 2302524 52571
38 2 4 2261003 61291
38 2 5 2249233 52601
39 2 1 2313114 51651
39 2 2 2377346 86332
39 2 3 2356415 49461
39 2 4 2336715 47241
39 2 5 2347485 49311
40 2 1 2596230 52551
40 2 2 2567809 49750
40 2 3 2540548 49111
40 2 4 2512338 54741
40 2 5 2536659 50441
41 2 1 2704802 66491
41 2 2 2537809 49581
41 2 3 2465757 50110
41 2 4 2449427 51931
41 2 5 2445957 50841
42 2 1 2563320 58341
42 2 2 2627001 50231
42 2 3 2573049 47661
42 2 4 2597540 49161
42 2 5 2582240 49061
43 2 1 2666251 54991
43 2 2 2707822 51041
43 2 3 2732423 51141
43 2 4 2695472 52771
43 2 5 2682311 50091
44 2 1 2733532 50901
44 2 2 2808834 52051
44 2 3 2774903 53221
44 2 4 2769353 57211
44 2 5 2748903 57171
45 2 1 2843825 57091
45 2 2 2937976 51521
45 2 3 2909636 50741
45 2 4 2895646 55941
45 2 5 2919027 49231
46 2 1 2971726 59201
46 2 2 3035128 51451
46 2 3 3017708 54111
46 2 4 3006498 54241
46 2 5 3014528 60881
47 2 1 3125410 52191
47 2 2 3127359 53181
47 2 3 3085109 54431
47 2 4 3110790 54901
47 2 5 3115800 51241
48 2 1 3222631 50641
48 2 2 3202241 52431
48 2 3 3198442 56831
48 2 4 3180491 52811
48 2 5 3182841 50141
49 2 1 3288313 63182
49 2 2 3340875 51701
49 2 3 3330324 57711
49 2 4 3342714 52461
49 2 5 3334534 66492
50 2 1 3447156 59671
50 2 2 3472847 54531
50 2 3 3507427 56921
50 2 4 3474776 52251
50 2 5 3472317 54201
51 2 1 3590519 59971
51 2 2 3623779 50041
51 2 3 3597019 55221
51 2 4 3617670 62471
51 2 5 3583918 52741
52 2 1 3740992 59391
52 2 2 3686891 53331
52 2 3 3664049 12799265
52 2 4 29760779 50071
52 2 5 3693631 53631
53 2 1 3773922 51961
53 2 2 3825554 48631
53 2 3 3750851 51821
53 2 4 3766242 49111
53 2 5 3778433 49801
54 2 1 5086657 57921
54 2 2 3913235 50821
54 2 3 5388394 57902
54 2 4 3954985 53431
54 2 5 3890304 55681
55 2 1 4027757 54862
55 2 2 4041778 54101
55 2 3 4151999 57141
55 2 4 4335953 54021
55 2 5 3971637 52781
56 2 1 4209261 56671
56 2 2 4196200 54181
56 2 3 4190361 56191
56 2 4 4163570 56121
56 2 5 4189160 680453
57 2 1 4365084 59741
57 2 2 4331773 51091
57 2 3 4318443 65552
57 2 4 4320423 55781
57 2 5 4333913 54461
58 2 1 10176054 52781
58 2 2 4774172 48071
58 2 3 4564777 47340
58 2 4 4583158 49411
58 2 5 4563817 49771
59 2 1 4726120 58462
59 2 2 4752222 49041
59 2 3 7327500 44770
59 2 4 4727101 55821
59 2 5 4683279 51651
60 2 1 5812611 52371
60 2 2 4876914 48111
60 2 3 4846302 52621
60 2 4 4843843 53371
60 2 5 4842884 49531
61 2 1 4972985 54151
61 2 2 5165399 52511
61 2 3 4935114 48481
61 2 4 4939994 48971
61 2 5 4935365 51201
62 2 1 5102828 50631
62 2 2 5125318 50091
62 2 3 5106108 49351
62 2 4 5094687 48551
62 2 5 5087487 49031
63 2 1 5231961 54251
63 2 2 5495425 51451
63 2 3 5283571 49041
63 2 4 5277161 50661
63 2 5 5280261 54141
64 2 1 5428324 60691
64 2 2 5461565 52741
64 2 3 5421324 52941
64 2 4 5410804 51581
64 2 5 5395423 67971
65 2 1 5558687 53042
65 2 2 5645118 53761
65 2 3 5574167 51171
65 2 4 5711329 49171
65 2 5 5569356 55281
66 2 1 5692180 56861
66 2 2 5719879 50611
66 2 3 5722280 53071
66 2 4 5703049 49221
66 2 5 5707659 48881
67 2 1 5865223 53061
67 2 2 5883923 53351
67 2 3 5863532 53891
67 2 4 5863852 50011
67 2 5 5850092 57671
68 2 1 6060736 52351
68 2 2 6041635 53291
68 2 3 6018386 52511
68 2 4 6011835 53231
68 2 5 6262490 57751
69 2 1 6278649 55551
69 2 2 6267090 53131
69 2 3 6418783 50301
69 2 4 6234769 54651
69 2 5 6215530 51321
70 2 1 7916862 57281
70 2 2 6426433 53371
70 2 3 6407392 51901
70 2 4 6378832 57681
70 2 5 6382093 54031
71 2 1 6729609 59661
71 2 2 6727608 61572
71 2 3 6653868 54241
71 2 4 6642577 56011
71 2 5 6637487 56441
72 2 1 6928852 59151
72 2 2 7186308 58451
72 2 3 7161297 58161
72 2 4 6985824 66402
72 2 5 6935783 59681
73 2 1 7162917 57211
73 2 2 7127996 55781
73 2 3 7150127 54691
73 2 4 7154447 55841
73 2 5 7146667 60701
74 2 1 7340641 63071
74 2 2 7365911 56851
74 2 3 7280899 56771
74 2 4 7301050 70912
74 2 5 7323129 60641
75 2 1 7724368 60861
75 2 2 7589296 56051
75 2 3 7657956 58701
75 2 4 7465894 56971
75 2 5 7472782 58861
76 2 1 7676587 57711
76 2 2 7651796 61372
76 2 3 7679298 59061
76 2 4 7633666 66091
76 2 5 8795449 61831
77 2 1 12821506 59931
77 2 2 8155546 59331
77 2 3 7833209 59421
77 2 4 7908612 60961
77 2 5 7851170 64721
78 2 1 8001793 62462
78 2 2 7977433 62641
78 2 3 8015934 57191
78 2 4 8010444 62421
78 2 5 8090154 60641
79 2 1 8225657 60451
79 2 2 8247567 62301
79 2 3 8205887 63221
79 2 4 8460082 69521
79 2 5 8331259 63931
80 2 1 8686347 63472
80 2 2 13762143 58611
80 2 3 8383910 57151
80 2 4 8422682 61001
80 2 5 8418890 61391
81 2 1 8558414 62631
81 2 2 9500453 64611
81 2 3 8656565 65121
81 2 4 8545754 59732
81 2 5 8604825 61871
82 2 1 9479120 58991
82 2 2 9693406 58111
82 2 3 9681935 12872176
82 2 4 35848985 19317110
82 2 5 41056836 12815235
83 2 1 36608860 91452
83 2 2 9785398 86701
83 2 3 10820268 63271
83 2 4 9379550 64901
83 2 5 9402919 68981
84 2 1 13662591 62501
84 2 2 9634965 68921
84 2 3 9606244 64891
84 2 4 9622734 67461
84 2 5 9635185 67322
85 2 1 10069413 66522
85 2 2 9866558 68161
85 2 3 10611303 64041
85 2 4 9809998 67421
85 2 5 9799077 69931
86 2 1 10005371 66401
86 2 2 10008962 93552
86 2 3 9997031 67521
86 2 4 10045632 69322
86 2 5 10000942 67972
87 2 1 10266036 68121
87 2 2 10375209 70632
87 2 3 10314227 67771
87 2 4 10279787 66192
87 2 5 10266547 66451
88 2 1 10436840 67642
88 2 2 42242579 71022
88 2 3 10528422 67631
88 2 4 46478419 95511
88 2 5 10724895 69361
89 2 1 10926950 69541
89 2 2 10620613 67781
89 2 3 14374895 251164
89 2 4 10691004 65801
89 2 5 10722165 69571
90 2 1 10844907 65941
90 2 2 10853618 68931
90 2 3 10866458 66112
90 2 4 11042121 88771
90 2 5 10881709 67061
91 2 1 11084962 67951
91 2 2 11088373 71682
91 2 3 11235915 65581
91 2 4 11063501 65482
91 2 5 11056212 67402
92 2 1 11227075 64251
92 2 2 11267296 66591
92 2 3 11216434 66672
92 2 4 11165673 66982
92 2 5 11080313 66401
93 2 1 49637550 87152
93 2 2 12757445 66971
93 2 3 11725425 69481
93 2 4 11479330 65641
93 2 5 11483599 70332
94 2 1 11729014 73822
94 2 2 11714914 82011
94 2 3 19008324 65961
94 2 4 11533650 66291
94 2 5 11570481 62961
95 2 1 11826286 65451
95 2 2 12742214 61031
95 2 3 11832056 60032
95 2 4 11744865 58641
95 2 5 11789516 60331
96 2 1 11910918 67262
96 2 2 11987640 65732
96 2 3 12786795 67132
96 2 4 13550010 66381
96 2 5 12419588 69021
97 2 1 12306336 62991
97 2 2 12290965 67981
97 2 3 12308185 67822
97 2 4 12275116 70001
97 2 5 12319715 67062
98 2 1 12825165 69991
98 2 2 13714952 65761
98 2 3 12565591 66591
98 2 4 12536050 64701
98 2 5 12453668 63481
99 2 1 12666743 65461
99 2 2 12783335 69672
99 2 3 12778965 73071
99 2 4 12890366 68222
99 2 5 12913026 69191
100 2 1 13026540 63791
100 2 2 12999739 90232
100 2 3 12913027 62662
100 2 4 12965368 66701
100 2 5 12946248 61961
101 2 1 13204513 67911
101 2 2 13383596 75551
101 2 3 13357466 72372
101 2 4 13250574 69682
101 2 5 44941201 91482
102 2 1 13839445 72062
102 2 2 13733383 70361
102 2 3 13563450 68472
102 2 4 13547399 74511
102 2 5 29486165 77282
103 2 1 13800404 76771
103 2 2 13737463 74091
103 2 3 13721922 72081
103 2 4 13738603 72552
103 2 5 13826705 64631
104 2 1 14076659 71941
104 2 2 14057949 85141
104 2 3 15173850 66251
104 2 4 19367180 68861
104 2 5 14116671 68401
105 2 1 14241562 67781
105 2 2 14271123 68482
105 2 3 14224552 65391
105 2 4 14409635 70962
105 2 5 21774207 66342
106 2 1 14511658 73321
106 2 2 14527949 68581
106 2 3 14579869 74821
106 2 4 14560768 69812
106 2 5 14467287 78102
107 2 1 15011848 74162
107 2 2 35878317 69361
107 2 3 14723492 69912
107 2 4 14714912 70491
107 2 5 14771763 69031
108 2 1 41110157 78012
108 2 2 15524966 70772
108 2 3 15208712 71851
108 2 4 15080249 72521
108 2 5 15026867 73561
109 2 1 15340814 79872
109 2 2 15298753 74631
109 2 3 15292932 73181
109 2 4 15541317 75401
109 2 5 15613829 86411
110 2 1 44740797 80582
110 2 2 19399552 77472
110 2 3 16166030 76341
110 2 4 15578958 70872
110 2 5 15563598 72571
111 2 1 16567487 77091
111 2 2 15849453 72191
111 2 3 15859523 77531
111 2 4 20777068 81432
111 2 5 16091167 75892
112 2 1 16248811 98172
112 2 2 16183769 89922
112 2 3 16279232 104732
112 2 4 16096438 90961
112 2 5 17451054 98032
113 2 1 16588077 92972
113 2 2 16358463 85842
113 2 3 16486565 89222
113 2 4 48270644 12883157
113 2 5 48079560 8298759
114 2 1 48166732 12836236
114 2 2 48123921 12701412
114 2 3 48232283 87862
114 2 4 24177243 88812
114 2 5 21270247 87902
115 2 1 17682198 87541
115 2 2 18198828 71952
115 2 3 17537386 86222
115 2 4 17609047 82422
115 2 5 17816391 83551
116 2 1 18129317 82301
116 2 2 21495192 82332
116 2 3 17931052 81232
116 2 4 17947743 77132
116 2 5 17940293 77712
117 2 1 49939656 86092
117 2 2 18242480 77401
117 2 3 18141687 79121
117 2 4 18186638 86982
117 2 5 18213779 84961
118 2 1 22256116 86002
118 2 2 53540575 84522
118 2 3 18464643 78592
118 2 4 24983748 81562
118 2 5 18627306 97602
119 2 1 19275240 84451
119 2 2 44029203 1306085
119 2 3 19771738 83141
119 2 4 19429962 79171
119 2 5 19178977 81292
120 2 1 24805845 76672
120 2 2 19055345 80172
120 2 3 19229897 82922
120 2 4 19227388 81042
120 2 5 19664726 80331
121 2 1 19326940 82132
121 2 2 19320320 82991
121 2 3 19369960 83002
121 2 4 19671677 94272
121 2 5 21814527 84021
122 2 1 19690327 92232
122 2 2 19753248 85782
122 2 3 19656896 89832
122 2 4 19880041 93732
122 2 5 19903310 87732
123 2 1 20014684 83521
123 2 2 20050024 86291
123 2 3 19980012 87422
123 2 4 20186746 91792
123 2 5 20127785 94231
124 2 1 29494565 374277
124 2 2 36154032 80411
124 2 3 20254647 81842
124 2 4 34502050 106162
124 2 5 26226202 74591
125 2 1 27446755 99612
125 2 2 22752606 86632
125 2 3 20498823 91701
125 2 4 20612805 83111
125 2 5 20590534 85362
126 2 1 21328908 91672
126 2 2 21055832 87481
126 2 3 21336489 81242
126 2 4 20850319 86101
126 2 5 20896671 86351
127 2 1 21398929 86422
127 2 2 34267286 84312
127 2 3 47947698 12850706
127 2 4 55792948 12892766
127 2 5 59258284 12795464
128 2 1 50109930 12866706
128 2 2 31531233 96781
128 2 3 21523952 86062
128 2 4 25563449 77772
128 2 5 21356678 76381
129 2 1 21627373 77091
129 2 2 21701205 84382
129 2 3 21942311 81381
129 2 4 54431691 84512
129 2 5 23197464 81802
130 2 1 22249116 129192
130 2 2 22157804 82061
130 2 3 21966650 85121
130 2 4 34987089 94362
130 2 5 22336728 127142
131 2 1 22600533 88732
131 2 2 22313507 93341
131 2 3 22395229 89331
131 2 4 23028010 95252
131 2 5 22705394 93152
132 2 1 22879848 98842
132 2 2 22755645 94412
132 2 3 22847987 87952
132 2 4 22680374 90922
132 2 5 22968549 86582
133 2 1 26618930 86971
133 2 2 22984520 85312
133 2 3 23023470 297845
133 2 4 22995360 87452
133 2 5 23265806 87341
134 2 1 23561971 82161
134 2 2 23346837 102322
134 2 3 23248534 88382
134 2 4 23357737 86872
134 2 5 55510073 12963578
135 2 1 42992922 98611
135 2 2 30240799 101012
135 2 3 23597592 89432
135 2 4 23515769 87952
135 2 5 51566657 12922728
136 2 1 50096409 19277358
136 2 2 57031642 6492094
136 2 3 55392620 12830476
136 2 4 55599024 8471112
136 2 5 55415191 8213148
137 2 1 61958136 12987109
137 2 2 55798229 91222
137 2 3 24154033 74302
137 2 4 24169842 84171
137 2 5 24368786 84602
138 2 1 24701573 83851
138 2 2 24550160 80732
138 2 3 24569860 82642
138 2 4 24585490 99432
138 2 5 60019099 18315100
139 2 1 46962439 12800815
139 2 2 56377359 12905227
139 2 3 60842814 12902308
139 2 4 56310808 12979078
139 2 5 56101103 12834425
140 2 1 50435026 12783115
140 2 2 55658795 12859095
140 2 3 53824990 12840316
140 2 4 40034665 83472
140 2 5 25108021 84772
141 2 1 25465348 84922
141 2 2 26008438 82581
141 2 3 25588310 86392
141 2 4 25577059 92602
141 2 5 25843365 90122
142 2 1 46964919 2909916
142 2 2 26006307 98492
142 2 3 65057145 6552536
142 2 4 57609792 12831366
142 2 5 55838359 12844925
143 2 1 57926259 12892517
143 2 2 57981780 12891086
143 2 3 57694025 12899977
143 2 4 51641218 12805025
143 2 5 56945250 93782
144 2 1 26541018 85002
144 2 2 26598640 87172
144 2 3 26987947 83561
144 2 4 26511557 86332
144 2 5 27123239 86381
145 2 1 27121019 92082
145 2 2 27156970 103152
145 2 3 27396945 92582
145 2 4 26983356 89102
145 2 5 26955776 93552
146 2 1 27471026 94962
146 2 2 27629609 93421
146 2 3 27286572 93472
146 2 4 27312782 91462
146 2 5 27647449 100831
147 2 1 57719515 98762
147 2 2 27658689 118963
147 2 3 27773932 101652
147 2 4 27863783 99032
147 2 5 27684600 98752
148 2 1 28019716 99132
148 2 2 28178869 98752
148 2 3 28232560 96692
148 2 4 28041857 93991
148 2 5 57167694 9200125
149 2 1 60055399 8115515
149 2 2 28302231 88862
149 2 3 28445045 96911
149 2 4 28494235 93112
149 2 5 28290451 90352
150 2 1 28691499 93382
150 2 2 28927604 96181
150 2 3 28896983 93741
150 2 4 28720099 105192
150 2 5 29315121 97422
151 2 1 29319771 94182
151 2 2 29790540 96892
151 2 3 62492047 99522
151 2 4 30152717 115332
151 2 5 29376362 98862
152 2 1 29491114 100202
152 2 2 29484574 111702
152 2 3 29749249 111982
152 2 4 29721918 102722
152 2 5 29534126 103282
153 2 1 29780660 104572
153 2 2 30146878 120962
153 2 3 30035305 104402
153 2 4 29808561 107502
153 2 5 29871701 102182
154 2 1 30512574 114573
154 2 2 30422362 101822
154 2 3 38222401 113433
154 2 4 32401210 163083
154 2 5 32102624 94842
155 2 1 30845221 98021
155 2 2 30617946 98752
155 2 3 30735668 107122
155 2 4 30768049 92542
155 2 5 30604286 113863
156 2 1 37273303 103602
156 2 2 33269637 103272
156 2 3 30939082 98162
156 2 4 31016223 99172
156 2 5 31274419 105882
157 2 1 31542284 112152
157 2 2 31234588 108162
157 2 3 31352120 114682
157 2 4 31557865 102891
157 2 5 69083032 1982068
158 2 1 62835272 12858197
158 2 2 57511670 6466004
158 2 3 61893474 12880506
158 2 4 62873034 12959758
158 2 5 62650999 94632
159 2 1 31856349 122403
159 2 2 31944431 136713
159 2 3 31852940 128482
159 2 4 31868580 130472
159 2 5 32203726 135623
160 2 1 32536662 147543
160 2 2 32273448 136713
160 2 3 49821604 142363
160 2 4 66621045 141193
160 2 5 33583012 135463
161 2 1 60194742 9450371
161 2 2 59350866 8282959
161 2 3 62479315 12859256
161 2 4 63859533 12871656
161 2 5 63241990 8202586
162 2 1 64194609 12813085
162 2 2 64537896 12809786
162 2 3 62421064 12893347
162 2 4 46687893 133262
162 2 5 33039772 134692
163 2 1 34129973 84712
163 2 2 35160203 89802
163 2 3 34050822 90571
163 2 4 34406218 129512
163 2 5 45029311 110163
164 2 1 34889459 104692
164 2 2 34796046 93162
164 2 3 35084531 105022
164 2 4 35013460 98422
164 2 5 37029549 2602440
165 2 1 35536800 105772
165 2 2 35547231 94231
165 2 3 35723284 108352
165 2 4 36493479 106402
165 2 5 35241404 99602
166 2 1 35717433 104082
166 2 2 35902487 103772
166 2 3 40713459 101982
166 2 4 35714264 92992
166 2 5 36583780 102562
167 2 1 36186912 99531
167 2 2 35983839 99182
167 2 3 36124010 99872
167 2 4 36206863 112312
167 2 5 72792783 121203
168 2 1 37181372 115472
168 2 2 37680811 101052
168 2 3 36393236 99622
168 2 4 36593240 117852
168 2 5 36660092 115962
169 2 1 70782544 106413
169 2 2 36749494 116412
169 2 3 36869345 100832
169 2 4 36678322 102652
169 2 5 36981128 111312
170 2 1 37415716 108962
170 2 2 37235982 115092
170 2 3 37381466 149283
170 2 4 37521269 119542
170 2 5 37280173 113082
171 2 1 37796234 109122
171 2 2 38179850 109072
171 2 3 37588700 118782
171 2 4 41359991 123512
171 2 5 37800612 134572
172 2 1 37978947 110593
172 2 2 38332914 129793
172 2 3 46413518 108532
172 2 4 37960116 118793
172 2 5 38046149 125892
173 2 1 38501557 113842
173 2 2 39886213 116303
173 2 3 38802013 123713
173 2 4 38570349 112903
173 2 5 38320453 116572
174 2 1 39072648 111162
174 2 2 39051977 105442
174 2 3 39377313 116752
174 2 4 38999486 111012
174 2 5 40414533 118493
175 2 1 39415275 129103
175 2 2 40696919 115372
175 2 3 39416454 114972
175 2 4 45972940 112722
175 2 5 39390444 122953
176 2 1 62443375 135112
176 2 2 39993426 126082
176 2 3 39557798 115932
176 2 4 68025542 125232
176 2 5 70403168 129642
177 2 1 64993853 12817425
177 2 2 67358298 120963
177 2 3 40125228 114892
177 2 4 39786452 101741
177 2 5 39877113 112152
178 2 1 78618755 6496635
178 2 2 76203008 12841166
178 2 3 77644536 12839175
178 2 4 71096781 12900017
178 2 5 71994908 12883197
179 2 1 78463372 12362717
179 2 2 72020098 19415861
179 2 3 78445202 2781103
179 2 4 43049964 102872
179 2 5 40870343 104132
180 2 1 72301453 118303
180 2 2 41242819 110773
180 2 3 41289540 118462
180 2 4 41495494 112963
180 2 5 41283780 111952
181 2 1 42070405 119842
181 2 2 43153046 112162
181 2 3 41813810 119203
181 2 4 41835270 113362
181 2 5 76500394 71311
182 2 1 72944276 12862326
182 2 2 73380684 12930948
182 2 3 73292912 12867936
182 2 4 73433685 12846466
182 2 5 69191474 12872656
183 2 1 68623513 12817065
183 2 2 73580108 12899837
183 2 3 74519596 12789305
183 2 4 42833900 114403
183 2 5 42633146 142762
184 2 1 63908154 120152
184 2 2 42936052 326236
184 2 3 43320989 117922
184 2 4 43064993 156123
184 2 5 43171706 142302
185 2 1 43401360 118792
185 2 2 55781897 121993
185 2 3 43696046 115592
185 2 4 43817228 119162
185 2 5 43459382 115792
186 2 1 43941061 125703
186 2 2 44165985 119082
186 2 3 73801222 123502
186 2 4 44361159 125643
186 2 5 44195736 132083
187 2 1 44177585 119402
187 2 2 44497472 114332
187 2 3 44556973 121743
187 2 4 44230076 116342
187 2 5 44618674 128052
188 2 1 44886400 123802
188 2 2 47185473 317066
188 2 3 61064309 179923
188 2 4 44922670 137163
188 2 5 45052492 127102
189 2 1 45336608 130493
189 2 2 45662023 133642
189 2 3 45435520 124152
189 2 4 45586033 129883
189 2 5 45576343 385078
190 2 1 45746436 156793
190 2 2 45833167 126943
190 2 3 83219093 2205443
190 2 4 62866293 132933
190 2 5 45528761 133123
191 2 1 46268066 130163
191 2 2 55149866 145423
191 2 3 47205513 154013
191 2 4 46363187 129133
191 2 5 46338167 135303
192 2 1 46802515 139932
192 2 2 46950259 123732
192 2 3 46799116 336167
192 2 4 46994189 129753
192 2 5 47213153 119282
193 2 1 50966835 123962
193 2 2 47306556 129743
193 2 3 54147726 322636
193 2 4 47073871 134303
193 2 5 47074201 129262
194 2 1 47791494 120362
194 2 2 47765315 131602
194 2 3 47802705 133123
194 2 4 47530589 113782
194 2 5 47870045 324037
195 2 1 48235373 128472
195 2 2 48425077 126993
195 2 3 48580900 136792
195 2 4 48225493 127762
195 2 5 75502515 121112
196 2 1 48749603 133563
196 2 2 48773793 331546
196 2 3 81274185 124813
196 2 4 48512618 317897
196 2 5 48638170 122142
197 2 1 49087930 126953
197 2 2 60055830 136043
197 2 3 49287623 128382
197 2 4 49259293 126603
197 2 5 48939076 122872
198 2 1 49482888 123963
198 2 2 49876964 120192
198 2 3 49413246 332296
198 2 4 51879303 124113
198 2 5 76451573 123702
199 2 1 50253062 120372
199 2 2 49870624 127932
199 2 3 62589787 128133
199 2 4 57465439 129493
199 2 5 50038707 135073
200 2 1 50369884 134302
200 2 2 50565517 121122
200 2 3 50640910 127643
200 2 4 50857843 124803
200 2 5 84147150 12891847
1 3 1 16229611 788755
1 3 2 1174692 42951
1 3 3 123103 40431
1 3 4 120003 41061
1 3 5 117043 40061
2 3 1 144293 41341
2 3 2 136023 41331
2 3 3 132872 41451
2 3 4 139873 40711
2 3 5 142943 40531
3 3 1 176923 41751
3 3 2 178283 43051
3 3 3 168103 40811
3 3 4 178143 41491
3 3 5 168293 41440
4 3 1 256565 42481
4 3 2 248824 43431
4 3 3 254225 41531
4 3 4 247125 41390
4 3 5 239384 41460
5 3 1 347977 44771
5 3 2 368067 43511
5 3 3 359867 42561
5 3 4 360717 43761
5 3 5 362147 43121
6 3 1 571141 47600
6 3 2 526920 45020
6 3 3 517280 44311
6 3 4 518840 47211
6 3 5 523540 45071
7 3 1 806856 45401
7 3 2 760425 43511
7 3 3 757044 44950
7 3 4 762054 45661
7 3 5 745724 42410
8 3 1 1099781 48281
8 3 2 1144981 54071
8 3 3 1103321 51381
8 3 4 1109851 46581
8 3 5 1130732 51101
9 3 1 1558050 57891
9 3 2 1549400 46821
9 3 3 1490999 45681
9 3 4 1473968 56391
9 3 5 1491908 45431
10 3 1 1901026 62092
10 3 2 2080079 57631
10 3 3 2027859 47551
10 3 4 2081320 50321
10 3 5 2006528 47601
11 3 1 2710962 51280
11 3 2 2610830 52201
11 3 3 2603889 48301
11 3 4 2583740 62081
11 3 5 2627850 60301
12 3 1 3249222 64691
12 3 2 3502037 59431
12 3 3 3450076 56091
12 3 4 3409795 56311
12 3 5 3398265 54961
13 3 1 4177170 59671
13 3 2 4485496 58081
13 3 3 4448185 54071
13 3 4 4388733 55941
13 3 5 4393634 53561
14 3 1 5577477 63822
14 3 2 5335372 64371
14 3 3 5279022 62172
14 3 4 5249250 67061
14 3 5 5192769 57681
15 3 1 6229420 68811
15 3 2 6827000 74211
15 3 3 8015254 67291
15 3 4 6508295 61521
15 3 5 6492955 61312
16 3 1 7759608 66511
16 3 2 8221998 63151
16 3 3 8057734 64132
16 3 4 8145996 68251
16 3 5 33990291 66612
17 3 1 9751777 78631
17 3 2 10999860 74461
17 3 3 9786297 75401
17 3 4 9844097 76871
17 3 5 41643787 8388870
18 3 1 38270403 19321700
18 3 2 43181685 12845846
18 3 3 42955502 12891547
18 3 4 42607196 12884936
18 3 5 43120735 13048539
19 3 1 44493602 12938728
19 3 2 45094163 82282
19 3 3 13105071 68972
19 3 4 13014379 67962
19 3 5 12821745 68702
20 3 1 14461357 70801
20 3 2 14900276 70302
20 3 3 14876114 70891
20 3 4 14899785 68452
20 3 5 14898525 71011
21 3 1 17223080 85122
21 3 2 17899922 86682
21 3 3 18033665 86741
21 3 4 44045353 91851
21 3 5 18075106 94141
22 3 1 21211746 87822
22 3 2 19354850 91952
22 3 3 46076622 19254598
22 3 4 48067929 12903357
22 3 5 48036679 88702
23 3 1 21735376 82181
23 3 2 22107833 81962
23 3 3 21816688 84462
23 3 4 21850058 83951
23 3 5 21888709 85751
24 3 1 24822366 94662
24 3 2 25485408 92572
24 3 3 25185181 100642
24 3 4 58177293 12847256
24 3 5 25650850 98562
25 3 1 28281852 99842
25 3 2 28598428 98992
25 3 3 28561937 99222
25 3 4 28982575 106632
25 3 5 48149611 134012
26 3 1 31973971 109362
26 3 2 34118874 113893
26 3 3 33871248 108102
26 3 4 33397159 107442
26 3 5 41516495 112232
27 3 1 38522008 119962
27 3 2 33982400 121192
27 3 3 37521857 131412
27 3 4 34283066 120782
27 3 5 33970240 137602
28 3 1 37777973 134663
28 3 2 37602959 141673
28 3 3 37474378 128802
28 3 4 60953516 127953
28 3 5 37713051 133602
29 3 1 41219979 138543
29 3 2 41363152 140433
29 3 3 45621073 143523
29 3 4 41710739 133402
29 3 5 41633757 137803
30 3 1 45742586 351917
30 3 2 45523011 143673
30 3 3 45485050 145892
30 3 4 45858747 138923
30 3 5 49399955 140883
31 3 1 49765902 156103
31 3 2 50169040 148653
31 3 3 50013776 141923
31 3 4 50990316 166543
31 3 5 80603162 1968088
32 3 1 54653076 145882
32 3 2 54542034 149023
32 3 3 89669216 182123
32 3 4 54538014 161693
32 3 5 54879131 379067
33 3 1 59723033 169063
33 3 2 59602750 166224
33 3 3 61231972 167783
33 3 4 60419476 165133
33 3 5 64760129 157333
34 3 1 75575726 195774
34 3 2 69997779 149693
34 3 3 66023164 173344
34 3 4 67131025 160713
34 3 5 73616619 175813
35 3 1 79421640 381487
35 3 2 74183359 183833
35 3 3 107580429 181444
35 3 4 72644571 169593
35 3 5 72274873 188973
36 3 1 111282299 186914
36 3 2 79087973 199804
36 3 3 78262858 183944
36 3 4 78543393 181803
36 3 5 78192187 179483
37 3 1 92962269 195654
37 3 2 120837612 6529626
37 3 3 110062655 712904
37 3 4 114668454 19243348
37 3 5 111396213 13025199
38 3 1 122113657 13023200
38 3 2 122601085 12991839
38 3 3 124013013 13035649
38 3 4 123623696 13013719
38 3 5 123852019 12957488
39 3 1 130588139 12906147
39 3 2 130552619 13058590
39 3 3 129507898 13044330
39 3 4 130375475 7298040
39 3 5 99865241 226414
40 3 1 107002848 217004
40 3 2 107388075 231515
40 3 3 139041491 235915
40 3 4 107351474 226445
40 3 5 107828343 231455
41 3 1 115290896 230564
41 3 2 120010176 241114
41 3 3 114999000 238705
41 3 4 115170093 239085
41 3 5 115243486 247234
42 3 1 121208869 364457
42 3 2 120934034 370047
42 3 3 121726790 342797
42 3 4 122303310 345366
42 3 5 121990824 469838
43 3 1 167773071 283666
43 3 2 143109778 246835
43 3 3 134742239 244854
43 3 4 134434433 258065
43 3 5 134304400 264695
44 3 1 141234352 253325
44 3 2 142022578 269835
44 3 3 142234701 254255
44 3 4 141678161 256645
44 3 5 142493676 269085
45 3 1 149827137 292385
45 3 2 185648252 4294033
45 3 3 155917984 283915
45 3 4 148362229 278066
45 3 5 146657806 313226
46 3 1 157515334 307885
46 3 2 156909073 305796
46 3 3 157166177 286025
46 3 4 176586519 12919778
46 3 5 198771093 12381647
47 3 1 194025923 340406
47 3 2 169444432 126073
47 3 3 164934326 318836
47 3 4 165449476 135332
47 3 5 164225952 321467
48 3 1 173488779 142173
48 3 2 172927649 144503
48 3 3 174413717 501139
48 3 4 206272867 325916
48 3 5 216671956 13098020
49 3 1 227817059 12873257
49 3 2 228164256 12873826
49 3 3 224350223 12889516
49 3 4 224203970 12890637
49 3 5 228201026 411608
50 3 1 199074899 350837
50 3 2 192368630 221535
50 3 3 192495444 151503
50 3 4 192577465 158073
50 3 5 191930573 153313
51 3 1 200935735 336637
51 3 2 199855085 152723
51 3 3 202125548 153993
51 3 4 202903192 156133
51 3 5 200732641 151713
52 3 1 212002557 339837
52 3 2 212415144 159893
52 3 3 219857367 338946
52 3 4 227836680 177243
52 3 5 219341817 162693
53 3 1 223595938 239905
53 3 2 226029405 345086
53 3 3 225447793 292755
53 3 4 223641269 337946
53 3 5 227868230 297686
54 3 1 243974528 225205
54 3 2 252652315 219214
54 3 3 251293898 193214
54 3 4 252281237 211214
54 3 5 256096290 177554
55 3 1 264217345 232874
55 3 2 268254033 184203
55 3 3 271953364 251015
55 3 4 271165798 1043700
55 3 5 275160215 228404
56 3 1 279535958 228315
56 3 2 281004557 236705
56 3 3 281283052 192524
56 3 4 295692838 271445
56 3 5 290406716 185483
57 3 1 296559394 181894
57 3 2 296006913 238285
57 3 3 296233478 171593
57 3 4 305338132 199274
57 3 5 295629266 202954
58 3 1 306762390 210534
58 3 2 311926299 265715
58 3 3 312709033 225454
58 3 4 311178413 220134
58 3 5 315237941 276166
59 3 1 324110552 182334
59 3 2 322055232 188943
59 3 3 321998531 259985
59 3 4 317616557 276605
59 3 5 319842129 258355
60 3 1 333073493 203664
60 3 2 340936384 198294
60 3 3 340041656 251255
60 3 4 339769381 222164
60 3 5 340941763 180513
61 3 1 365163607 242645
61 3 2 367128654 245955
61 3 3 355763168 191834
61 3 4 357934498 196814
61 3 5 354925792 253674
62 3 1 367770526 236294
62 3 2 383991846 235045
62 3 3 379349329 272535
62 3 4 378168055 264305
62 3 5 379030432 211134
63 3 1 406642131 217404
63 3 2 402590622 12988669
63 3 3 453251552 199384
63 3 4 396595718 244265
63 3 5 390021142 262475
64 3 1 412254038 330956
64 3 2 424878129 351627
64 3 3 450570841 336436
64 3 4 437039632 251835
64 3 5 422586035 210994
65 3 1 435297079 328216
65 3 2 444783050 253735
65 3 3 435366469 292816
65 3 4 442460076 224455
65 3 5 443361793 237944
66 3 1 458912970 252955
66 3 2 438695903 265505
66 3 3 460430479 257965
66 3 4 455300211 256115
66 3 5 452965896 344457
67 3 1 474279374 317076
67 3 2 425407719 314666
67 3 3 426247525 307966
67 3 4 428909515 338926
67 3 5 427322905 363156
68 3 1 447903989 347876
68 3 2 461278405 1010550
68 3 3 471436940 1084490
68 3 4 460542720 580861
68 3 5 448071552 434778
69 3 1 485265884 397947
69 3 2 499193160 419358
69 3 3 476789332 1080750
69 3 4 473493479 382407
69 3 5 487873464 13009339
70 3 1 505755586 329196
70 3 2 483579772 304046
70 3 3 516673894 6570085
70 3 4 528200516 332426
70 3 5 500797991 245535
71 3 1 505135433 280055
71 3 2 506723063 298765
71 3 3 511354913 19830129
71 3 4 542895046 13145791
71 3 5 551334618 12983268
72 3 1 567095039 4103649
72 3 2 540095692 182243
72 3 3 518909157 353917
72 3 4 527096694 302546
72 3 5 524214778 437548
73 3 1 543905175 468409
73 3 2 574566102 326696
73 3 3 554742232 442328
73 3 4 551553041 386527
73 3 5 547900622 337797
74 3 1 568844962 383448
74 3 2 596891779 265865
74 3 3 574780205 294516
74 3 4 570190767 414008
74 3 5 569410652 297606
75 3 1 623080250 326126
75 3 2 628985962 561410
75 3 3 592182548 513560
75 3 4 596071982 378258
75 3 5 593346761 443388
76 3 1 617327970 379897
76 3 2 646814203 431958
76 3 3 611780683 378068
76 3 4 612779782 404708
76 3 5 613917814 390797
77 3 1 631598361 425949
77 3 2 660259360 349737
77 3 3 629105954 397117
77 3 4 636774480 382737
77 3 5 634779553 360037
78 3 1 693245480 521300
78 3 2 708210148 347566
78 3 3 642957979 292655
78 3 4 653522581 438028
78 3 5 673457353 583021
79 3 1 672170278 428439
79 3 2 718358441 408128
79 3 3 680256932 519420
79 3 4 680659359 647332
79 3 5 681125749 487709
80 3 1 697142345 720194
80 3 2 762487156 553051
80 3 3 702903154 437378
80 3 4 721978180 544931
80 3 5 712798025 466259
81 3 1 739718179 13229013
81 3 2 806825622 405038
81 3 3 732358069 418038
81 3 4 726450596 547231
81 3 5 722644012 430778
82 3 1 752602066 690313
82 3 2 812980070 323886
82 3 3 748793363 430648
82 3 4 754327318 692283
82 3 5 757371407 442249
83 3 1 774707618 557321
83 3 2 837417107 495139
83 3 3 777315947 683373
83 3 4 775200277 435978
83 3 5 797060616 9536723
84 3 1 838803364 13290835
84 3 2 902654045 518410
84 3 3 815640290 503779
84 3 4 806216300 754255
84 3 5 802067110 384377
85 3 1 857352387 565621
85 3 2 918629620 596742
85 3 3 909514025 529700
85 3 4 911767349 518390
85 3 5 912562454 501480
86 3 1 962935337 13169261
86 3 2 970293677 6623406
86 3 3 974455258 13056519
86 3 4 951620070 528790
86 3 5 931880053 596531
87 3 1 995080951 623132
87 3 2 959879858 724184
87 3 3 957797569 628152
87 3 4 962423166 688053
87 3 5 959291397 680533
88 3 1 1013014435 592231
88 3 2 1007457437 629762
88 3 3 1002693456 836396
88 3 4 991440201 683633
88 3 5 997518398 537480
89 3 1 1028601032 645582
89 3 2 1014626034 1000829
89 3 3 1019727672 1022559
89 3 4 1040258404 859266
89 3 5 1027870437 629982
90 3 1 1077302823 3917875
90 3 2 1080192558 590222
90 3 3 1107341257 13185591
90 3 4 1082832629 9157285
90 3 5 1094027662 6766859
91 3 1 1124321071 6750889
91 3 2 1124188979 13190403
91 3 3 1122503807 19514344
91 3 4 1112570036 13029470
91 3 5 1122305412 3015668
92 3 1 1159742588 13096001
92 3 2 1161149554 13342405
92 3 3 1158372381 854206
92 3 4 1128618522 587262
92 3 5 1136868150 731274
93 3 1 1163314885 783745
93 3 2 1161784617 778294
93 3 3 1160249807 992269
93 3 4 1164995248 626602
93 3 5 1205988271 13419157
94 3 1 1216174375 482779
94 3 2 1204904000 607852
94 3 3 1200000977 651823
94 3 4 1204048284 556771
94 3 5 1225701888 557971
95 3 1 1230686733 668523
95 3 2 1242592140 546671
95 3 3 1259011895 595921
95 3 4 1218285946 828085
95 3 5 1238233407 569381
96 3 1 1293863400 800445
96 3 2 1271988792 722484
96 3 3 1278306103 801445
96 3 4 1278959875 748844
96 3 5 1278652759 707714
97 3 1 1320886696 749675
97 3 2 1357336973 910218
97 3 3 1314577115 773085
97 3 4 1313527205 1271675
97 3 5 1327675886 788275
98 3 1 1347237540 901138
98 3 2 1324837511 622172
98 3 3 1372926220 777434
98 3 4 1355423895 928228
98 3 5 1350407450 669883
99 3 1 1388354194 750484
99 3 2 1360276857 762535
99 3 3 1379400983 699234
99 3 4 1377420186 595941
99 3 5 1376845435 834466
100 3 1 1415113906 593711
100 3 2 1419248055 555011
100 3 3 1417496461 694603
100 3 4 1414421492 625182
100 3 5 1412625348 1552330
101 3 1 1457135608 667873
101 3 2 1463279225 616632
101 3 3 1468609708 652563
101 3 4 1437502692 635622
101 3 5 1461069814 646622
102 3 1 1499495736 726204
102 3 2 1492060916 711394
102 3 3 1495297506 682223
102 3 4 1507982420 762075
102 3 5 1489582247 712723
103 3 1 1546120729 766835
103 3 2 1535570676 788515
103 3 3 1529743935 787755
103 3 4 1529738594 847426
103 3 5 1565258153 786705
104 3 1 1576171223 851216
104 3 2 1516599543 1028590
104 3 3 1523639228 1125691
104 3 4 1513124306 13254233
104 3 5 1531638949 13850825
105 3 1 1574163612 13183142
105 3 2 1571235626 716844
105 3 3 1584216735 13689681
105 3 4 1568890951 13546388
105 3 5 1545633876 880637
106 3 1 1574889275 1017120
106 3 2 1584060350 1077590
106 3 3 1575119809 1321105
106 3 4 1568470633 925498
106 3 5 1574296104 1235084
107 3 1 1637898179 1350366
107 3 2 1659466871 970698
107 3 3 1656753479 1029490
107 3 4 1657145456 1441017
107 3 5 1664738061 831736
108 3 1 1699405024 860376
108 3 2 1703444511 881996
108 3 3 1701244708 960259
108 3 4 1705311915 868877
108 3 5 1705408368 1032570
109 3 1 1748460551 1086300
109 3 2 1763357844 847406
109 3 3 1757819648 1021310
109 3 4 1749850787 1027269
109 3 5 1741696490 1181043
110 3 1 1797210921 1300655
110 3 2 1809540247 1275554
110 3 3 1804386778 8077034
110 3 4 1810029945 984189
110 3 5 1789547184 1343016
111 3 1 1844307750 966638
111 3 2 1836458729 1022140
111 3 3 1852671990 1460408
111 3 4 1850873214 1277154
111 3 5 1842411973 1427077
112 3 1 1889189517 1174092
112 3 2 1891416800 1053050
112 3 3 1887932502 1178253
112 3 4 1894763003 1017010
112 3 5 1895961465 1106281
113 3 1 1959174023 13630411
113 3 2 2002462860 13249383
113 3 3 1972973867 817706
113 3 4 1948630431 961839
113 3 5 1955117946 1045739
114 3 1 1992436258 1190042
114 3 2 2000056584 1200712
114 3 3 1993269793 985508
114 3 4 1989737845 1019239
114 3 5 1986083435 1233463
115 3 1 2043119886 1090021
115 3 2 2067705835 1429337
115 3 3 2047792474 1514829
115 3 4 2044480161 1042890
115 3 5 2051837961 1138512
116 3 1 2089027981 1304985
116 3 2 2098650995 1085221
116 3 3 2099053602 1388577
116 3 4 2098019793 1212193
116 3 5 2105443554 1498489
117 3 1 2161320731 1289205
117 3 2 2163024804 1238054
117 3 3 2152887769 1039850
117 3 4 2133284865 1213264
117 3 5 2150866530 1256874
118 3 1 2205665177 1266605
118 3 2 2211587210 1843215
118 3 3 2208026142 1342006
118 3 4 2207927130 1315595
118 3 5 2207484931 1645832
119 3 1 2274641454 1461498
119 3 2 2261584314 1132721
119 3 3 2251951790 1749734
119 3 4 2272767558 1458258
119 3 5 2267304222 1337205
120 3 1 2302698399 1182603
120 3 2 2310830274 1148902
120 3 3 2320343486 5584607
120 3 4 2316710906 1375487
120 3 5 2315296389 1401346
121 3 1 2363640602 1637631
121 3 2 2378443524 1342885
121 3 3 2351711465 1748844
121 3 4 2373692084 1247654
121 3 5 2356818720 1587020
122 3 1 2456991604 1648572
122 3 2 2443572247 981989
122 3 3 2428512820 1132111
122 3 4 2431161410 1344855
122 3 5 2428351126 1493128
123 3 1 2474722241 1504759
123 3 2 2486441035 1593811
123 3 3 2500092116 1346596
123 3 4 2491561572 1416647
123 3 5 2478429581 1547070
124 3 1 2565242739 1504578
124 3 2 2543890621 1555930
124 3 3 2526882556 1909486
124 3 4 2497824071 1541780
124 3 5 2551063337 7044955
125 3 1 2626139351 13759853
125 3 2 2600682734 1034539
125 3 3 2610015732 1468328
125 3 4 2605706550 1331925
125 3 5 2601586221 1661691
126 3 1 2669391846 1685662
126 3 2 2656188623 1711183
126 3 3 2655740364 1506919
126 3 4 2656329154 1447047
126 3 5 2655156073 1539350
127 3 1 2731297236 1499839
127 3 2 2703823451 1455368
127 3 3 2710175482 1998598
127 3 4 2737205349 1516069
127 3 5 2723644659 1632631
128 3 1 2775705743 1504049
128 3 2 2781348820 1579680
128 3 3 2788272423 1421417
128 3 4 2777232892 1377347
128 3 5 2773167013 1765744
129 3 1 2840836446 1869886
129 3 2 2858967412 20588874
129 3 3 2874099690 7367971
129 3 4 2795377085 1198183
129 3 5 2830931806 1682002
130 3 1 2899553715 1955168
130 3 2 2907731161 2054980
130 3 3 2915070081 7841420
130 3 4 2939865724 1072051
130 3 5 2950218382 13541729
131 3 1 3001948209 13570199
131 3 2 3015806944 13571720
131 3 3 2933948480 1366556
131 3 4 2971729061 8251118
131 3 5 3025013158 14030899
132 3 1 3065171045 7238378
132 3 2 3079264504 13439147
132 3 3 3093470805 12991088
132 3 4 3098031543 2156791
132 3 5 3065000810 1723163
133 3 1 3105827541 1826995
133 3 2 3122821534 2039379
133 3 3 3112589779 2156541
133 3 4 3107932419 2245063
133 3 5 3112340283 13476437
134 3 1 3203646437 1659302
134 3 2 3193242137 2004978
134 3 3 3163426207 2438966
134 3 4 3164312174 2151401
134 3 5 3177161189 2009938
135 3 1 3286856034 1887446
135 3 2 3302145006 1896506
135 3 3 3293171143 2255933
135 3 4 3295265384 1995158
135 3 5 3275911673 1891286
136 3 1 3365098227 2565759
136 3 2 3363573888 2663921
136 3 3 3359381796 2317404
136 3 4 3366323589 2221273
136 3 5 3352147498 2088030
137 3 1 3426260572 2211143
137 3 2 3437654379 2028809
137 3 3 3446753327 2493897
137 3 4 3442759498 2133809
137 3 5 3444876290 1875404
138 3 1 3504306281 2419215
138 3 2 3522786285 2104239
138 3 3 3518303984 2208901
138 3 4 3508960633 2075498
138 3 5 3494299315 2165020
139 3 1 3574313658 2312953
139 3 2 3572921774 2116569
139 3 3 3606083251 2144279
139 3 4 3594952917 2582708
139 3 5 3599346862 2226951
140 3 1 3681376244 2225701
140 3 2 3668557389 2405925
140 3 3 3673740377 2140089
140 3 4 3661285149 2160250
140 3 5 3601695184 2226652
141 3 1 3701696362 1992757
141 3 2 3712044736 2311583
141 3 3 3740031738 2458006
141 3 4 3762500897 2239202
141 3 5 3731206759 2312253
142 3 1 3809275641 2061058
142 3 2 3815471349 2117100
142 3 3 3815199027 2008157
142 3 4 3827785222 1992097
142 3 5 3807209373 2117599
143 3 1 3874776782 2319453
143 3 2 3881206703 2143340
143 3 3 3879544023 2168861
143 3 4 3906812494 2418855
143 3 5 3892151503 2308283
144 3 1 3931299044 2824382
144 3 2 3942228470 2560457
144 3 3 3959772058 2760982
144 3 4 3990136196 2416204
144 3 5 3946775201 2426345
145 3 1 4042018237 2279382
145 3 2 4052646618 2352614
145 3 3 4027758156 2242102
145 3 4 4044472420 2142790
145 3 5 4011193142 2077139
146 3 1 4128910577 2246532
146 3 2 4150298089 2271052
146 3 3 4127010237 2457226
146 3 4 4133380798 2627328
146 3 5 4140154267 2217772
147 3 1 4213737562 2731131
147 3 2 4192115791 18356782
147 3 3 4260697384 8229453
147 3 4 4211433908 1485708
147 3 5 4170300639 2211291
148 3 1 4283065379 2382735
148 3 2 4269640720 2514256
148 3 3 4292963327 2478986
148 3 4 4303038837 2360383
148 3 5 4278926250 2246262
149 3 1 4364132244 3267842
149 3 2 4243683716 5230018
149 3 3 4235635467 5012633
149 3 4 4205164998 4840661
149 3 5 4231000552 5574385
150 3 1 4307048616 5253868
150 3 2 4301202968 5126746
150 3 3 4333781419 5436112
150 3 4 4300681012 4827371
150 3 5 4266196587 4303111
151 3 1 4418546489 4666836
151 3 2 4374362854 5126066
151 3 3 4391227340 4411392
151 3 4 4393701129 5382981
151 3 5 4411490822 5261568
152 3 1 4475419621 5210307
152 3 2 4490361412 5166337
152 3 3 4472893596 5317909
152 3 4 4461757369 4763639
152 3 5 4467070799 5220978
153 3 1 4545088353 5493142
153 3 2 4552514693 4946702
153 3 3 4555464409 5914881
153 3 4 4554672186 5139386
153 3 5 4548525532 5336250
154 3 1 4674070055 16027380
154 3 2 4702076753 21293429
154 3 3 4678339959 7814487
154 3 4 4694920052 13959572
154 3 5 4671714008 4450014
155 3 1 4724418437 4429874
155 3 2 4736566996 5214578
155 3 3 4739051154 5492023
155 3 4 4803254340 13708057
155 3 5 4805104466 7689465
156 3 1 4842801006 16173534
156 3 2 4848036624 4303741
156 3 3 4825767788 4821490
156 3 4 4837036720 5063555
156 3 5 4832011726 5249449
157 3 1 4921949526 5459022
157 3 2 4922656580 5360151
157 3 3 4918678676 5457042
157 3 4 4958912214 5788839
157 3 5 4913987581 5095665
158 3 1 5026202700 4604547
158 3 2 5023931988 5305390
158 3 3 4995853201 4865181
158 3 4 5032910329 4839591
158 3 5 4974657874 4858692
159 3 1 5107130786 5177487
159 3 2 5143943569 16048941
159 3 3 5162083141 14741168
159 3 4 5134227687 13927112
159 3 5 5088327354 4785300
160 3 1 5201997204 5000223
160 3 2 5188995760 5235718
160 3 3 5201188969 4951093
160 3 4 5203744498 5361051
160 3 5 5180506021 5068476
161 3 1 5284408847 5072765
161 3 2 5293880396 5214298
161 3 3 5310762434 5025884
161 3 4 5286085799 5878881
161 3 5 5310401317 5051895
162 3 1 5409291591 4952343
162 3 2 5372103379 5458533
162 3 3 5393562855 5231678
162 3 4 5365242651 5275789
162 3 5 5390143360 4990904
163 3 1 5507643944 4951743
163 3 2 5469160679 5170877
163 3 3 5500427379 4778890
163 3 4 5515237247 5506954
163 3 5 5493685951 4957794
164 3 1 5567383859 5143798
164 3 2 5602664035 5442403
164 3 3 5590917463 5070206
164 3 4 5572424664 5758848
164 3 5 5590255230 4895082
165 3 1 5666010990 5161497
165 3 2 5691283415 5108736
165 3 3 5688983672 5571245
165 3 4 5666304853 5384643
165 3 5 5697131113 5698787
166 3 1 5796718272 4853192
166 3 2 5825723180 5223419
166 3 3 5788729381 5322880
166 3 4 5798068577 5002315
166 3 5 5797966554 4595886
167 3 1 5883841764 4894442
167 3 2 5888678354 4818411
167 3 3 5885474523 5866902
167 3 4 5887094273 5057896
167 3 5 5927774980 5594225
168 3 1 5985170013 5484593
168 3 2 6004120821 5745698
168 3 3 6008459021 5591666
168 3 4 6004877113 5385282
168 3 5 5986140966 5412752
169 3 1 6185752437 6418212
169 3 2 6183780579 5909222
169 3 3 6173988724 5731668
169 3 4 6188215331 5615086
169 3 5 6186881685 16848089
170 3 1 6334571595 9425948
170 3 2 6333225329 20427856
170 3 3 6297652504 7010972
170 3 4 6344750434 4836241
170 3 5 6271248583 5348322
171 3 1 6395550512 5114037
171 3 2 6373894171 5228169
171 3 3 6396087229 5644228
171 3 4 6400652334 5292540
171 3 5 6380334938 5459402
172 3 1 6497257586 5693468
172 3 2 6490385276 6291189
172 3 3 6500372893 5735658
172 3 4 6512999860 5450373
172 3 5 6502401158 6560054
173 3 1 6632428936 5569326
173 3 2 6631294663 5549706
173 3 3 6626855357 5447873
173 3 4 6594869680 5382691
173 3 5 6615123331 5719528
174 3 1 6727304821 5688907
174 3 2 6709968641 5880371
174 3 3 6732575497 5522084
174 3 4 6707947278 6012414
174 3 5 6734151892 5935702
175 3 1 6829143848 5960213
175 3 2 6819667596 5703849
175 3 3 6844092477 5876191
175 3 4 6841247490 5757829
175 3 5 6850079344 5558656
176 3 1 6936650591 5829310
176 3 2 6953754692 6078645
176 3 3 6954522773 5908672
176 3 4 6939234982 5286920
176 3 5 6954492798 6067925
177 3 1 7041944452 5460594
177 3 2 7113149688 17221566
177 3 3 7095900528 4943864
177 3 4 7036503239 9584972
177 3 5 7079327118 5433813
178 3 1 7186547115 5661698
178 3 2 7190266843 6599765
178 3 3 7157968648 6225068
178 3 4 7191524431 6038294
178 3 5 7185677266 5841341
179 3 1 7278196117 5572325
179 3 2 7319890583 5719089
179 3 3 7273382429 5732669
179 3 4 7302644589 6020374
179 3 5 7309771260 5519224
180 3 1 7395716106 5542425
180 3 2 7416125619 5349252
180 3 3 7424133538 6660646
180 3 4 7451258297 5455584
180 3 5 7404569398 24903612
181 3 1 7595534056 5139008
181 3 2 7522539818 15072146
181 3 3 7472957203 4842402
181 3 4 7558588613 5222148
181 3 5 7531403244 5531825
182 3 1 7680502297 6294500
182 3 2 7680187477 5850172
182 3 3 7658831857 5476434
182 3 4 7651317051 5923162
182 3 5 7659980340 5257511
183 3 1 7804855403 10095581
183 3 2 7790850764 6047275
183 3 3 7820656605 5888652
183 3 4 7804028505 6381510
183 3 5 7764317225 6031224
184 3 1 7904204026 6139896
184 3 2 7873129831 6401921
184 3 3 7899179092 6311330
184 3 4 7909918800 6224897
184 3 5 7877765355 6398481
185 3 1 8045592525 6224069
185 3 2 8036670611 5964933
185 3 3 8036854799 6040544
185 3 4 8008877793 5435374
185 3 5 8108443487 16218628
186 3 1 8197148136 5549316
186 3 2 8163638405 6177798
186 3 3 8189272016 5940573
186 3 4 8137397546 5842071
186 3 5 8160024370 5764750
187 3 1 8301097852 5960172
187 3 2 8275031692 6001004
187 3 3 8312232823 5876942
187 3 4 8319974564 6911361
187 3 5 8315005464 6377240
188 3 1 8417024515 6146796
188 3 2 8457649032 6269479
188 3 3 8359553553 5924252
188 3 4 8350294652 5870981
188 3 5 8403814671 6124876
189 3 1 8459667646 5957613
189 3 2 8493582195 6043235
189 3 3 8511350846 5694838
189 3 4 8585174022 6558454
189 3 5 8606767886 6078865
190 3 1 8704068037 7061844
190 3 2 8698380294 6051896
190 3 3 8674530144 6627655
190 3 4 8685338714 6166127
190 3 5 8723624944 5631486
191 3 1 8821271673 6997132
191 3 2 8855477796 6341150
191 3 3 8821746769 7191687
191 3 4 8876461162 6021405
191 3 5 8852668494 6239658
192 3 1 8942462992 6321049
192 3 2 8981170652 6905821
192 3 3 9009578744 6147137
192 3 4 8985934579 6537264
192 3 5 8947786598 6457853
193 3 1 9132814486 6234868
193 3 2 9128193011 7169886
193 3 3 9101829153 6387692
193 3 4 9106838382 6903041
193 3 5 9064432660 6307380
194 3 1 9254991793 6133197
194 3 2 9271051550 6758339
194 3 3 9209165589 6560955
194 3 4 9266308167 6668458
194 3 5 9239419179 6734757
195 3 1 9382184455 6619496
195 3 2 9330521606 6588846
195 3 3 9384981444 6353851
195 3 4 9370716215 6742268
195 3 5 9372773157 17265227
196 3 1 9590004568 23919564
196 3 2 9537504403 11339675
196 3 3 9578357302 10300296
196 3 4 9591049446 16388772
196 3 5 9525337340 16208828
197 3 1 9703899715 17344420
197 3 2 9722244847 17197396
197 3 3 9725928480 18129094
197 3 4 9683468095 16898642
197 3 5 9713167152 16266809
198 3 1 9844393018 6462652
198 3 2 9814721309 7040074
198 3 3 9860199083 6608976
198 3 4 9803260675 16453053
198 3 5 9791779327 13827793
199 3 1 9958276303 15332762
199 3 2 9912202200 17899440
199 3 3 9951357107 17604145
199 3 4 9931789457 6257500
199 3 5 9997077220 16485013
200 3 1 10148031091 6744458
200 3 2 10143294343 24424574
200 3 3 10161199615 15460354
200 3 4 10049733569 17259688
200 3 5 10168561789 6695587
