1 2 1 169603 30770264504
1 2 2 9640 4540123902
1 2 3 8040 2830123472
2 2 1 13610 4601123763
2 2 2 12890 4440122862
2 2 3 11261 2960123003
3 2 1 18210 4600126432
3 2 2 18011 4490125812
3 2 3 16380 2870124182
4 2 1 24090 4580129852
4 2 2 25300 4400127832
4 2 3 23110 2960127792
5 2 1 34721 4650132452
5 2 2 35101 4770131472
5 2 3 33051 2880131562
6 2 1 46221 4710140022
6 2 2 45370 4590137583
6 2 3 44511 2990136012
7 2 1 59121 4780142362
7 2 2 58851 4730141463
7 2 3 57491 3100139732
8 2 1 75021 4890146872
8 2 2 75331 4820147792
8 2 3 74532 3300154712
9 2 1 92231 6950186083
9 2 2 109202 5680183643
9 2 3 109792 3941183253
10 2 1 132502 7130167363
10 2 2 111542 4840162023
10 2 3 110762 3270162503
11 2 1 136122 5310170793
11 2 2 172363 5210170333
11 2 3 133862 3950169833
12 2 1 158743 5330182023
12 2 2 155332 5030179463
12 2 3 155793 3540178683
13 2 1 182143 5250191473
13 2 2 182283 5260189093
13 2 3 193423 4210189154
14 2 1 209874 5510200263
14 2 2 211124 5220201363
14 2 3 202053 3650199634
15 2 1 241184 5520215593
15 2 2 241984 5420215254
15 2 3 248664 4240214174
16 2 1 275115 5700228394
16 2 2 272855 5600227794
16 2 3 272695 4110227034
17 2 1 308596 5780250665
17 2 2 400497 6910287495
17 2 3 364546 5060286365
18 2 1 419897 5910254214
18 2 2 339406 5950254665
18 2 3 390096 5620303165
19 2 1 453357 7400288805
19 2 2 378716 6010270664
19 2 3 380346 4651268555
20 2 1 418317 6420287525
20 2 2 421937 6120286324
20 2 3 417867 4670284745
21 2 1 493908 8131362046
21 2 2 559409 7860391786
21 2 3 471018 4880301535
22 2 1 512718 6850318985
22 2 2 512568 6760320215
22 2 3 517688 5150318725
23 2 1 565180 7060339796
23 2 2 551769 6910337926
23 2 3 561300 5200338206
24 2 1 606901 7400358606
24 2 2 604830 7030357046
24 2 3 606800 6240357126
25 2 1 667511 7360376716
25 2 2 665671 7381377387
25 2 3 661712 6560386877
26 2 1 722192 7581398107
26 2 2 718202 7480405416
26 2 3 727512 6770397867
27 2 1 771313 7810420078
27 2 2 776603 7770424127
27 2 3 773143 6911417937
28 2 1 839544 7990441538
28 2 2 830414 7970442317
28 2 3 828814 7180442707
29 2 1 887895 8170465568
29 2 2 893365 8191465188
29 2 3 911695 7420464228
30 2 1 993377 8540488919
30 2 2 938696 8360487468
30 2 3 965117 7311490229
31 2 1 1000837 8760525279
31 2 2 993327 8891514638
31 2 3 1009947 8050514319
32 2 1 1097389 9320543669
32 2 2 1110509 9480544089
32 2 3 1099668 8660544919
33 2 1 1195640 9240563580
33 2 2 1169609 9501565770
33 2 3 1167669 8420565010
34 2 1 1238031 9640593130
34 2 2 1247401 9760592860
34 2 3 1222671 8610591230
35 2 1 1311832 9750622971
35 2 2 1317622 9930624970
35 2 3 1322103 9130620871
36 2 1 1406784 10330651511
36 2 2 1407674 10280649531
36 2 3 1392733 9391662662
37 2 1 1481445 10501692862
37 2 2 1474675 10540678461
37 2 3 1494515 9800678892
38 2 1 1565516 10990711112
38 2 2 1558916 10920709033
38 2 3 1579278 10010710632
39 2 1 1640748 11060752173
39 2 2 1622977 11201741832
39 2 3 1665348 10510742273
40 2 1 1718039 11541773723
40 2 2 1723420 11540773293
40 2 3 1703688 10590773863
41 2 1 1893902 12350810664
41 2 2 1795431 11830803303
41 2 3 1778090 10800813774
42 2 1 1856292 12041839424
42 2 2 1971793 12091842474
42 2 3 1933292 11220849844
43 2 1 2027174 12491872445
43 2 2 1971944 12521874415
43 2 3 1950864 11130895185
44 2 1 2083846 12780909645
44 2 2 2050775 12810908456
44 2 3 2114485 12090946706
45 2 1 2139666 13340947566
45 2 2 2147636 13410952207
45 2 3 2141476 12250946266
46 2 1 2250058 13501988177
46 2 2 2294359 13850983197
46 2 3 2301019 13020983787
47 2 1 2342789 142411021827
47 2 2 2378570 139611031037
47 2 3 2387430 131301020997
48 2 1 2424391 141901057958
48 2 2 2534482 145001056848
48 2 3 2528102 135501064048
49 2 1 2612984 147101097228
49 2 2 2596804 147201095289
49 2 3 2582424 140601099969
50 2 1 2645525 151601137149
50 2 2 2737596 153201138250
50 2 3 2620064 147801138180
1 3 1 10300 4580134963
1 3 2 9690 4220124653
1 3 3 8050 2660123202
2 3 1 18671 4560124972
2 3 2 18620 4280125992
2 3 3 17910 2700124132
3 3 1 45181 4730134452
3 3 2 46541 4650134962
3 3 3 42811 3040131452
4 3 1 95201 5190149043
4 3 2 95162 4860148773
4 3 3 93122 3280148073
5 3 1 178013 5470177023
5 3 2 174453 5310177283
5 3 3 178923 3760176853
6 3 1 298545 5930218034
6 3 2 305376 5800217654
6 3 3 305105 4090216844
7 3 1 506779 6820273805
7 3 2 485439 6410272585
7 3 3 488328 4970272784
8 3 1 725802 7900351576
8 3 2 720602 7600350246
8 3 3 703692 6340349726
9 3 1 1017087 8951442747
9 3 2 1059838 9100441408
9 3 3 1030778 7220438648
10 3 1 1420414 10420560709
10 3 2 1443174 10460561800
10 3 3 1381364 9090556820
11 3 1 1902892 13040734043
11 3 2 1887412 13060722443
11 3 3 1985054 12440722853
12 3 1 2543843 15600899006
12 3 2 2546393 15401897065
12 3 3 2530553 14770923106
13 3 1 3193444 182401108509
13 3 2 3204235 184501110539
13 3 3 3237535 176511106718
14 3 1 4199531 222411348382
14 3 2 4117660 216001385114
14 3 3 4099169 208811346973
15 3 1 4993605 254401633528
15 3 2 5020365 254211628517
15 3 3 5015375 245801625498
16 3 1 6042753 352302070035
16 3 2 6085783 318812004614
16 3 3 6059024 312312003534
17 3 1 7253453 348602320879
17 3 2 7245683 343412345250
17 3 3 7248893 336102325329
18 3 1 8977712 402112736446
18 3 2 8544375 394802715706
18 3 3 8572976 387012735886
19 3 1 9929808 455013192765
19 3 2 10103511 456213230294
19 3 3 10092782 447813187984
20 3 1 11724849 516113693332
20 3 2 11738599 535317785983
20 3 3 11675348 511413688933
21 3 1 13607931 605514258392
21 3 2 13575200 595814273022
21 3 3 13495709 604814254563
22 3 1 16305396 669214878083
22 3 2 15720107 746514878002
22 3 3 15537944 661424866993
23 3 1 17780831 770815534734
23 3 2 17113010 754315519373
23 3 3 17712731 747015535324
24 3 1 20193473 930326519390
24 3 2 20106262 916116476249
24 3 3 20207473 915116475359
25 3 1 22890408 941527042909
25 3 2 22818988 946527048459
25 3 3 22808397 941527054459
26 3 1 25558993 1068427892375
26 3 2 25588034 1066527896743
26 3 3 25528613 1055027896844
27 3 1 29999948 1186328846070
27 3 2 28295370 1171528835930
27 3 3 28447692 1172428828820
28 3 1 31530895 1304929836738
28 3 2 30342364 1294929825086
28 3 3 31655676 1293829954599
29 3 1 35265638 14398210902715
29 3 2 35250728 14325310882235
29 3 3 35214817 14369210891926
30 3 1 38911399 15834312056104
30 3 2 39201006 15797212016613
30 3 3 38851479 15721212056085
31 3 1 42929438 17359313319167
31 3 2 43030550 17464313278265
31 3 3 42838627 17349313279985
32 3 1 47074659 25519416718333
32 3 2 47333012 22398415919900
32 3 3 47130050 22245415906079
33 3 1 51410082 20975415979181
33 3 2 51597896 21014315982562
33 3 3 51777538 20952416007861
34 3 1 58168807 22884417441305
34 3 2 55864727 22645417449635
34 3 3 55937658 22524417456986
35 3 1 60764360 25059419051393
35 3 2 59239865 24522419004982
35 3 3 61060865 24656419005583
36 3 1 66349235 27000520669811
36 3 2 64218399 26888420677741
36 3 3 66428907 26725520651969
37 3 1 71492353 29368522458801
37 3 2 71536293 28953422447551
37 3 3 71183766 29625522426631
38 3 1 76980746 31632624289672
38 3 2 77040976 31373624294043
38 3 3 77021306 32215624294642
39 3 1 84058036 35875626241005
39 3 2 84259609 34111626247075
39 3 3 84050695 34517626237445
40 3 1 90231830 41194729891077
40 3 2 91003464 39829729610682
40 3 3 90374002 39807729621072
41 3 1 97189518 39789730401126
41 3 2 97577325 39544630420336
41 3 3 96609958 38989730477196
42 3 1 104509523 42255732637074
42 3 2 104286039 41926732627164
42 3 3 104529584 41663832655764
43 3 1 115830985 46827835120266
43 3 2 112037770 45322835024755
43 3 3 111357318 44915735035775
44 3 1 120423452 49575837898473
44 3 2 117778387 48982837863402
44 3 3 120576245 48405937852502
45 3 1 128168984 55647940361075
45 3 2 125676422 53133940265723
45 3 3 128011202 52932940307834
46 3 1 136600987 58147042924228
46 3 2 137206427 55669942905968
46 3 3 136971663 55192042937769
47 3 1 145098160 60443045682925
47 3 2 145158922 59065045663085
47 3 3 145882484 59717045668015
48 3 1 156053446 85272455836887
48 3 2 156421014 81728365324588
48 3 3 160643685 83312455152126
49 3 1 166934881 72436351844639
49 3 2 165996196 67360151822869
49 3 3 166256990 67079151785118
50 3 1 176506684 76830354995782
50 3 2 176959371 72992254986653
50 3 3 175212312 71922255033844
