1 2 1 60185281 286919871840071
1 2 2 103872 13320693311
1 2 3 91142 12660680601
2 2 1 94932 27260720932
2 2 2 95062 13810705922
2 2 3 94841 13680705282
3 2 1 101802 27050742952
3 2 2 111202 13920731892
3 2 3 100322 13800728832
4 2 1 106922 13940730182
4 2 2 106182 13960728013
4 2 3 104711 14241726322
5 2 1 116752 13820736123
5 2 2 119572 13900731922
5 2 3 115702 13700733202
6 2 1 128972 13821737853
6 2 2 127442 13890736322
6 2 3 127742 14240731942
7 2 1 140702 13890898925
7 2 2 140713 14110737342
7 2 3 142913 14100736032
8 2 1 158013 13991735023
8 2 2 157133 14270734722
8 2 3 157743 13920732403
9 2 1 175312 14400745042
9 2 2 176043 14110742722
9 2 3 175833 14061745163
10 2 1 194354 14340751443
10 2 2 193603 14240753583
10 2 3 193703 14460755903
11 2 1 220104 14351753962
11 2 2 228544 14320755163
11 2 3 218343 14301753993
12 2 1 240574 14271766063
12 2 2 241744 14530762043
12 2 3 240714 14730759773
13 2 1 265675 14290772933
13 2 2 275895 14560768933
13 2 3 263375 14300767733
14 2 1 290545 14421776913
14 2 2 293535 14560776953
14 2 3 291605 14230775913
15 2 1 338085 14440783253
15 2 2 330036 14980783243
15 2 3 352176 14460783293
16 2 1 355186 14601782373
16 2 2 357686 14490780753
16 2 3 354966 14560781364
17 2 1 391176 14610804383
17 2 2 390416 14470804444
17 2 3 391487 14470801273
18 2 1 427208 14420808374
18 2 2 429567 14470810283
18 2 3 420977 14461809394
19 2 1 464178 14420813483
19 2 2 473538 14230815094
19 2 3 462697 14180824644
20 2 1 501858 14200825124
20 2 2 497488 14391824504
20 2 3 504089 14420823174
21 2 1 561710 14510833144
21 2 2 547609 14620835024
21 2 3 550629 14420833884
22 2 1 593820 14330842464
22 2 2 596620 14310840404
22 2 3 593610 14260839874
23 2 1 690792 15660861894
23 2 2 654861 15660861204
23 2 3 660631 15430864834
24 2 1 704382 15450859135
24 2 2 711952 15940859274
24 2 3 697872 15621857105
25 2 1 752163 15480860455
25 2 2 772843 15721862095
25 2 3 764973 15470860494
26 2 1 819963 15380859014
26 2 2 806914 15780860915
26 2 3 798093 15390861874
27 2 1 850425 15531863855
27 2 2 855725 17151866425
27 2 3 860235 15551862975
28 2 1 911895 15610862064
28 2 2 915976 15591861944
28 2 3 909535 15600867825
29 2 1 957996 15401862914
29 2 2 976706 15500860615
29 2 3 972376 15400860964
30 2 1 1061238 15600861094
30 2 2 1066458 15680859664
30 2 3 1070209 15460861345
31 2 1 1118029 15370862344
31 2 2 1108339 15460860104
31 2 3 1115910 15590860865
32 2 1 1178450 15541864815
32 2 2 1186930 15680862864
32 2 3 1181890 15450859454
33 2 1 1248551 15431861644
33 2 2 1245001 16031863105
33 2 3 1240011 15460862225
34 2 1 1325732 15570859665
34 2 2 1320193 15740862345
34 2 3 1310172 15430863174
35 2 1 1383194 15550864825
35 2 2 1385054 15550861025
35 2 3 1379714 15280862095
36 2 1 1448515 15731865645
36 2 2 1445155 15590865815
36 2 3 1449424 15480867785
37 2 1 1536166 15671867795
37 2 2 1529117 15771865435
37 2 3 1531076 15690865705
38 2 1 1616607 15461865335
38 2 2 1605517 15670863464
38 2 3 1587507 15270861485
39 2 1 1679149 15630864515
39 2 2 1710299 15660860654
39 2 3 1683009 15430859774
40 2 1 1761680 15581861224
40 2 2 1757290 15620859294
40 2 3 1763031 15470858505
41 2 1 1916133 15510865824
41 2 2 1890762 15701863435
41 2 3 1894902 15500865355
42 2 1 1962473 15580866495
42 2 2 1963233 15820864924
42 2 3 1977784 15650864765
43 2 1 2053025 15550863435
43 2 2 2034454 15781863625
43 2 3 2055415 16160862344
44 2 1 2140497 15430864325
44 2 2 2158527 15630865065
44 2 3 2159626 15430862245
45 2 1 2219197 15540867245
45 2 2 2250318 15720863335
45 2 3 2244948 15451863385
46 2 1 2322229 15580864224
46 2 2 2340390 15630862834
46 2 3 2334140 15581866305
47 2 1 2398800 15480869215
47 2 2 2411951 15841870365
47 2 3 2408761 15670867705
48 2 1 2520732 15450863645
48 2 2 2540893 15640863514
48 2 3 2521293 15570861624
49 2 1 2575364 15301868235
49 2 2 2633515 15751866495
49 2 3 2619925 15560866115
50 2 1 2706505 15570869314
50 2 2 2727516 15700868634
50 2 3 2712316 15630866775
1 3 1 92452 12670684112
1 3 2 92202 12800679641
1 3 3 90262 12770679371
2 3 1 102672 13951709472
2 3 2 103402 13820706252
2 3 3 101232 13810708402
3 3 1 130732 14271742563
3 3 2 128912 14371736793
3 3 3 128612 14240736172
4 3 1 179403 14231740922
4 3 2 179793 14521738973
4 3 3 175653 14281741053
5 3 1 273914 14510757303
5 3 2 262754 14410757393
5 3 3 259404 14380755333
6 3 1 389516 14650779324
6 3 2 390537 14660796003
6 3 3 386627 14760783743
7 3 1 574579 14600813734
7 3 2 573210 14640812624
7 3 3 570040 14951812644
8 3 1 796614 14631847734
8 3 2 791813 14881849695
8 3 3 796334 14720845584
9 3 1 1129899 16700888155
9 3 2 1131069 16640886685
9 3 3 1112809 16600886215
10 3 1 1477455 16900891915
10 3 2 1489905 16901888015
10 3 3 1474605 16600889975
11 3 1 1991154 17030890585
11 3 2 2002654 16870892955
11 3 3 1992744 16990893086
12 3 1 2529753 16771888225
12 3 2 2531843 18011885466
12 3 3 2517632 16881888365
13 3 1 3091393 17130893805
13 3 2 3197134 17090892725
13 3 3 3163544 16950901505
14 3 1 4008588 16840890695
14 3 2 4018128 17000892035
14 3 3 3974698 16830892805
15 3 1 4819122 17370895415
15 3 2 4811222 17010892955
15 3 3 5164138 16650893215
16 3 1 5784368 17001897946
16 3 2 5803749 18730894455
16 3 3 5826378 17071895015
17 3 1 6941158 16871903965
17 3 2 6908757 17080902946
17 3 3 6887036 16830903545
18 3 1 8235901 17300916125
18 3 2 8144808 17241916136
18 3 3 8137978 16830913065
19 3 1 9495011 17000920216
19 3 2 9589852 16990916665
19 3 3 9587343 16990917416
20 3 1 13248844 22061953346
20 3 2 11038057 17330917305
20 3 3 11074428 17090918426
21 3 1 12963509 17061932795
21 3 2 12921129 20021934036
21 3 3 12969810 17121933596
22 3 1 15250109 17281962536
22 3 2 15799388 17311962917
22 3 3 16000371 17461964367
23 3 1 18048887 17980962896
23 3 2 17927394 17310964256
23 3 3 18073576 17400966156
24 3 1 20281344 18130965016
24 3 2 20077361 17480966666
24 3 3 20344965 17670963066
25 3 1 22814617 177501009367
25 3 2 22401220 175311001377
25 3 3 23060511 197811321322
26 3 1 25509812 201811348333
26 3 2 25261028 201411350362
26 3 3 25390171 198401348212
27 3 1 29485231 202901413254
27 3 2 28576945 258801413314
27 3 3 28908230 258811411584
28 3 1 32178116 227201705019
28 3 2 31589156 271401704129
28 3 3 31979722 266501698119
29 3 1 35174736 314101736360
29 3 2 34957843 269801727850
29 3 3 35525182 271911731359
30 3 1 39080304 272411762841
30 3 2 38210447 284911760790
30 3 3 38907511 281501762060
31 3 1 42949028 281501804271
31 3 2 42151104 295711785201
31 3 3 42756235 292511805441
32 3 1 46856195 295611883402
32 3 2 47091798 364311923953
32 3 3 46938166 289711879122
33 3 1 51328761 312212030395
33 3 2 50256882 298902019664
33 3 3 49020281 308812021934
34 3 1 55480251 337702077016
34 3 2 55396150 292202079495
34 3 3 54174929 293702079155
35 3 1 59098762 413112611645
35 3 2 60115100 385912584594
35 3 3 60275502 450512587694
36 3 1 64897192 426412632795
36 3 2 65473491 410402612205
36 3 3 64500574 395212615994
37 3 1 72953188 448002738787
37 3 2 71646145 417012677496
37 3 3 72500439 407002678165
38 3 1 78083594 512412729436
38 3 2 76728891 469612715017
38 3 3 83464236 460112711566
39 3 1 83111100 530512765147
39 3 2 82815014 475812753088
39 3 3 81473281 468712745266
40 3 1 87574865 490012957780
40 3 2 89384776 498912953450
40 3 3 87596246 483802949950
41 3 1 98571662 590313018351
41 3 2 96754331 536413014261
41 3 3 96714161 540013010581
42 3 1 104216148 706013078192
42 3 2 103042127 556013049842
42 3 3 101371349 547413058062
43 3 1 113892772 667113136763
43 3 2 111985400 599313128423
43 3 3 110347082 601413128263
44 3 1 120865080 768513612862
44 3 2 120565255 696313594341
44 3 3 120755448 686013600381
45 3 1 129121270 780023693042
45 3 2 129255403 803913692053
45 3 3 128782084 727213677152
46 3 1 137233268 800623748994
46 3 2 137220347 737813731123
46 3 3 137742436 733823728653
47 3 1 146079608 827313997278
47 3 2 145985636 770714002658
47 3 3 146422663 764013984508
48 3 1 154713304 831914042048
48 3 2 154695284 770114087449
48 3 3 154619552 763824035599
49 3 1 165896953 892824168081
49 3 2 164450409 817014145281
49 3 3 164684783 791914152420
50 3 1 175105870 925414568447
50 3 2 173778388 899214568918
50 3 3 174556220 892124568677
