1 2 1 21114558 479039433481320
1 2 2 149333 15880797713
1 2 3 98872 15060790194
2 2 1 101992 39870924376
2 2 2 114772 16611855424
2 2 3 113782 16461843294
3 2 1 124563 40510875475
3 2 2 142062 17181849614
3 2 3 126942 17611862784
4 2 1 128003 17530868024
4 2 2 126032 17341858214
4 2 3 128512 16881862184
5 2 1 138543 17210868694
5 2 2 140942 17370855864
5 2 3 139893 17220867375
6 2 1 151262 17420869225
6 2 2 155563 17631856464
6 2 3 155283 17361862534
7 2 1 166932 17811869315
7 2 2 166443 17360858255
7 2 3 165913 17290856335
8 2 1 185643 17230863534
8 2 2 187023 17210850134
8 2 3 181573 17110851425
9 2 1 210164 17471870194
9 2 2 205354 17720859185
9 2 3 204353 16850860744
10 2 1 228614 17470857535
10 2 2 226914 16981858575
10 2 3 224694 18000874055
11 2 1 252294 17250889435
11 2 2 250875 17200860385
11 2 3 254574 17200856805
12 2 1 275644 17441857385
12 2 2 282805 17250856774
12 2 3 282104 17740862355
13 2 1 308435 17191856174
13 2 2 309395 17080857345
13 2 3 307475 16920857615
14 2 1 339366 17260859175
14 2 2 345026 17240875635
14 2 3 339376 17000855865
15 2 1 391187 17250865015
15 2 2 380677 17080858295
15 2 3 377876 16840858325
16 2 1 415337 17151855354
16 2 2 411067 17360852464
16 2 3 415377 16920852804
17 2 1 465188 17240860724
17 2 2 454357 17220862425
17 2 3 466698 17020859385
18 2 1 488848 17110862044
18 2 2 530459 17491861624
18 2 3 491488 17120886225
19 2 1 542879 17420862214
19 2 2 541479 17180858644
19 2 3 546769 17230858285
20 2 1 577060 17831858884
20 2 2 581930 17141857285
20 2 3 594620 16901862194
21 2 1 649171 17451856375
21 2 2 641291 17420859125
21 2 3 641640 16980857365
22 2 1 692482 16931860254
22 2 2 687792 17160861615
22 2 3 690052 17011861314
23 2 1 737173 17201859504
23 2 2 747433 17001860005
23 2 3 745842 16900858495
24 2 1 797454 17220886355
24 2 2 794054 17411872114
24 2 3 807024 17071871305
25 2 1 847364 17390865934
25 2 2 857384 17140860525
25 2 3 854374 17000857585
26 2 1 919956 17471864395
26 2 2 904495 17320872505
26 2 3 913055 17140858505
27 2 1 975787 17461856324
27 2 2 976397 17591860904
27 2 3 973517 16861862024
28 2 1 1048328 17320878505
28 2 2 1027857 17220873765
28 2 3 1033027 17350870535
29 2 1 1099069 17630856774
29 2 2 1093848 17320857225
29 2 3 1110869 16900858665
30 2 1 1198530 17320863225
30 2 2 1202950 17250858475
30 2 3 1206600 17281861864
31 2 1 1274331 17520882525
31 2 2 1278422 17260858765
31 2 3 1266991 17500866245
32 2 1 1445054 17230860484
32 2 2 1355293 17531854405
32 2 3 1347433 17530859675
33 2 1 1441744 20010876965
33 2 2 1413724 17500862864
33 2 3 1519786 17180862105
34 2 1 1496635 17370901676
34 2 2 1490615 17571861564
34 2 3 1586287 17040862035
35 2 1 1548166 17500861874
35 2 2 1578687 17291859844
35 2 3 2461172 411111063198
36 2 1 1630958 17411894465
36 2 2 1641418 17420866345
36 2 3 1629777 17120861364
37 2 1 1734050 17510863354
37 2 2 1743230 19710863224
37 2 3 1708599 17270861405
38 2 1 1823361 17520864984
38 2 2 1827921 17951876764
38 2 3 1828761 17371857994
39 2 1 1904572 17600862074
39 2 2 1898092 17471864504
39 2 3 1901312 17240865264
40 2 1 2001584 17400881675
40 2 2 1999774 17290864335
40 2 3 1983084 17350860815
41 2 1 2142316 17500863475
41 2 2 2139106 17610864495
41 2 3 2134166 17541863664
42 2 1 2219058 17850864154
42 2 2 2225707 17490859695
42 2 3 2224758 17160863275
43 2 1 2322070 17780863364
43 2 2 2322900 17661864575
43 2 3 2317759 17490863065
44 2 1 2612704 17490877475
44 2 2 2427471 17410862905
44 2 3 2438571 17370875685
45 2 1 2547044 17800869855
45 2 2 2548553 18491864285
45 2 3 2555913 17250863855
46 2 1 2630155 17511862355
46 2 2 2671835 17690861785
46 2 3 2617994 17230865055
47 2 1 2753267 17520867024
47 2 2 2750617 17301876595
47 2 3 2741866 17570862175
48 2 1 2830998 18340873045
48 2 2 2858939 17530868235
48 2 3 2873229 18041864364
49 2 1 2940600 17581861165
49 2 2 2985811 17830865475
49 2 3 2964261 17721878014
50 2 1 3060402 17821865515
50 2 2 3085032 17511862964
50 2 3 3078892 18901871684
1 3 1 111532 23760881375
1 3 2 113092 16371853834
1 3 3 108362 16010854105
2 3 1 123382 16800856365
2 3 2 122022 16590857525
2 3 3 123163 16990872015
3 3 1 155242 16910871495
3 3 2 151972 17071854704
3 3 3 152253 16830855615
4 3 1 210454 17170860764
4 3 2 209324 17001852745
4 3 3 209894 17230864135
5 3 1 306415 16830883665
5 3 2 305985 16990878115
5 3 3 306815 16910869285
6 3 1 448778 17100874175
6 3 2 459278 16961875475
6 3 3 454308 16931874484
7 3 1 667811 17321874405
7 3 2 716732 17300873664
7 3 3 658621 17180871315
8 3 1 935386 17191869635
8 3 2 929525 17331861855
8 3 3 931256 17040860054
9 3 1 1293692 17311867285
9 3 2 1294922 17480872445
9 3 3 1293582 17490878455
10 3 1 1692929 18180882815
10 3 2 1728340 17260862075
10 3 3 1684239 17120864885
11 3 1 2296569 17801860514
11 3 2 2263688 17260881385
11 3 3 2259749 16940862515
12 3 1 2870579 17751872665
12 3 2 2877429 17520861995
12 3 3 2915629 17410856555
13 3 1 3610021 18780878935
13 3 2 3644262 17511872595
13 3 3 3643912 17550864265
14 3 1 5158807 17931867314
14 3 2 4593738 17650863505
14 3 3 4585788 17951862084
15 3 1 5601005 18191861595
15 3 2 5563664 18010880455
15 3 3 5558334 17771859644
16 3 1 6747085 18491882115
16 3 2 6663453 18160859735
16 3 3 6705034 19770861625
17 3 1 8277360 18720859875
17 3 2 7786352 19090874155
17 3 3 8547084 18190869464
18 3 1 9525792 19320860044
18 3 2 9382720 18840870505
18 3 3 9387319 18620865935
19 3 1 10873464 19430857444
19 3 2 11037788 19361853454
19 3 3 10986786 19200853965
20 3 1 12842679 20200844354
20 3 2 12884079 19411838174
20 3 3 12762967 19120837484
21 3 1 14730200 19920859614
21 3 2 15026356 20431852114
21 3 3 14907032 19690852505
22 3 1 17669780 21611872665
22 3 2 17881104 21190870325
22 3 3 18107986 21261881835
23 3 1 20686980 500411370384
23 3 2 20335975 265601279741
23 3 3 20520678 278201278171
24 3 1 22577253 272701437585
24 3 2 22465552 286601429524
24 3 3 22951459 264711473925
25 3 1 21797420 293111463095
25 3 2 25341820 304201457725
25 3 3 22437430 290001449815
26 3 1 24686329 327901539416
26 3 2 28941161 336811529916
26 3 3 24468125 445611531106
27 3 1 28555914 330111577557
27 3 2 29800295 315711565127
27 3 3 27517527 316311575857
28 3 1 30318304 324411854072
28 3 2 30994396 331311843921
28 3 3 30068910 328301843541
29 3 1 33397537 340101892402
29 3 2 33926065 348301880262
29 3 3 33292504 337101877851
30 3 1 37400514 348212087795
30 3 2 37449695 354812065105
30 3 3 36840565 367402067385
31 3 1 40744462 370811999833
31 3 2 40580528 416911999304
31 3 3 40523678 397001999253
32 3 1 44135248 523712145266
32 3 2 44533955 414912111736
32 3 3 44026077 456902112866
33 3 1 48779467 437412251438
33 3 2 48756287 471112255218
33 3 3 48043434 456112258779
34 3 1 55096545 514312428841
34 3 2 54189310 487212414711
34 3 3 53385726 464102409571
35 3 1 57647137 509112728016
35 3 2 58834778 485012715566
35 3 3 57832631 479312714616
36 3 1 63022509 503812962880
36 3 2 64057747 529812748787
36 3 3 63191912 492312764707
37 3 1 68334950 570412837418
37 3 2 68889778 593212830968
37 3 3 67753640 533012825248
38 3 1 73723970 588912889099
38 3 2 74735738 552812881249
38 3 3 73398495 565802881839
39 3 1 79797694 611412964801
39 3 2 80555897 605112966201
39 3 3 79143162 592512960810
40 3 1 86169072 747813304945
40 3 2 86705970 666413252255
40 3 3 85785195 668813601681
41 3 1 91861969 813913339587
41 3 2 92881175 709113320887
41 3 3 91846038 692413334888
42 3 1 100447354 799623477719
42 3 2 99626550 736313457979
42 3 3 98707214 707313469929
43 3 1 107976882 929123649952
43 3 2 108451579 886823618502
43 3 3 115491669 827523610131
44 3 1 113881011 1065123990948
44 3 2 117338030 957223952367
44 3 3 114148646 886823949447
45 3 1 122602600 1113124013108
45 3 2 123969673 975323983267
45 3 3 122608049 906123986659
46 3 1 131283446 1128524096579
46 3 2 131823806 1087224083770
46 3 3 131473110 1012724076109
47 3 1 140286409 1068124430185
47 3 2 139533347 982324409065
47 3 3 138381737 928914407415
48 3 1 146806450 1144924536487
48 3 2 148375337 1145224518107
48 3 3 147021753 1185524513917
49 3 1 156474263 1280624628498
49 3 2 159107858 1161824634529
49 3 3 157998799 1192324625809
50 3 1 167601152 1312425002595
50 3 2 169069768 1241624966914
50 3 3 167324218 1287824980195
