1 2 1 180843 38931245445
1 2 2 11390 4830131482
1 2 3 9440 3300129982
2 2 1 14140 5070159593
2 2 2 14440 4480130082
2 2 3 13021 3160146902
3 2 1 20300 10361134262
3 2 2 19600 4470131472
3 2 3 17580 3050182263
4 2 1 24841 5071136972
4 2 2 25950 4490142362
4 2 3 24480 3060134442
5 2 1 34700 4940138592
5 2 2 36441 4600137592
5 2 3 33591 3200138212
6 2 1 45590 4980149233
6 2 2 45950 4510142213
6 2 3 44881 3060149752
7 2 1 57951 5010148663
7 2 2 58741 4620148152
7 2 3 57601 3540147003
8 2 1 73131 5050198544
8 2 2 89882 4730167083
8 2 3 73181 3450172653
9 2 1 96622 5160166763
9 2 2 91441 4820161103
9 2 3 89712 3480173853
10 2 1 105832 5190175293
10 2 2 106221 4840167242
10 2 3 108202 3480167503
11 2 1 128302 5370182944
11 2 2 129702 4830183143
11 2 3 130283 3630177813
12 2 1 151523 5450194043
12 2 2 152533 5150184643
12 2 3 150822 3710184603
13 2 1 175503 5580205534
13 2 2 177313 5060194233
13 2 3 176093 3790193943
14 2 1 196893 5660213653
14 2 2 208293 5241206264
14 2 3 204354 3860204713
15 2 1 239454 5690224514
15 2 2 232494 5210216403
15 2 3 229604 4020216154
16 2 1 264564 5690247434
16 2 2 316946 6290273585
16 2 3 306655 4770261074
17 2 1 297755 6060250184
17 2 2 293825 5760242214
17 2 3 298015 4630242604
18 2 1 331916 6280265644
18 2 2 330596 5720257674
18 2 3 330015 4510255835
19 2 1 368246 6240352306
19 2 2 436287 7001337246
19 2 3 396176 4720270024
20 2 1 402446 6410294195
20 2 2 416047 6101288915
20 2 3 402366 4680288335
21 2 1 460528 6621310565
21 2 2 455157 6360319825
21 2 3 456188 4800304515
22 2 1 496318 6990331236
22 2 2 496898 6490323425
22 2 3 497448 5590322626
23 2 1 535419 7180350926
23 2 2 529009 6770343886
23 2 3 545309 5760342875
24 2 1 579230 7360378066
24 2 2 586880 6940388726
24 2 3 582120 6031375377
25 2 1 632341 7600382247
25 2 2 659011 7220381116
25 2 3 626730 5780380736
26 2 1 684511 7700414727
26 2 2 676842 7290401107
26 2 3 677891 5890401636
27 2 1 730782 8140424237
27 2 2 725952 7510423447
27 2 3 730222 6190435937
28 2 1 802434 8080445597
28 2 2 795384 7990453087
28 2 3 806594 7170444368
29 2 1 852085 8360471468
29 2 2 854265 8141469118
29 2 3 849694 7430470148
30 2 1 945636 8501493418
30 2 2 965487 8681492669
30 2 3 925696 7570492349
31 2 1 992187 9010515309
31 2 2 999537 8830515439
31 2 3 996407 7940514318
32 2 1 1058218 9111549030
32 2 2 1068979 9090541429
32 2 3 1052878 7960551280
33 2 1 1115399 9460567480
33 2 2 1133689 9180566340
33 2 3 1111859 8200566620
34 2 1 1193250 9620594261
34 2 2 1179450 9580592360
34 2 3 1177060 8490592350
35 2 1 1251391 9780622811
35 2 2 1256611 9640621120
35 2 3 1248951 8790621230
36 2 1 1319942 10220650821
36 2 2 1306472 9971650451
36 2 3 1314673 8910660001
37 2 1 1388004 10370706712
37 2 2 1379284 10220684711
37 2 3 1423154 9830684422
38 2 1 1477495 10840711302
38 2 2 1459365 10680717322
38 2 3 1454644 9641716382
39 2 1 1545556 11110746423
39 2 2 1544546 10960748223
39 2 3 1542836 10030750783
40 2 1 1626257 11350785723
40 2 2 1638768 11101787203
40 2 3 1653658 10370797643
41 2 1 1814141 11970821053
41 2 2 1742950 11590833524
41 2 3 1759400 11000822044
42 2 1 1835232 12400856695
42 2 2 1821090 11970866955
42 2 3 1841611 11141857614
43 2 1 1935882 12580893405
43 2 2 1860751 12101882415
43 2 3 1972664 11670894295
44 2 1 1986564 12511909286
44 2 2 2083166 12610908435
44 2 3 2046015 11700918236
45 2 1 2130076 13240966536
45 2 2 2131146 12860946346
45 2 3 2162927 12060946246
46 2 1 2222078 135501015368
46 2 2 2232138 13420991417
46 2 3 2220577 124201003287
47 2 1 2317670 140201047278
47 2 2 2323970 137301020747
47 2 3 2311739 129411019067
48 2 1 2424971 143311087269
48 2 2 2409761 140101057258
48 2 3 2405970 132401058308
49 2 1 2531873 151101125919
49 2 2 2449832 145711097878
49 2 3 2501672 136101095998
50 2 1 2629015 150701166820
50 2 2 2543274 146401136669
50 2 3 2603824 141401133709
1 3 1 11711 5010139132
1 3 2 10920 4290129412
1 3 3 9270 3260129202
2 3 1 19401 4740139592
2 3 2 20580 4410131723
2 3 3 18440 3160136052
3 3 1 46501 5000149453
3 3 2 46141 4700145023
3 3 3 44921 3260145012
4 3 1 94301 5280160943
4 3 2 91531 4880153703
4 3 3 94152 3470153793
5 3 1 177813 5490186803
5 3 2 170863 4930180613
5 3 3 175283 3720179093
6 3 1 301125 5920218244
6 3 2 299565 5430218483
6 3 3 298115 4200217034
7 3 1 482718 6480280854
7 3 2 478638 6200269515
7 3 3 477368 4790269974
8 3 1 707282 7260347526
8 3 2 700462 6890342005
8 3 3 699522 5690340886
9 3 1 1020117 8481434347
9 3 2 1010117 7990432217
9 3 3 1016198 7031432348
10 3 1 1361803 9670547250
10 3 2 1369323 9100546969
10 3 3 1381434 8481546259
11 3 1 1905972 11360683372
11 3 2 1870691 11090688642
11 3 3 1906892 10200700382
12 3 1 2422141 13100864664
12 3 2 2383550 12701849294
12 3 3 2455801 12170851584
13 3 1 3100273 155001065348
13 3 2 3081842 150411044117
13 3 3 3120143 142801052678
14 3 1 4080420 182811308062
14 3 2 3831755 176701285861
14 3 3 3983907 170901274502
15 3 1 4882113 213311577937
15 3 2 4625698 206311540466
15 3 3 4881283 201811541276
16 3 1 5850129 249411903113
16 3 2 5547924 243701846861
16 3 3 5598225 231601869382
17 3 1 6677473 302012287258
17 3 2 6919307 296802217457
17 3 3 7059880 289112225918
18 3 1 8639946 347802682215
18 3 2 7917385 339812616315
18 3 3 8366561 333612616765
19 3 1 9717015 399603175634
19 3 2 9239667 393613064962
19 3 3 9801536 389313073613
20 3 1 11320892 456903632722
20 3 2 11229642 454013546590
20 3 3 11281131 444213542790
21 3 1 12950160 538504191062
21 3 2 13053611 516104080939
21 3 3 13039292 505804082190
22 3 1 15377150 682614792101
22 3 2 14397495 588814680850
22 3 3 15268279 576614677859
23 3 1 17342264 845525443943
23 3 2 16488170 656115319390
23 3 3 17393555 651015318430
24 3 1 19611983 1041316204825
24 3 2 18634576 738616034532
24 3 3 19681015 734216022041
25 3 1 21999993 1216626961977
25 3 2 20923035 829016779295
25 3 3 22064765 825216786435
26 3 1 24450885 1420437832353
26 3 2 24734108 923117621719
26 3 3 24737849 918317624970
27 3 1 28688286 1614738741388
27 3 2 26686443 1028628513015
27 3 3 28089367 1019528504264
28 3 1 31062827 1755239738555
28 3 2 29643752 1137829476351
28 3 3 31069817 1129029466621
29 3 1 34370093 19725310791423
29 3 2 32922969 12581310504377
29 3 3 34372382 12568210537909
30 3 1 37926693 21812311926622
30 3 2 36150523 13825311908052
30 3 3 37849822 13827211624846
31 3 1 41314451 23759413119083
31 3 2 39777226 15274212797957
31 3 3 41618196 15181312801736
32 3 1 45468972 26290514461004
32 3 2 43229772 16740314085899
32 3 3 45419879 16678314120750
33 3 1 49537560 28616415815698
33 3 2 49853166 18317315435111
33 3 3 49849686 18209315412141
34 3 1 56055741 33238517316524
34 3 2 53292154 19983416856096
34 3 3 55283407 19979316859136
35 3 1 59640642 35659618839540
35 3 2 57480515 21749418361222
35 3 3 59699113 21649418355422
36 3 1 64602606 39943720589040
36 3 2 62569681 23509419994489
36 3 3 65038422 23423419978999
37 3 1 70425025 42385822312569
37 3 2 68265779 25547421672237
37 3 3 69892886 25535421662968
38 3 1 75518070 44757724116600
38 3 2 73510517 27586523502078
38 3 3 75815566 27601523454987
39 3 1 81517613 48958826013751
39 3 2 79097101 29776525340830
39 3 3 81736646 29765525326539
40 3 1 88015112 54151928116997
40 3 2 85483450 32084627343884
40 3 3 88354739 32106627337603
41 3 1 94188018 58242030255684
41 3 2 94147567 34548529406929
41 3 3 94183838 34515629420578
42 3 1 102184243 61322032429260
42 3 2 102132112 37192631597186
42 3 3 102329395 37014631625636
43 3 1 113207240 71531234909572
43 3 2 107729557 40122733923346
43 3 3 109881333 40925733925986
44 3 1 117750617 75352337398544
44 3 2 114309008 43020736317426
44 3 3 117462752 42896736331857
45 3 1 125387537 81465440016839
45 3 2 121519261 46788838858340
45 3 3 126059928 45931838865999
46 3 1 133990432 85065542705404
46 3 2 129597449 49234841485133
46 3 3 133098617 49149941528075
47 3 1 141894046 92947545492482
47 3 2 138775034 52144944203760
47 3 3 142714311 52360944226029
48 3 1 151804055 99804749050212
48 3 2 147739655 55629047696959
48 3 3 151887756 55926947641138
49 3 1 161017571 105939851532224
49 3 2 157054143 59284050089279
49 3 3 160252789 59384150080360
50 3 1 170855337 112412954752878
50 3 2 166104908 63812153273714
50 3 3 170671525 64181153246014
