1 2 1 12040 50
1 2 2 840 30
1 2 3 340 30
2 2 1 4310 80
2 2 2 2150 50
2 2 3 1331 30
3 2 1 3690 120
3 2 2 3930 100
3 2 3 2820 90
4 2 1 4890 220
4 2 2 5210 130
4 2 3 3920 80
5 2 1 6670 200
5 2 2 7010 170
5 2 3 5980 120
6 2 1 9370 260
6 2 2 9720 200
6 2 3 8610 170
7 2 1 11650 320
7 2 2 12591 220
7 2 3 11470 190
8 2 1 15140 420
8 2 2 16370 290
8 2 3 15140 270
9 2 1 18860 380
9 2 2 20351 330
9 2 3 18991 320
10 2 1 23351 450
10 2 2 24410 390
10 2 3 23271 380
11 2 1 28521 500
11 2 2 29101 450
11 2 3 29001 420
12 2 1 33471 570
12 2 2 34281 550
12 2 3 33520 490
13 2 1 39081 660
13 2 2 40181 630
13 2 3 39121 570
14 2 1 46151 780
14 2 2 46311 680
14 2 3 45471 660
15 2 1 52091 860
15 2 2 53111 810
15 2 3 51951 750
16 2 1 59271 970
16 2 2 60111 910
16 2 3 59171 850
17 2 1 66811 1040
17 2 2 67802 990
17 2 3 66741 950
18 2 1 74781 1180
18 2 2 75651 1120
18 2 3 74642 1080
19 2 1 83551 1280
19 2 2 84141 1240
19 2 3 83351 1200
20 2 1 92492 1410
20 2 2 93432 1360
20 2 3 92331 1320
21 2 1 102202 1560
21 2 2 112732 1510
21 2 3 101492 1480
22 2 1 111632 1690
22 2 2 112982 1640
22 2 3 112622 1590
23 2 1 122162 2560
23 2 2 124582 1780
23 2 3 122172 1740
24 2 1 133052 1990
24 2 2 134112 1920
24 2 3 133172 1901
25 2 1 144703 2140
25 2 2 154123 2110
25 2 3 144442 2050
26 2 1 156433 2300
26 2 2 157213 2260
26 2 3 155903 2210
27 2 1 168473 2620
27 2 2 169763 2590
27 2 3 168653 2550
28 2 1 181714 2840
28 2 2 193133 2810
28 2 3 181523 2760
29 2 1 194803 3050
29 2 2 194913 3000
29 2 3 194524 2980
30 2 1 208153 3240
30 2 2 209403 3200
30 2 3 207434 3170
31 2 1 222813 3450
31 2 2 223164 3420
31 2 3 231284 3371
32 2 1 236884 3630
32 2 2 238074 3630
32 2 3 237135 3580
33 2 1 252674 3860
33 2 2 253205 3870
33 2 3 251794 3810
34 2 1 267795 4080
34 2 2 268704 4050
34 2 3 266785 4040
35 2 1 284025 4330
35 2 2 293105 4300
35 2 3 283375 4260
36 2 1 300395 4540
36 2 2 301275 4530
36 2 3 299975 4491
37 2 1 317486 4800
37 2 2 317185 4820
37 2 3 315815 4740
38 2 1 333846 5050
38 2 2 335716 5040
38 2 3 334295 4981
39 2 1 352226 5330
39 2 2 354046 5280
39 2 3 362506 5250
40 2 1 372666 5560
40 2 2 371936 5560
40 2 3 379426 5501
41 2 1 390616 5870
41 2 2 390737 5810
41 2 3 388436 5781
42 2 1 408697 6130
42 2 2 410827 6090
42 2 3 409026 6070
43 2 1 428858 6400
43 2 2 428177 6370
43 2 3 428258 6330
44 2 1 448637 6690
44 2 2 449827 6700
44 2 3 448368 6630
45 2 1 469348 6980
45 2 2 470728 7020
45 2 3 470768 6920
46 2 1 491688 7300
46 2 2 490699 7280
46 2 3 490429 7230
47 2 1 512239 7630
47 2 2 613060 9091
47 2 3 510679 7540
48 2 1 532299 9470
48 2 2 630050 9440
48 2 3 624670 16540
49 2 1 601330 8260
49 2 2 566859 8240
49 2 3 555250 8180
50 2 1 578980 8580
50 2 2 581200 8550
50 2 3 578180 8490
1 3 1 710 40
1 3 2 780 30
1 3 3 410 20
2 3 1 4010 90
2 3 2 3590 60
2 3 3 2630 50
3 3 1 11901 560
3 3 2 11530 180
3 3 3 10210 130
4 3 1 20970 490
4 3 2 22180 350
4 3 3 20261 270
5 3 1 38421 710
5 3 2 40480 560
5 3 3 38531 520
6 3 1 66382 1080
6 3 2 67691 940
6 3 3 66091 850
7 3 1 104772 1560
7 3 2 106261 1500
7 3 3 104792 1410
8 3 1 156613 2240
8 3 2 158892 2150
8 3 3 157502 2090
9 3 1 223294 3150
9 3 2 225914 2990
9 3 3 223624 2950
10 3 1 308285 4210
10 3 2 308886 4100
10 3 3 307976 4020
11 3 1 410787 5580
11 3 2 412497 5390
11 3 3 410227 5320
12 3 1 532839 7160
12 3 2 534870 6990
12 3 3 534139 6990
13 3 1 679022 9101
13 3 2 680772 8890
13 3 3 680042 8820
14 3 1 850155 11281
14 3 2 856425 11090
14 3 3 849054 11011
15 3 1 1046908 13670
15 3 2 1046638 13590
15 3 3 1048048 13550
16 3 1 1272581 16631
16 3 2 1274312 16600
16 3 3 1284532 16541
17 3 1 1527087 19980
17 3 2 1533395 19920
17 3 3 1538516 19781
18 3 1 1829222 23841
18 3 2 1831231 23751
18 3 3 1816091 23740
19 3 1 2137416 28161
19 3 2 2136357 28000
19 3 3 2148426 27960
20 3 1 2496832 32841
20 3 2 2509143 32601
20 3 3 2501713 32650
21 3 1 2902369 38111
21 3 2 2899719 38091
21 3 3 2905729 37751
22 3 1 3331167 43811
22 3 2 3339057 43891
22 3 3 3338087 43551
23 3 1 3826416 50261
23 3 2 3811795 49961
23 3 3 4386154 59272
24 3 1 4728331 58661
24 3 2 4997215 80412
24 3 3 4346144 57031
25 3 1 4901734 64781
25 3 2 5278029 64631
25 3 3 4915325 64161
26 3 1 5514364 72952
26 3 2 5788209 72111
26 3 3 5515674 72151
27 3 1 6179485 87112
27 3 2 6191556 87222
27 3 3 6194795 86872
28 3 1 6902608 98242
28 3 2 6891588 96651
28 3 3 6895148 96532
29 3 1 7666471 147233
29 3 2 7671601 106952
29 3 3 7692931 106712
30 3 1 8469934 120172
30 3 2 8498775 118082
30 3 3 8469074 118152
31 3 1 10092152 194273
31 3 2 9368399 130432
31 3 3 9357129 129372
32 3 1 10295986 163523
32 3 2 10353027 161733
32 3 3 10298436 161273
33 3 1 11315352 157812
33 3 2 11295492 155632
33 3 3 11325783 155413
34 3 1 12383691 171453
34 3 2 12388170 170163
34 3 3 13475109 170273
35 3 1 13502860 188743
35 3 2 13524890 186913
35 3 3 14440066 221984
36 3 1 14666260 205094
36 3 2 17027120 202804
36 3 3 16800336 202273
37 3 1 18988994 226024
37 3 2 17845235 220364
37 3 3 17875885 220113
38 3 1 18772911 1238961
38 3 2 18697589 238004
38 3 3 18718399 237304
39 3 1 20314526 265704
39 3 2 20267185 257914
39 3 3 20202805 255204
40 3 1 21932124 281504
40 3 2 21911573 278904
40 3 3 22384922 332456
41 3 1 23612833 305426
41 3 2 23662273 297025
41 3 3 23663973 297675
42 3 1 24929245 330635
42 3 2 24848514 319836
42 3 3 25267671 381426
43 3 1 26797357 348476
43 3 2 26070504 345196
43 3 3 28298903 343516
44 3 1 28751390 379186
44 3 2 27865036 369466
44 3 3 28747260 365516
45 3 1 30894147 2059676
45 3 2 29261939 394656
45 3 3 30488281 398727
46 3 1 32710847 430408
46 3 2 31917824 425267
46 3 3 32453203 420228
47 3 1 35051007 466648
47 3 2 33531672 451787
47 3 3 34359866 445287
48 3 1 37243665 520519
48 3 2 35764120 501228
48 3 3 36511802 528119
49 3 1 39179578 779274
49 3 2 37499039 506869
49 3 3 38571918 502989
50 3 1 41789503 555359
50 3 2 40627622 536079
50 3 3 41266643 547719
