1 2 1 9020 50
1 2 2 820 30
1 2 3 330 30
2 2 1 2860 70
2 2 2 1550 40
2 2 3 930 40
3 2 1 3050 110
3 2 2 2570 100
3 2 3 1840 90
4 2 1 3880 180
4 2 2 3800 130
4 2 3 2740 130
5 2 1 4090 200
5 2 2 4770 140
5 2 3 3670 140
6 2 1 5421 250
6 2 2 6230 210
6 2 3 5080 180
7 2 1 6900 270
7 2 2 7980 260
7 2 3 6810 230
8 2 1 9210 310
8 2 2 9700 290
8 2 3 8531 260
9 2 1 10920 380
9 2 2 12250 340
9 2 3 10770 320
10 2 1 13670 450
10 2 2 14220 400
10 2 3 13010 390
11 2 1 15941 510
11 2 2 16830 481
11 2 3 15980 420
12 2 1 18711 600
12 2 2 19441 520
12 2 3 18471 490
13 2 1 21640 670
13 2 2 22840 621
13 2 3 21660 600
14 2 1 25231 770
14 2 2 26060 690
14 2 3 25401 660
15 2 1 28581 850
15 2 2 29660 800
15 2 3 28561 810
16 2 1 32390 960
16 2 2 33721 910
16 2 3 32461 850
17 2 1 36760 1040
17 2 2 38391 1000
17 2 3 37011 950
18 2 1 40921 1150
18 2 2 41851 1100
18 2 3 40641 1090
19 2 1 45921 1310
19 2 2 55651 1490
19 2 3 54381 1430
20 2 1 60191 1420
20 2 2 61351 1710
20 2 3 50161 1320
21 2 1 55671 1550
21 2 2 56831 1500
21 2 3 55611 1450
22 2 1 60791 1690
22 2 2 61571 1660
22 2 3 60511 1590
23 2 1 66541 1830
23 2 2 67361 1790
23 2 3 66671 1730
24 2 1 72551 1980
24 2 2 73601 1930
24 2 3 72541 1900
25 2 1 78512 2150
25 2 2 80411 2070
25 2 3 78231 2040
26 2 1 94962 2330
26 2 2 86422 2250
26 2 3 85812 2180
27 2 1 91932 2640
27 2 2 93571 2590
27 2 3 93112 2580
28 2 1 98432 2851
28 2 2 99382 2830
28 2 3 98221 2770
29 2 1 115672 3020
29 2 2 107862 3030
29 2 3 106252 2960
30 2 1 112682 3250
30 2 2 113732 3220
30 2 3 112652 3170
31 2 1 121252 3450
31 2 2 122742 3410
31 2 3 121482 3370
32 2 1 127792 3710
32 2 2 137923 3630
32 2 3 127873 3580
33 2 1 170963 3880
33 2 2 138012 3840
33 2 3 137653 3810
34 2 1 146273 4080
34 2 2 145963 4100
34 2 3 145993 4030
35 2 1 153752 4340
35 2 2 154183 4280
35 2 3 154433 4250
36 2 1 162883 4630
36 2 2 163173 4570
36 2 3 165293 4500
37 2 1 173383 4820
37 2 2 172733 4770
37 2 3 171382 4740
38 2 1 180263 5051
38 2 2 181713 5060
38 2 3 179853 4990
39 2 1 191973 5310
39 2 2 192953 5280
39 2 3 190733 5260
40 2 1 199404 5580
40 2 2 200773 5541
40 2 3 199663 5520
41 2 1 212463 5850
41 2 2 211513 5841
41 2 3 211104 5780
42 2 1 219784 6160
42 2 2 220963 6110
42 2 3 219854 6040
43 2 1 231404 6400
43 2 2 232604 6431
43 2 3 231244 6340
44 2 1 242974 6690
44 2 2 244314 6671
44 2 3 242274 6640
45 2 1 253644 6991
45 2 2 254144 7021
45 2 3 253594 6941
46 2 1 265114 7320
46 2 2 266124 7270
46 2 3 265314 7230
47 2 1 277245 7630
47 2 2 277524 7601
47 2 3 276365 7550
48 2 1 286785 7940
48 2 2 287565 7950
48 2 3 294915 7860
49 2 1 301305 8280
49 2 2 300955 8190
49 2 3 310545 8200
50 2 1 311035 8630
50 2 2 312175 8560
50 2 3 310945 8520
1 3 1 1730 40
1 3 2 820 30
1 3 3 430 30
2 3 1 2880 80
2 3 2 2810 80
2 3 3 1990 60
3 3 1 7940 490
3 3 2 7790 190
3 3 3 6970 140
4 3 1 15200 520
4 3 2 15330 350
4 3 3 13610 300
5 3 1 27181 690
5 3 2 27891 560
5 3 3 26551 510
6 3 1 45490 1040
6 3 2 45871 1400
6 3 3 44721 870
7 3 1 72011 1590
7 3 2 73051 1490
7 3 3 69861 1450
8 3 1 107232 2250
8 3 2 107012 2150
8 3 3 106812 2060
9 3 1 150582 3110
9 3 2 154123 3040
9 3 3 150773 2920
10 3 1 208853 4230
10 3 2 217474 4100
10 3 3 208494 4010
11 3 1 272995 5521
11 3 2 286845 5410
11 3 3 274115 5350
12 3 1 360056 7110
12 3 2 359906 6970
12 3 3 360126 6950
13 3 1 453618 9031
13 3 2 460538 8860
13 3 3 450118 8840
14 3 1 572899 11310
14 3 2 566510 11110
14 3 3 574220 11061
15 3 1 696152 13861
15 3 2 709432 13650
15 3 3 696342 13550
16 3 1 854734 20850
16 3 2 856235 17540
16 3 3 1031038 20810
17 3 1 1218611 20090
17 3 2 1030228 20080
17 3 3 1018467 19950
18 3 1 1223791 24000
18 3 2 1217651 23731
18 3 3 1226001 23680
19 3 1 1424464 28051
19 3 2 1441095 27930
19 3 3 1421084 27750
20 3 1 1687128 33031
20 3 2 1678509 32651
20 3 3 1699479 32550
21 3 1 1921743 38471
21 3 2 1965914 37851
21 3 3 1918883 44631
22 3 1 2262609 51501
22 3 2 2223278 43451
22 3 3 2249198 43320
23 3 1 2525073 49641
23 3 2 2562724 49381
23 3 3 2536794 49271
24 3 1 3481230 60271
24 3 2 2875329 59851
24 3 3 2912889 59672
25 3 1 3236426 72131
25 3 2 3308446 63931
25 3 3 3230045 63442
26 3 1 3713053 71992
26 3 2 3669193 71601
26 3 3 3773334 71352
27 3 1 4068430 87221
27 3 2 4156161 86192
27 3 3 4090370 85932
28 3 1 4624578 96772
28 3 2 4591549 96002
28 3 3 4622099 95612
29 3 1 5122948 106981
29 3 2 5180939 106602
29 3 3 5083497 105982
30 3 1 5730508 118452
30 3 2 5661497 117472
30 3 3 5706977 117352
31 3 1 6195226 419987
31 3 2 6376269 129562
31 3 3 6206476 129402
32 3 1 6934808 150883
32 3 2 6826616 150092
32 3 3 6928619 150442
33 3 1 7474528 157923
33 3 2 7623390 157353
33 3 3 7455757 155492
34 3 1 8339692 172003
34 3 2 8247391 169663
34 3 3 9352019 169752
35 3 1 8975932 209564
35 3 2 11259092 185503
35 3 3 10845425 185043
36 3 1 11452986 202913
36 3 2 11217181 201533
36 3 3 11374303 200513
37 3 1 12165108 230004
37 3 2 12070426 219813
37 3 3 11826411 218954
38 3 1 13905987 240284
38 3 2 12310079 245874
38 3 3 12510403 237444
39 3 1 14035620 262495
39 3 2 14218882 256945
39 3 3 14193892 345846
40 3 1 14869473 283105
40 3 2 14588909 277615
40 3 3 14777642 277215
41 3 1 16179346 304405
41 3 2 16035733 297835
41 3 3 16172646 295745
42 3 1 17382696 390787
42 3 2 16411740 319166
42 3 3 16996630 317765
43 3 1 18489345 350476
43 3 2 17217554 341975
43 3 3 17501269 349186
44 3 1 20471729 382127
44 3 2 18941413 367087
44 3 3 19030845 367307
45 3 1 21394665 407937
45 3 2 20891167 393426
45 3 3 20140554 467048
46 3 1 22686437 435237
46 3 2 21085219 419077
46 3 3 21271892 417707
47 3 1 23916317 468288
47 3 2 22897271 447228
47 3 3 22388351 454078
48 3 1 25478175 533589
48 3 2 24231663 522199
48 3 3 24361195 492939
49 3 1 26781406 1160190
49 3 2 26312979 506618
49 3 3 26780447 513479
50 3 1 28915973 561440
50 3 2 26972850 535389
50 3 3 28388694 538479
