1 2 1 72896557 12237159
1 2 2 157313 13440
1 2 3 133903 13190
1 2 4 131452 12990
2 2 1 134773 14170
2 2 2 129622 14130
2 2 3 130732 14420
2 2 4 134092 14150
3 2 1 138642 13931
3 2 2 134412 13651
3 2 3 134142 13851
3 2 4 134783 13670
4 2 1 140962 13700
4 2 2 138263 13971
4 2 3 137573 13710
4 2 4 138103 13741
5 2 1 155712 13680
5 2 2 149763 13930
5 2 3 149913 13600
5 2 4 149863 13680
6 2 1 161872 14360
6 2 2 158263 13741
6 2 3 159403 13780
6 2 4 156963 13710
7 2 1 171353 13771
7 2 2 168633 13860
7 2 3 173313 13751
7 2 4 166753 13730
8 2 1 194524 13820
8 2 2 182953 13730
8 2 3 184304 13870
8 2 4 185984 14760
9 2 1 199554 13790
9 2 2 199723 13680
9 2 3 208673 13670
9 2 4 196193 13780
10 2 1 215284 13870
10 2 2 212954 13921
10 2 3 216174 13830
10 2 4 214484 14461
11 2 1 242274 14260
11 2 2 235644 13781
11 2 3 235785 13730
11 2 4 233484 14051
12 2 1 254785 13881
12 2 2 250944 14091
12 2 3 253504 14121
12 2 4 257404 13920
13 2 1 278045 13990
13 2 2 272245 13911
13 2 3 274885 14180
13 2 4 274194 14790
14 2 1 300365 14010
14 2 2 299205 14110
14 2 3 301585 14021
14 2 4 296206 13840
15 2 1 344016 14220
15 2 2 324666 14281
15 2 3 329256 14360
15 2 4 327216 14140
16 2 1 350936 14191
16 2 2 350637 14190
16 2 3 352776 14270
16 2 4 351736 14300
17 2 1 386737 14360
17 2 2 383077 14481
17 2 3 380107 14541
17 2 4 385827 14400
18 2 1 420508 14360
18 2 2 411527 14410
18 2 3 417357 14440
18 2 4 408927 14281
19 2 1 445898 14560
19 2 2 440088 14421
19 2 3 447468 14361
19 2 4 445628 14361
20 2 1 477099 14381
20 2 2 466969 14330
20 2 3 470009 14400
20 2 4 471959 14450
21 2 1 550310 14661
21 2 2 516230 14590
21 2 3 518529 14590
21 2 4 518560 14580
22 2 1 561910 14830
22 2 2 560970 14881
22 2 3 556190 14850
22 2 4 553230 14850
23 2 1 593381 14761
23 2 2 592301 14760
23 2 3 593110 14900
23 2 4 591361 14890
24 2 1 640561 14970
24 2 2 645041 14880
24 2 3 635791 15101
24 2 4 629772 15000
25 2 1 694952 14880
25 2 2 675032 14940
25 2 3 675452 15011
25 2 4 683752 14820
26 2 1 719733 14880
26 2 2 716193 14990
26 2 3 723283 14900
26 2 4 722653 15220
27 2 1 769853 14760
27 2 2 785694 14990
27 2 3 767084 15080
27 2 4 752334 14450
28 2 1 825875 14560
28 2 2 813734 14500
28 2 3 828335 14490
28 2 4 825545 14460
29 2 1 856105 14590
29 2 2 848515 14650
29 2 3 865215 14840
29 2 4 853395 14600
30 2 1 965228 14550
30 2 2 936607 14621
30 2 3 918596 14241
30 2 4 928787 15171
31 2 1 992058 14661
31 2 2 977577 14430
31 2 3 980078 14500
31 2 4 972298 14950
32 2 1 1036489 14511
32 2 2 1027568 15030
32 2 3 1022339 14770
32 2 4 1033688 14590
33 2 1 1089230 14540
33 2 2 1087190 14560
33 2 3 1073690 14660
33 2 4 1097220 14590
34 2 1 1161550 14390
34 2 2 1139881 14701
34 2 3 1149611 15240
34 2 4 1139961 14350
35 2 1 1207011 14540
35 2 2 1204611 14610
35 2 3 1205132 14500
35 2 4 1200892 14961
36 2 1 1268363 14720
36 2 2 1259692 15140
36 2 3 1252612 14460
36 2 4 1269023 14500
37 2 1 1335884 14470
37 2 2 1314243 14440
37 2 3 1313383 14540
37 2 4 1316143 14840
38 2 1 1399785 14721
38 2 2 1408415 14401
38 2 3 1394464 14400
38 2 4 1379665 14931
39 2 1 1462736 14330
39 2 2 1467366 14561
39 2 3 1450176 14680
39 2 4 1445696 14620
40 2 1 1508517 14531
40 2 2 1501387 14450
40 2 3 1505848 14380
40 2 4 1524057 14500
41 2 1 1690470 14590
41 2 2 1613139 21191
41 2 3 1640119 14820
41 2 4 1612019 14510
42 2 1 1694251 14480
42 2 2 1688330 14550
42 2 3 1694050 14460
42 2 4 1687670 14420
43 2 1 1783702 14650
43 2 2 1763102 15630
43 2 3 1750972 14510
43 2 4 1759552 14550
44 2 1 1836682 14560
44 2 2 1839343 14501
44 2 3 1835433 14550
44 2 4 1835083 14480
45 2 1 1916154 14360
45 2 2 1928985 14500
45 2 3 1931644 15150
45 2 4 1908404 14500
46 2 1 1998896 14570
46 2 2 1995576 14390
46 2 3 1983155 14560
46 2 4 1985146 14700
47 2 1 2083247 14681
47 2 2 2061747 14470
47 2 3 2085748 14720
47 2 4 2063117 14390
48 2 1 2144448 14470
48 2 2 2169489 14580
48 2 3 2127069 14610
48 2 4 2131699 14670
49 2 1 2226720 14580
49 2 2 2225950 14510
49 2 3 2228870 14900
49 2 4 2245351 14740
50 2 1 2353962 14600
50 2 2 2314541 14580
50 2 3 2312382 14580
50 2 4 2294391 14340
51 2 1 2407413 14501
51 2 2 2431893 14510
51 2 3 2402633 14621
51 2 4 3864689 21081
52 2 1 2507175 14740
52 2 2 2467614 14600
52 2 3 2459664 14451
52 2 4 2505605 14680
53 2 1 2592227 14460
53 2 2 2577186 14440
53 2 3 2580376 14480
53 2 4 2577056 14500
54 2 1 2660008 14580
54 2 2 2662138 14560
54 2 3 2632637 14660
54 2 4 2669227 16930
55 2 1 2749520 15090
55 2 2 2755179 14520
55 2 3 2728669 14411
55 2 4 2762799 14641
56 2 1 2842791 14561
56 2 2 2825141 14910
56 2 3 2843221 14961
56 2 4 2840361 14610
57 2 1 2942033 14460
57 2 2 2930033 14411
57 2 3 2912172 14581
57 2 4 2923182 14650
58 2 1 3232338 14480
58 2 2 3104686 14490
58 2 3 3097665 14800
58 2 4 3102456 14590
59 2 1 3196367 14540
59 2 2 3207288 14580
59 2 3 3196488 14640
59 2 4 3195867 14490
60 2 1 3318650 14560
60 2 2 3304130 16931
60 2 3 3300389 14550
60 2 4 3316770 14700
61 2 1 3409071 14580
61 2 2 3394502 14620
61 2 3 3386200 14550
61 2 4 3381670 14870
62 2 1 3536944 15540
62 2 2 3543084 14591
62 2 3 3530993 14660
62 2 4 3495963 14621
63 2 1 3607195 14500
63 2 2 3607764 14480
63 2 3 3612125 14501
63 2 4 3604654 14590
64 2 1 3720487 14650
64 2 2 3703296 14600
64 2 3 3698017 14480
64 2 4 3721218 14760
65 2 1 3841148 14660
65 2 2 3814748 14640
65 2 3 3838609 14561
65 2 4 3806179 14720
66 2 1 3928230 14631
66 2 2 3927490 14491
66 2 3 3936061 14261
66 2 4 3928000 14610
67 2 1 4033202 14630
67 2 2 4018002 14840
67 2 3 4026723 14500
67 2 4 4015432 15710
68 2 1 4143624 14460
68 2 2 4173705 14530
68 2 3 4155925 14540
68 2 4 4118934 14560
69 2 1 4277187 14501
69 2 2 4260356 14620
69 2 3 4249806 14720
69 2 4 4274307 14760
70 2 1 4373049 14410
70 2 2 4372818 15110
70 2 3 4379949 14680
70 2 4 4430410 14340
71 2 1 4524720 14600
71 2 2 4508241 14420
71 2 3 4513590 14520
71 2 4 4496871 14460
72 2 1 4614713 14590
72 2 2 4604573 14581
72 2 3 4637243 14500
72 2 4 4620323 15031
73 2 1 4753185 14760
73 2 2 4739985 14691
73 2 3 4714234 14890
73 2 4 4716464 14470
74 2 1 4857807 14580
74 2 2 4872697 14550
74 2 3 4858568 15240
74 2 4 4839797 14461
75 2 1 4981750 14870
75 2 2 4979869 14890
75 2 3 4973229 14511
75 2 4 4970619 14531
76 2 1 5123332 14701
76 2 2 5089131 14551
76 2 3 5087012 14420
76 2 4 5087051 14310
77 2 1 5272385 14740
77 2 2 5247534 14611
77 2 3 5229703 14620
77 2 4 5211414 15101
78 2 1 5380037 14550
78 2 2 5358036 14560
78 2 3 5353176 14820
78 2 4 5354346 14570
79 2 1 5473338 14621
79 2 2 5459468 14680
79 2 3 5490548 14510
79 2 4 5458568 14640
80 2 1 5650341 14550
80 2 2 5612051 14610
80 2 3 5606651 14701
80 2 4 5651551 14600
81 2 1 5760383 14750
81 2 2 5772974 14700
81 2 3 5813894 15041
81 2 4 5756603 14571
82 2 1 6185761 14440
82 2 2 5912036 14610
82 2 3 5910586 14620
82 2 4 5888696 14610
83 2 1 6067719 14521
83 2 2 6064078 14640
83 2 3 6050698 14620
83 2 4 6033209 15021
84 2 1 6186951 14750
84 2 2 6161321 14630
84 2 3 6190081 14511
84 2 4 6176420 17880
85 2 1 6319153 14590
85 2 2 6296163 14710
85 2 3 6288044 15280
85 2 4 6351943 14540
86 2 1 6451046 14950
86 2 2 6509587 14661
86 2 3 6498296 14740
86 2 4 6481176 15640
87 2 1 6632779 14721
87 2 2 6585478 14760
87 2 3 6655619 14760
87 2 4 6627470 14560
88 2 1 6775192 15110
88 2 2 6733020 14600
88 2 3 6734391 14590
88 2 4 6757891 14630
89 2 1 6940065 14780
89 2 2 6900974 14781
89 2 3 6949845 14760
89 2 4 6918234 14620
90 2 1 7082147 14670
90 2 2 7063986 14710
90 2 3 7128768 14580
90 2 4 7052727 14670
91 2 1 7294540 17501
91 2 2 7217970 14621
91 2 3 7155478 14741
91 2 4 7195569 14860
92 2 1 7382002 14870
92 2 2 7370883 14651
92 2 3 7346921 14631
92 2 4 7345752 14920
93 2 1 7547175 14791
93 2 2 7493345 14690
93 2 3 7477324 14750
93 2 4 7542375 14711
94 2 1 7694928 14741
94 2 2 7668567 14740
94 2 3 7701998 14660
94 2 4 7712358 14760
95 2 1 7865051 14820
95 2 2 7845921 14920
95 2 3 7833350 14870
95 2 4 7825070 14791
96 2 1 7993984 14840
96 2 2 7966992 14891
96 2 3 8003244 14681
96 2 4 7977263 14670
97 2 1 8192077 15031
97 2 2 8151896 14850
97 2 3 8169746 16500
97 2 4 8169577 14611
98 2 1 8323279 15110
98 2 2 8311689 14890
98 2 3 8296549 14540
98 2 4 8280119 14720
99 2 1 8473332 14751
99 2 2 8493483 14700
99 2 3 8470971 14790
99 2 4 8495543 14830
100 2 1 8667595 18570
100 2 2 8696737 15021
100 2 3 8703535 14640
100 2 4 8660786 14751
101 2 1 8839469 14740
101 2 2 8895519 14791
101 2 3 8789788 14750
101 2 4 8803387 14660
102 2 1 8961301 14750
102 2 2 8989071 14830
102 2 3 8968382 14870
102 2 4 9016971 17571
103 2 1 9148294 17540
103 2 2 9192124 17521
103 2 3 9202326 17400
103 2 4 9208995 17461
104 2 1 9345627 17481
104 2 2 9428029 17240
104 2 3 9317407 17311
104 2 4 9293477 17450
105 2 1 9559341 17990
105 2 2 9527261 17880
105 2 3 9529811 17440
105 2 4 9497739 17800
106 2 1 9675644 17601
106 2 2 9756095 18171
106 2 3 9687584 17560
106 2 4 9753136 17661
107 2 1 10561539 25650
107 2 2 10130262 17570
107 2 3 9971838 17800
107 2 4 9844206 17710
108 2 1 10051301 17400
108 2 2 10061290 17390
108 2 3 10019399 17580
108 2 4 10010460 17321
109 2 1 10278544 17411
109 2 2 10232824 17600
109 2 3 10266273 17530
109 2 4 10212723 17331
110 2 1 10441478 17510
110 2 2 10371395 17491
110 2 3 10436978 17521
110 2 4 10423407 17800
111 2 1 10615110 17631
111 2 2 10574080 17430
111 2 3 10618721 17490
111 2 4 10587629 17740
112 2 1 10937556 17800
112 2 2 10979837 17921
112 2 3 10962236 17520
112 2 4 10927286 17511
113 2 1 11151470 17550
113 2 2 11081638 17720
113 2 3 11074069 17880
113 2 4 11084138 17520
114 2 1 11249861 18060
114 2 2 11232561 17620
114 2 3 11325353 17670
114 2 4 11362213 17681
115 2 1 12177118 17930
115 2 2 12787439 17840
115 2 3 12780269 17811
115 2 4 12744268 18120
116 2 1 13000214 18170
116 2 2 13038334 18160
116 2 3 12987663 17820
116 2 4 13006393 18201
117 2 1 13250268 18770
117 2 2 13215128 18201
117 2 3 13209347 18480
117 2 4 13241307 17780
118 2 1 13419170 18111
118 2 2 13472292 17630
118 2 3 13443272 17981
118 2 4 13433121 17860
119 2 1 13675324 18040
119 2 2 13640074 18350
119 2 3 13610994 18270
119 2 4 13609044 18221
120 2 1 13837799 18111
120 2 2 13868929 17641
120 2 3 13789047 17821
120 2 4 13812668 17830
121 2 1 14062823 17851
121 2 2 14059122 17830
121 2 3 14064752 17891
121 2 4 14021731 18390
122 2 1 14318906 17830
122 2 2 14834666 26170
122 2 3 14316027 18060
122 2 4 14246805 17970
123 2 1 14511510 18050
123 2 2 14527661 18190
123 2 3 14473549 18320
123 2 4 14474899 18690
124 2 1 14695704 17991
124 2 2 14663763 22750
124 2 3 14742185 17960
124 2 4 14695714 17930
125 2 1 14897737 18080
125 2 2 14935947 18390
125 2 3 14899096 17910
125 2 4 14963908 18310
126 2 1 15191333 18130
126 2 2 15083181 18210
126 2 3 15136112 18180
126 2 4 15151632 18231
127 2 1 15315475 17720
127 2 2 15325925 18240
127 2 3 15334065 17890
127 2 4 15295314 18031
128 2 1 15525669 18251
128 2 2 15524319 18191
128 2 3 15580420 18211
128 2 4 15577900 18091
129 2 1 15857345 17871
129 2 2 15757353 18251
129 2 3 15793164 18230
129 2 4 15762263 18011
130 2 1 16033458 17940
130 2 2 16030347 17930
130 2 3 15965816 18291
130 2 4 16046218 17700
131 2 1 16222201 18160
131 2 2 16202420 18950
131 2 3 16284152 18231
131 2 4 16253172 18320
132 2 1 16433155 18450
132 2 2 16483476 18240
132 2 3 16462186 18280
132 2 4 16554117 18551
133 2 1 16744961 18130
133 2 2 16723390 18210
133 2 3 16691880 17971
133 2 4 16718060 18000
134 2 1 16964854 18300
134 2 2 16923384 18231
134 2 3 16969645 18120
134 2 4 16999015 24821
135 2 1 17190679 18040
135 2 2 17172898 18071
135 2 3 17185368 18171
135 2 4 17146168 17981
136 2 1 17394522 18520
136 2 2 17230260 18340
136 2 3 17432842 18270
136 2 4 17424582 18780
137 2 1 17690537 18070
137 2 2 17621466 18261
137 2 3 18351679 26131
137 2 4 17631106 17951
138 2 1 17948692 18490
138 2 2 17858580 18070
138 2 3 17874760 18220
138 2 4 17848230 18251
139 2 1 18102215 18470
139 2 2 18104534 17950
139 2 3 18113174 21730
139 2 4 18148616 18211
140 2 1 18397520 18160
140 2 2 18412480 18750
140 2 3 18468221 18271
140 2 4 18319539 18410
141 2 1 18602224 18361
141 2 2 18547173 18151
141 2 3 18555933 18081
141 2 4 18612253 18480
142 2 1 18845018 18261
142 2 2 18851438 17980
142 2 3 18831647 17940
142 2 4 18895509 18210
143 2 1 19083992 18310
143 2 2 19060682 18130
143 2 3 19064092 18151
143 2 4 19055382 18101
144 2 1 19332457 18951
144 2 2 19365887 18950
144 2 3 19345187 18811
144 2 4 19388448 18780
145 2 1 19598571 20220
145 2 2 19633802 21061
145 2 3 19589932 19971
145 2 4 19596762 20450
146 2 1 19833596 20340
146 2 2 19870927 20301
146 2 3 19913927 20640
146 2 4 19855706 23451
147 2 1 20067360 20591
147 2 2 20132541 20830
147 2 3 20089220 20750
147 2 4 20120100 21100
148 2 1 20338215 20960
148 2 2 20272823 20880
148 2 3 20352765 20350
148 2 4 20292554 20691
149 2 1 20584439 20730
149 2 2 20606339 20940
149 2 3 20633020 20641
149 2 4 20714001 22350
150 2 1 20754973 20851
150 2 2 20826653 21020
150 2 3 20831243 20881
150 2 4 20831053 21420
151 2 1 21201420 21110
151 2 2 21123209 21341
151 2 3 21106620 21580
151 2 4 21072078 20941
152 2 1 21337853 20891
152 2 2 21443505 20751
152 2 3 21334313 20661
152 2 4 21396264 21120
153 2 1 21733160 20761
153 2 2 21746050 21040
153 2 3 21666179 21251
153 2 4 21713060 21080
154 2 1 22753168 29410
154 2 2 21967134 20801
154 2 3 21943383 21011
154 2 4 21887753 20850
155 2 1 22167327 21300
155 2 2 22193628 21191
155 2 3 22165298 21251
155 2 4 22219568 21060
156 2 1 22541525 20961
156 2 2 22492433 21201
156 2 3 22470773 20791
156 2 4 22471954 21020
157 2 1 22767668 21101
157 2 2 23020083 21481
157 2 3 22727787 21211
157 2 4 22767778 20890
158 2 1 23093034 21480
158 2 2 23142464 21150
158 2 3 22987192 21910
158 2 4 23019953 20990
159 2 1 23211516 21341
159 2 2 23388690 20901
159 2 3 23396109 21140
159 2 4 23309867 21860
160 2 1 23605773 21110
160 2 2 23553923 21121
160 2 3 23544932 22430
160 2 4 23546022 20981
161 2 1 23839798 21451
161 2 2 23839387 21190
161 2 3 23774176 21270
161 2 4 23835868 21031
162 2 1 24088642 21381
162 2 2 24118403 21231
162 2 3 24197795 21351
162 2 4 24174983 21210
163 2 1 25258713 21540
163 2 2 25173891 21520
163 2 3 25216182 22131
163 2 4 25191382 21630
164 2 1 25351134 22010
164 2 2 25452926 21850
164 2 3 25298354 22040
164 2 4 25296773 21820
165 2 1 25537949 21791
165 2 2 25541978 21810
165 2 3 25640770 22021
165 2 4 25568208 21770
166 2 1 25785262 21610
166 2 2 25849813 22110
166 2 3 25829013 21921
166 2 4 25805683 21730
167 2 1 26104838 21830
167 2 2 26063048 22001
167 2 3 26106298 21880
167 2 4 26050057 25410
168 2 1 26331642 23001
168 2 2 26331162 22360
168 2 3 26411193 21800
168 2 4 26406133 23000
169 2 1 26584717 22160
169 2 2 26653638 23371
169 2 3 26628178 22960
169 2 4 26650648 22431
170 2 1 26930753 22130
170 2 2 27015784 22340
170 2 3 26932623 21680
170 2 4 26936543 22411
171 2 1 27207198 22600
171 2 2 27193807 22200
171 2 3 28046903 30080
171 2 4 27270999 23451
172 2 1 27473363 22791
172 2 2 27464492 21840
172 2 3 27480053 25630
172 2 4 27509983 21811
173 2 1 27876330 22210
173 2 2 27767708 22010
173 2 3 27810258 22380
173 2 4 27765778 24030
174 2 1 28033012 21920
174 2 2 28057543 22380
174 2 3 28058783 22281
174 2 4 28137045 23321
175 2 1 28366089 22251
175 2 2 28325989 22951
175 2 3 28327788 23351
175 2 4 28295977 22571
176 2 1 28643324 23160
176 2 2 28698074 22840
176 2 3 28687535 22641
176 2 4 28654804 22500
177 2 1 29042230 23070
177 2 2 28917369 23341
177 2 3 28992599 22650
177 2 4 28957079 22970
178 2 1 29246214 22260
178 2 2 29173823 23870
178 2 3 29219354 23100
178 2 4 29213933 23170
179 2 1 29523329 22790
179 2 2 29518519 22960
179 2 3 29545609 23301
179 2 4 29587801 23071
180 2 1 29865536 23531
180 2 2 29990448 23771
180 2 3 29841686 24151
180 2 4 29946107 22921
181 2 1 30114209 23020
181 2 2 30114071 24251
181 2 3 30302662 23770
181 2 4 30040309 23650
182 2 1 30386285 24491
182 2 2 30481176 23861
182 2 3 30540907 24190
182 2 4 30339545 27641
183 2 1 30757731 24840
183 2 2 30661919 24421
183 2 3 30691690 23380
183 2 4 48537901 23851
184 2 1 31386102 23881
184 2 2 31567776 23710
184 2 3 31527786 24081
184 2 4 31405573 24341
185 2 1 31353922 24010
185 2 2 31405863 24400
185 2 3 31304272 24210
185 2 4 31496494 24471
186 2 1 31807441 26651
186 2 2 31707879 24060
186 2 3 31623718 24711
186 2 4 31648937 24660
187 2 1 31911443 24761
187 2 2 31853982 24980
187 2 3 32021574 24200
187 2 4 31960793 25471
188 2 1 32313089 24880
188 2 2 32401791 24710
188 2 3 32255379 24190
188 2 4 32263818 24341
189 2 1 33078033 24330
189 2 2 32646066 25411
189 2 3 32628965 24371
189 2 4 32636985 24730
190 2 1 32968201 24761
190 2 2 33633993 32030
190 2 3 33289057 24751
190 2 4 32911530 24670
191 2 1 33271707 24571
191 2 2 33581522 28190
191 2 3 33278226 24640
191 2 4 33292926 24870
192 2 1 33667714 25461
192 2 2 33795706 24970
192 2 3 33717855 24881
192 2 4 33585242 25250
193 2 1 34012810 24750
193 2 2 34084931 24421
193 2 3 34218183 24790
193 2 4 34023020 25480
194 2 1 34334476 24730
194 2 2 34342866 25130
194 2 3 34294775 25571
194 2 4 34507749 24441
195 2 1 34676992 26170
195 2 2 34575410 24911
195 2 3 34510659 24941
195 2 4 34506898 25021
196 2 1 34938656 25211
196 2 2 34923406 25480
196 2 3 34944647 25011
196 2 4 35104439 25050
197 2 1 35302224 25061
197 2 2 35308583 25911
197 2 3 35397225 25041
197 2 4 35281063 25171
198 2 1 35668400 25720
198 2 2 35573178 25650
198 2 3 35608399 25381
198 2 4 35846283 25991
199 2 1 36028346 25530
199 2 2 35951775 25541
199 2 3 36007785 25771
199 2 4 35980245 25391
200 2 1 36458473 25070
200 2 2 36287870 25521
200 2 3 36499325 26211
200 2 4 36394462 26570
201 2 1 36650417 26580
201 2 2 36723678 25170
201 2 3 36680558 25290
201 2 4 36680198 25791
202 2 1 37086385 26330
202 2 2 37036185 25641
202 2 3 37050825 25881
202 2 4 37426801 26750
203 2 1 37434361 26120
203 2 2 37420352 27491
203 2 3 37362230 25711
203 2 4 37358900 26281
204 2 1 37900189 32220
204 2 2 37763958 28291
204 2 3 37798687 28380
204 2 4 37625605 28110
205 2 1 37961641 28410
205 2 2 38033762 28141
205 2 3 38104413 28240
205 2 4 38099473 28500
206 2 1 38572862 29310
206 2 2 38467090 28931
206 2 3 38436549 28470
206 2 4 38891957 29350
207 2 1 38818456 29131
207 2 2 38809236 29020
207 2 3 38780666 29991
207 2 4 38833866 28861
208 2 1 39200893 29530
208 2 2 39278224 29880
208 2 3 39354106 29861
208 2 4 39280304 32160
209 2 1 39527628 29290
209 2 2 39677522 29691
209 2 3 39500239 29780
209 2 4 39529779 29660
210 2 1 39868275 29830
210 2 2 39898956 30431
210 2 3 39925596 29661
210 2 4 40488246 37441
211 2 1 40453945 30760
211 2 2 40227511 29801
211 2 3 40436844 29991
211 2 4 40453475 31090
212 2 1 40621539 30471
212 2 2 40734471 29800
212 2 3 40584978 29761
212 2 4 40528387 30841
213 2 1 40962844 30221
213 2 2 40983095 29881
213 2 3 41120277 30080
213 2 4 41039756 30220
214 2 1 41369312 30371
214 2 2 41467554 30401
214 2 3 41415802 30890
214 2 4 41383902 30390
215 2 1 41865941 30451
215 2 2 42228448 30631
215 2 3 41830200 30531
215 2 4 41830510 30281
216 2 1 42153696 31050
216 2 2 42149076 31381
216 2 3 42397130 30741
216 2 4 42202917 32720
217 2 1 42767616 31231
217 2 2 42522982 30660
217 2 3 42502353 30991
217 2 4 42597284 31031
218 2 1 42881169 31231
218 2 2 42888739 31590
218 2 3 42916699 30900
218 2 4 42734266 31640
219 2 1 43290906 31870
219 2 2 43319947 31331
219 2 3 43253185 31180
219 2 4 43196185 31301
220 2 1 43680493 31881
220 2 2 43674643 32031
220 2 3 43831407 32501
220 2 4 44163461 32511
221 2 1 44014639 31731
221 2 2 44146211 31800
221 2 3 44022669 35711
221 2 4 44055540 31831
222 2 1 44395996 29321
222 2 2 44444527 29151
222 2 3 44332214 28990
222 2 4 44517068 30151
223 2 1 45243062 29400
223 2 2 44882635 29311
223 2 3 44776833 28920
223 2 4 44787793 28450
224 2 1 45027667 29070
224 2 2 45075698 28421
224 2 3 45189100 29640
224 2 4 45127369 28971
225 2 1 45458255 30461
225 2 2 45499205 29690
225 2 3 45512876 32060
225 2 4 45468765 29080
226 2 1 45915983 29561
226 2 2 46330780 29330
226 2 3 45813182 29231
226 2 4 45902042 29810
227 2 1 46237949 29860
227 2 2 46339860 29610
227 2 3 46433383 30401
227 2 4 46426772 30351
228 2 1 46763339 30810
228 2 2 46724398 30421
228 2 3 46689047 31451
228 2 4 46620875 30560
229 2 1 47153046 31901
229 2 2 47236557 30770
229 2 3 47176425 30481
229 2 4 47172646 30530
230 2 1 48746223 30800
230 2 2 48573152 31650
230 2 3 48445628 30250
230 2 4 48553750 30200
231 2 1 48806005 30401
231 2 2 48790295 31201
231 2 3 48854837 30331
231 2 4 48819966 30590
232 2 1 49282203 31360
232 2 2 49258583 30500
232 2 3 49295135 31161
232 2 4 49597958 39001
233 2 1 49661931 32740
233 2 2 49512388 31221
233 2 3 49586500 32391
233 2 4 49455147 30311
234 2 1 50072579 32321
234 2 2 49960187 32241
234 2 3 49976456 33330
234 2 4 49962766 32580
235 2 1 50720960 34411
235 2 2 50338403 30891
235 2 3 50240680 31970
235 2 4 50374373 31220
236 2 1 51284240 32480
236 2 2 50808521 30961
236 2 3 50627957 32791
236 2 4 50728479 30900
237 2 1 51151847 32171
237 2 2 51201048 31900
237 2 3 51119046 31961
237 2 4 51165817 30631
238 2 1 51498874 31761
238 2 2 51511084 31980
238 2 3 51435202 32220
238 2 4 51439241 34171
239 2 1 52014633 32141
239 2 2 52153466 32491
239 2 3 51799419 31810
239 2 4 51964331 31841
240 2 1 52398150 32491
240 2 2 52310217 32250
240 2 3 52931259 33250
240 2 4 52372919 33120
241 2 1 52701275 33091
241 2 2 52650574 32381
241 2 3 52668595 32751
241 2 4 53246395 31920
242 2 1 53067581 33211
242 2 2 70565845 33940
242 2 3 53234795 31910
242 2 4 53373757 31710
243 2 1 53553710 33540
243 2 2 53618281 32770
243 2 3 53772784 32580
243 2 4 53671412 32091
244 2 1 54248722 32341
244 2 2 53970268 32450
244 2 3 54068209 33301
244 2 4 53985038 32951
245 2 1 54327944 33921
245 2 2 54331515 32701
245 2 3 54279243 32541
245 2 4 54466887 32370
246 2 1 54806633 35710
246 2 2 54960205 34401
246 2 3 54953706 32961
246 2 4 55080767 32671
247 2 1 55521176 32810
247 2 2 55284831 33900
247 2 3 55342382 33150
247 2 4 55164149 33020
248 2 1 55733769 35681
248 2 2 55553986 32951
248 2 3 55764190 34420
248 2 4 55634058 36421
249 2 1 56120956 33700
249 2 2 56156997 33741
249 2 3 55943693 34150
249 2 4 56131046 34211
250 2 1 56983111 33801
250 2 2 57071692 33590
250 2 3 56748818 33700
250 2 4 56574744 33571
251 2 1 57095474 33660
251 2 2 56949711 33510
251 2 3 56807668 33941
251 2 4 56934311 33420
252 2 1 57451040 34231
252 2 2 57471931 33221
252 2 3 57409299 33521
252 2 4 57499542 33141
253 2 1 57834917 34201
253 2 2 57829007 33911
253 2 3 58323706 34390
253 2 4 57831557 33230
254 2 1 58312045 34021
254 2 2 58258825 35580
254 2 3 58052871 33840
254 2 4 58257035 33940
255 2 1 58634961 34010
255 2 2 58732443 34031
255 2 3 58628052 34161
255 2 4 58647662 34421
256 2 1 59165592 33551
256 2 2 59642430 41501
256 2 3 59318803 34110
256 2 4 59093470 34641
257 2 1 59483067 35020
257 2 2 59481227 34271
257 2 3 59580089 38431
257 2 4 59341603 34511
258 2 1 59903174 34421
258 2 2 60607877 33840
258 2 3 59866134 34451
258 2 4 59931885 34921
259 2 1 60344583 35491
259 2 2 60245060 36130
259 2 3 60234140 34450
259 2 4 60534065 37390
260 2 1 60763399 34480
260 2 2 60776590 34341
260 2 3 60853941 34470
260 2 4 60993084 35451
261 2 1 61252258 34480
261 2 2 61175816 35541
261 2 3 61247968 35071
261 2 4 61262619 34760
262 2 1 61816848 35271
262 2 2 61672566 34570
262 2 3 61761108 34951
262 2 4 61750787 34511
263 2 1 62082654 35741
263 2 2 62076223 34671
263 2 3 62150295 34671
263 2 4 62143165 35130
264 2 1 62608112 35441
264 2 2 62427589 35331
264 2 3 62590783 35350
264 2 4 62565251 36471
265 2 1 62954589 35540
265 2 2 62917599 35111
265 2 3 62881147 35071
265 2 4 62756956 35740
266 2 1 63491818 35800
266 2 2 63321086 37211
266 2 3 63337555 36230
266 2 4 63976057 35910
267 2 1 63899495 37170
267 2 2 63821564 36271
267 2 3 63941847 36071
267 2 4 63700362 35281
268 2 1 64270662 37331
268 2 2 64193431 36701
268 2 3 64284484 36001
268 2 4 64610898 36551
269 2 1 64754901 39301
269 2 2 64805422 36491
269 2 3 64459307 37061
269 2 4 64565158 35531
270 2 1 65020166 36211
270 2 2 65286970 36270
270 2 3 65239340 35881
270 2 4 65387422 38240
271 2 1 65613816 37991
271 2 2 65680798 40230
271 2 3 65584756 36531
271 2 4 65465394 36971
272 2 1 66232397 37731
272 2 2 66401291 37601
272 2 3 66094675 36371
272 2 4 65983973 36600
273 2 1 67397489 36720
273 2 2 66525492 36550
273 2 3 66637545 36040
273 2 4 66290118 36321
274 2 1 67270336 37500
274 2 2 66964601 37180
274 2 3 67282096 37461
274 2 4 67135984 36881
275 2 1 67798526 36911
275 2 2 67600891 37121
275 2 3 67577892 38171
275 2 4 67490690 37941
276 2 1 68211503 38561
276 2 2 67989719 37360
276 2 3 68061731 37291
276 2 4 68290604 36931
277 2 1 68679752 37590
277 2 2 68716093 37871
277 2 3 68669310 38511
277 2 4 68574229 37751
278 2 1 69039829 37721
278 2 2 68800174 37571
278 2 3 68884795 37330
278 2 4 69285702 41511
279 2 1 69683659 38281
279 2 2 69895184 37840
279 2 3 69523046 37681
279 2 4 69395674 37230
280 2 1 70134738 38730
280 2 2 69905114 37571
280 2 3 70016965 40251
280 2 4 69801781 41140
281 2 1 70359672 38060
281 2 2 70424853 38861
281 2 3 70410423 38311
281 2 4 70552636 38111
282 2 1 76841507 59111
282 2 2 77221694 38261
282 2 3 71417241 39150
282 2 4 71166976 37881
283 2 1 71431651 38671
283 2 2 71393091 38661
283 2 3 72162263 38250
283 2 4 71522782 38201
284 2 1 71910669 40031
284 2 2 72015842 38611
284 2 3 71912310 38750
284 2 4 72114813 40201
285 2 1 73287325 39571
285 2 2 72398358 42230
285 2 3 72627702 39751
285 2 4 72345238 39641
286 2 1 72942088 42640
286 2 2 72875367 40211
286 2 3 72741544 42931
286 2 4 72880286 39891
287 2 1 73249093 41980
287 2 2 73687691 39551
287 2 3 73250833 40830
287 2 4 73332255 41581
288 2 1 73782753 41601
288 2 2 73931836 41351
288 2 3 73981216 40441
288 2 4 73762812 40301
289 2 1 74725639 43981
289 2 2 74248812 40931
289 2 3 74240091 41171
289 2 4 74689369 41101
290 2 1 74880522 41410
290 2 2 74880383 42380
290 2 3 74901783 40961
290 2 4 74898403 42031
291 2 1 76009833 41041
291 2 2 75425873 40940
291 2 3 75214548 41191
291 2 4 75131708 41911
292 2 1 75611526 41721
292 2 2 75765749 41240
292 2 3 75826509 41691
292 2 4 75819219 41691
293 2 1 77046992 42121
293 2 2 76225426 42521
293 2 3 76308118 42121
293 2 4 76317099 41111
294 2 1 76806547 41631
294 2 2 76863989 41931
294 2 3 76808698 42931
294 2 4 76719506 44201
295 2 1 77285705 46181
295 2 2 77171314 41690
295 2 3 77287135 42521
295 2 4 77207935 42050
296 2 1 77853877 43031
296 2 2 77685463 42181
296 2 3 77531780 43291
296 2 4 77634282 42251
297 2 1 78120851 42600
297 2 2 78061640 43411
297 2 3 78492768 44491
297 2 4 78125180 42381
298 2 1 78932185 42751
298 2 2 78706531 42691
298 2 3 78755522 41701
298 2 4 78865964 42261
299 2 1 79332003 44151
299 2 2 79806911 43191
299 2 3 79207460 42621
299 2 4 79052068 41891
300 2 1 79652578 43871
300 2 2 79693409 42961
300 2 3 79497736 42320
300 2 4 79727209 42491
301 2 1 80438882 42820
301 2 2 80439043 43040
301 2 3 80290499 42821
301 2 4 80212718 44161
302 2 1 80712128 42691
302 2 2 80909770 43181
302 2 3 80812049 44410
302 2 4 81051494 42990
303 2 1 81347049 43591
303 2 2 81424650 43181
303 2 3 81235917 43491
303 2 4 81220866 42721
304 2 1 81860668 45321
304 2 2 81787796 47771
304 2 3 81825978 43270
304 2 4 81873718 44071
305 2 1 82230395 43871
305 2 2 82695583 43581
305 2 3 82479849 43311
305 2 4 82421988 43730
306 2 1 82822176 43220
306 2 2 82853345 43921
306 2 3 82958598 46761
306 2 4 82763103 43841
307 2 1 83664261 44301
307 2 2 83429245 44341
307 2 3 83292804 44111
307 2 4 83677470 45891
308 2 1 84179790 43990
308 2 2 84213320 45031
308 2 3 84068008 46391
308 2 4 84070247 44271
309 2 1 84525176 52991
309 2 2 84581847 44351
309 2 3 84509675 43981
309 2 4 84705409 45281
310 2 1 85569374 52541
310 2 2 85138087 44331
310 2 3 84774300 45771
310 2 4 84876212 45710
311 2 1 85765268 44841
311 2 2 85868280 44791
311 2 3 85312629 45791
311 2 4 85327880 46630
312 2 1 85888031 49781
312 2 2 86664744 45111
312 2 3 85985492 45020
312 2 4 86222376 45531
313 2 1 86424309 46361
313 2 2 86468481 45560
313 2 3 86623984 45101
313 2 4 97643070 45641
314 2 1 87113192 45570
314 2 2 87471679 48921
314 2 3 87096871 45611
314 2 4 87344936 45841
315 2 1 87702533 46441
315 2 2 87933098 45831
315 2 3 87926736 45700
315 2 4 87753104 46920
316 2 1 88025408 46051
316 2 2 88434056 46461
316 2 3 89220540 46581
316 2 4 87874105 46111
317 2 1 88888533 46041
317 2 2 88701771 46000
317 2 3 88621080 45981
317 2 4 89611497 46191
318 2 1 89367602 47321
318 2 2 89514335 46931
318 2 3 89356232 46730
318 2 4 89592257 50640
319 2 1 89749389 47171
319 2 2 89893322 47320
319 2 3 89920403 47451
319 2 4 89850092 47221
320 2 1 90434652 49231
320 2 2 90199708 47851
320 2 3 90430701 50321
320 2 4 90393750 47371
321 2 1 91121334 48351
321 2 2 90795928 47761
321 2 3 90937541 47601
321 2 4 91293707 48051
322 2 1 91434339 48201
322 2 2 91486980 48641
322 2 3 91910348 49281
322 2 4 91553722 47481
323 2 1 91659794 48271
323 2 2 91689684 48541
323 2 3 91873617 48771
323 2 4 91790456 48450
324 2 1 92660192 49551
324 2 2 92906546 48281
324 2 3 92914126 48601
324 2 4 92815624 48331
325 2 1 95051514 53181
325 2 2 95146956 51511
325 2 3 96228995 51881
325 2 4 94999794 51001
326 2 1 95355969 54261
326 2 2 95567894 52711
326 2 3 95631895 53331
326 2 4 95479892 51981
327 2 1 96092253 51521
327 2 2 96067843 55511
327 2 3 96098163 55231
327 2 4 96108533 51541
328 2 1 96420049 53531
328 2 2 96894859 53601
328 2 3 96340267 52851
328 2 4 96606992 54321
329 2 1 97988407 52881
329 2 2 96992100 52921
329 2 3 97504569 52581
329 2 4 97015000 52991
330 2 1 98010428 53331
330 2 2 97564980 53511
330 2 3 97663091 53641
330 2 4 97786384 54271
331 2 1 98455895 52101
331 2 2 98238231 53131
331 2 3 98331084 54141
331 2 4 98082909 53350
332 2 1 99174929 52831
332 2 2 98975015 53521
332 2 3 98568067 54021
332 2 4 98520857 53121
333 2 1 99354042 54301
333 2 2 99445303 53681
333 2 3 99418242 56261
333 2 4 99343392 54801
334 2 1 99876531 53631
334 2 2 99732548 54151
334 2 3 99979793 57001
334 2 4 101179294 54281
335 2 1 100473812 57371
335 2 2 100413611 53761
335 2 3 100328809 54801
335 2 4 100208217 53861
336 2 1 100648085 54531
336 2 2 100954440 55281
336 2 3 100683476 54891
336 2 4 101878876 56781
337 2 1 101540341 55611
337 2 2 101639422 56181
337 2 3 101508661 54201
337 2 4 101522950 55651
338 2 1 102158882 56101
338 2 2 101984598 54741
338 2 3 102158052 55211
338 2 4 102214773 56031
339 2 1 103004497 57971
339 2 2 103146340 56651
339 2 3 102788763 56581
339 2 4 110840717 68442
340 2 1 107189962 65012
340 2 2 105579564 65391
340 2 3 104413702 60961
340 2 4 104291800 61321
341 2 1 105091434 62271
341 2 2 104847440 60671
341 2 3 105028604 60151
341 2 4 104635026 62151
342 2 1 105660394 60221
342 2 2 105535723 59321
342 2 3 104942272 61011
342 2 4 105071284 60361
343 2 1 105794056 61561
343 2 2 105642395 58941
343 2 3 105542113 60001
343 2 4 105543822 59741
344 2 1 106334866 59271
344 2 2 105891238 61871
344 2 3 105872429 59911
344 2 4 107297914 59091
345 2 1 106522200 60591
345 2 2 106106562 60831
345 2 3 106311166 60801
345 2 4 106071763 60511
346 2 1 106620182 59671
346 2 2 107003769 61331
346 2 3 106844346 60011
346 2 4 106588861 60871
347 2 1 108442475 61221
347 2 2 107439936 61271
347 2 3 107397677 60842
347 2 4 107065180 58862
348 2 1 107992957 63921
348 2 2 107935555 62951
348 2 3 107820713 60971
348 2 4 107795663 60691
349 2 1 108594147 59331
349 2 2 108475885 63111
349 2 3 108570036 60091
349 2 4 108307331 63902
350 2 1 108908213 62231
350 2 2 109081336 63541
350 2 3 109713307 64131
350 2 4 109021195 62281
351 2 1 110148415 64862
351 2 2 109667807 62311
351 2 3 109752698 63071
351 2 4 109680767 65431
352 2 1 110507321 62431
352 2 2 110196456 63421
352 2 3 110506432 62111
352 2 4 110499781 62741
353 2 1 110857308 63152
353 2 2 110640024 59531
353 2 3 110804737 63732
353 2 4 110570373 61361
354 2 1 111210114 63791
354 2 2 111414198 66261
354 2 3 111479450 63042
354 2 4 111248135 63181
355 2 1 112067490 64051
355 2 2 111847746 61811
355 2 3 112031409 64691
355 2 4 111832175 64141
356 2 1 112616479 63791
356 2 2 112675040 62751
356 2 3 112827383 63981
356 2 4 112605829 63802
357 2 1 113147179 61552
357 2 2 112978686 61731
357 2 3 113126288 62321
357 2 4 113351222 66491
358 2 1 113742209 63211
358 2 2 113806941 62801
358 2 3 113825671 62621
358 2 4 113737580 60161
359 2 1 114488853 63381
359 2 2 114132026 62591
359 2 3 114306220 64461
359 2 4 114385471 63741
360 2 1 114927300 65642
360 2 2 114795649 64651
360 2 3 114905402 65171
360 2 4 115519492 65921
361 2 1 115834537 61741
361 2 2 116094402 75352
361 2 3 116755364 64641
361 2 4 115441361 64061
362 2 1 117636050 66661
362 2 2 116175823 66521
362 2 3 116593171 64281
362 2 4 116460289 66162
363 2 1 116772665 66602
363 2 2 117536028 64751
363 2 3 117054539 65061
363 2 4 117038599 65781
364 2 1 117400615 62761
364 2 2 117291564 66321
364 2 3 117645919 64151
364 2 4 117504737 63011
365 2 1 118004235 63331
365 2 2 118057568 64002
365 2 3 117911534 63371
365 2 4 118139599 65561
366 2 1 118759909 66531
366 2 2 118629978 66791
366 2 3 118782009 65061
366 2 4 118886222 65161
367 2 1 119183837 66631
367 2 2 118979083 65521
367 2 3 120697244 64201
367 2 4 119367700 67152
368 2 1 119663886 66021
368 2 2 119710196 65081
368 2 3 119618735 65232
368 2 4 119531504 64081
369 2 1 120392988 64931
369 2 2 120645514 66861
369 2 3 120803466 64142
369 2 4 120310117 65561
370 2 1 120989760 66791
370 2 2 121000899 64891
370 2 3 121312645 65641
370 2 4 121322496 66921
371 2 1 121709332 65431
371 2 2 121881475 66231
371 2 3 121697342 64661
371 2 4 121623711 66881
372 2 1 121976247 66171
372 2 2 122392295 69961
372 2 3 122293243 66501
372 2 4 122154530 66372
373 2 1 123635807 69991
373 2 2 123311131 65741
373 2 3 122993276 66782
373 2 4 122864204 64972
374 2 1 123484964 69031
374 2 2 123646607 67681
374 2 3 123585866 66781
374 2 4 123492095 69081
375 2 1 124355570 68601
375 2 2 124005844 68041
375 2 3 124440041 67591
375 2 4 124182806 66831
376 2 1 125127803 70691
376 2 2 126563070 67931
376 2 3 124866689 70171
376 2 4 124792938 69982
377 2 1 125573302 69542
377 2 2 125512001 68941
377 2 3 125825477 70991
377 2 4 125783906 71052
378 2 1 126495969 71811
378 2 2 126303856 69181
378 2 3 126318105 70292
378 2 4 126423338 69401
379 2 1 127191851 68811
379 2 2 126887116 69871
379 2 3 126801334 69791
379 2 4 126744133 69761
380 2 1 127965695 70632
380 2 2 128497155 70031
380 2 3 127619528 69742
380 2 4 127768602 70781
381 2 1 129066025 68851
381 2 2 128523375 69761
381 2 3 128200419 69151
381 2 4 128982863 68891
382 2 1 129031834 70582
382 2 2 128641697 73932
382 2 3 128793570 71312
382 2 4 130272946 72092
383 2 1 129592164 70521
383 2 2 129180356 73041
383 2 3 129468132 75111
383 2 4 129506672 72981
384 2 1 130195645 69361
384 2 2 129998271 72922
384 2 3 131431207 69961
384 2 4 129988562 69321
385 2 1 130427869 70212
385 2 2 132212771 70101
385 2 3 130932028 71001
385 2 4 132345144 72681
386 2 1 131006619 71041
386 2 2 131585400 68551
386 2 3 131622420 71101
386 2 4 131960386 70871
387 2 1 132205600 70632
387 2 2 131765613 74031
387 2 3 131945196 73071
387 2 4 132052458 73671
388 2 1 132672379 71832
388 2 2 132574308 74021
388 2 3 132486536 73152
388 2 4 132662839 70881
389 2 1 133388482 71502
389 2 2 133583706 73081
389 2 3 133722578 72291
389 2 4 133324710 71092
390 2 1 134342329 74531
390 2 2 134126726 72161
390 2 3 133677277 71911
390 2 4 133911912 70461
391 2 1 134874738 72671
391 2 2 134712385 73502
391 2 3 134521402 74222
391 2 4 135931317 74282
392 2 1 135370348 71401
392 2 2 135323066 73981
392 2 3 135207445 74011
392 2 4 135099122 75472
393 2 1 136193132 73461
393 2 2 135833716 72272
393 2 3 136372835 72661
393 2 4 136464158 74291
394 2 1 136267973 71851
394 2 2 136411677 73871
394 2 3 136605979 74421
394 2 4 136373576 71931
395 2 1 137003747 74141
395 2 2 137186380 74762
395 2 3 138545585 72892
395 2 4 137373563 72812
396 2 1 138013654 75961
396 2 2 138186049 78471
396 2 3 138473704 73631
396 2 4 137876792 76411
397 2 1 138717738 72752
397 2 2 138629806 72021
397 2 3 139749025 73592
397 2 4 138749988 76672
398 2 1 140913397 74971
398 2 2 139175925 75332
398 2 3 138943001 75421
398 2 4 139853498 75521
399 2 1 140258996 74211
399 2 2 139991771 75082
399 2 3 139904748 73982
399 2 4 140073331 74762
400 2 1 140421098 74031
400 2 2 140860266 74231
400 2 3 140967779 73411
400 2 4 140979998 73921
1 3 1 152693 14770
1 3 2 133393 14430
1 3 3 133162 14360
1 3 4 130052 14671
2 3 1 143703 14430
2 3 2 139592 14400
2 3 3 139812 14410
2 3 4 138252 14420
3 3 1 164853 16680
3 3 2 161543 16671
3 3 3 164523 17181
3 3 4 159703 16631
4 3 1 209294 16731
4 3 2 208584 17290
4 3 3 205304 16680
4 3 4 215024 16510
5 3 1 277305 17000
5 3 2 275785 17001
5 3 3 277465 16921
5 3 4 278285 18341
6 3 1 384437 17470
6 3 2 384577 17390
6 3 3 391907 17400
6 3 4 383667 17420
7 3 1 539020 17880
7 3 2 538810 17861
7 3 3 538410 17921
7 3 4 567560 17780
8 3 1 729633 18970
8 3 2 731163 18451
8 3 3 734044 18480
8 3 4 724073 18410
9 3 1 1039248 18750
9 3 2 1001328 18490
9 3 3 1004618 18560
9 3 4 988917 18460
10 3 1 1326433 18790
10 3 2 1304503 18970
10 3 3 1314054 18510
10 3 4 1312553 18780
11 3 1 1800642 18631
11 3 2 1727121 18740
11 3 3 1714091 18901
11 3 4 1721721 18721
12 3 1 2181839 18790
12 3 2 2159439 18820
12 3 3 2165169 18570
12 3 4 2177640 19341
13 3 1 2704758 18900
13 3 2 2697788 19281
13 3 3 2712319 18760
13 3 4 2700448 19350
14 3 1 3528433 19380
14 3 2 3379940 18740
14 3 3 3416291 18930
14 3 4 3379640 18780
15 3 1 4114203 19240
15 3 2 4088654 19100
15 3 3 4104814 18931
15 3 4 4080133 19340
16 3 1 4940699 19361
16 3 2 4898498 18961
16 3 3 4905328 19071
16 3 4 4912689 19291
17 3 1 5864555 19180
17 3 2 5824905 19231
17 3 3 5847345 19060
17 3 4 5802584 18971
18 3 1 7139328 19021
18 3 2 6879093 19370
18 3 3 6862933 19000
18 3 4 6928623 19000
19 3 1 8112896 19491
19 3 2 7999453 21450
19 3 3 8031344 19170
19 3 4 8038394 19380
20 3 1 9380827 19260
20 3 2 9324127 19400
20 3 3 9344207 19190
20 3 4 9269257 19300
21 3 1 10982487 19441
21 3 2 10860904 19520
21 3 3 10837584 19540
21 3 4 10861855 19341
22 3 1 12993423 19740
22 3 2 12570775 22830
22 3 3 12573685 19661
22 3 4 12616576 19670
23 3 1 14297786 19790
23 3 2 14263646 19720
23 3 3 14276936 19830
23 3 4 14295177 19751
24 3 1 16195031 19670
24 3 2 16093118 20101
24 3 3 16071288 19791
24 3 4 16145319 19550
25 3 1 18311229 19791
25 3 2 18148365 20180
25 3 3 18124745 20910
25 3 4 18089264 20220
26 3 1 20548079 20161
26 3 2 20285524 19691
26 3 3 20262983 19710
26 3 4 20371705 20141
27 3 1 23273927 20500
27 3 2 22947302 20891
27 3 3 23001303 20230
27 3 4 22830049 20031
28 3 1 25468348 22621
28 3 2 25461307 22330
28 3 3 25568879 22941
28 3 4 25495247 23250
29 3 1 28124144 23390
29 3 2 28324748 24130
29 3 3 28249676 24051
29 3 4 28193186 23770
30 3 1 31373653 24240
30 3 2 31027207 27950
30 3 3 31102227 25380
30 3 4 31034586 24220
31 3 1 34485148 27390
31 3 2 34174213 28111
31 3 3 34325325 28020
31 3 4 34162403 27791
32 3 1 37769767 31741
32 3 2 37663056 31211
32 3 3 37511363 31070
32 3 4 37843389 31801
33 3 1 41296581 31501
33 3 2 41301931 30920
33 3 3 41317901 31201
33 3 4 41131307 31621
34 3 1 45992695 32590
34 3 2 45366844 33011
34 3 3 45425724 32500
34 3 4 45380505 33851
35 3 1 49442677 38400
35 3 2 49445677 37951
35 3 3 49257162 39081
35 3 4 49599769 39151
36 3 1 53973278 41170
36 3 2 53813215 40301
36 3 3 53787775 41701
36 3 4 53622322 41391
37 3 1 58020521 41491
37 3 2 58282735 41160
37 3 3 58071851 40990
37 3 4 58280845 40670
38 3 1 63008599 41491
38 3 2 62820847 42390
38 3 3 62730394 42230
38 3 4 62982060 42581
39 3 1 68372177 43871
39 3 2 68335956 45941
39 3 3 68436686 43941
39 3 4 68026900 46771
40 3 1 73533028 46371
40 3 2 73489699 46441
40 3 3 73262543 46341
40 3 4 73376006 46391
41 3 1 78843823 47311
41 3 2 78758743 47980
41 3 3 78914784 48101
41 3 4 78590570 47270
42 3 1 85131156 50061
42 3 2 84511386 52471
42 3 3 84648039 49581
42 3 4 84418415 50561
43 3 1 92942237 51491
43 3 2 96300737 53491
43 3 3 96467010 51431
43 3 4 96730565 53081
44 3 1 103058459 59022
44 3 2 103280053 58761
44 3 3 103746541 63571
44 3 4 103444215 57941
45 3 1 109424772 61531
45 3 2 109888380 62061
45 3 3 109513114 63601
45 3 4 109770098 62521
46 3 1 116514089 62161
46 3 2 116235705 67041
46 3 3 116755243 65552
46 3 4 116589191 65261
47 3 1 124001124 70791
47 3 2 124180267 70001
47 3 3 123990733 72102
47 3 4 124737527 69931
48 3 1 131920796 72751
48 3 2 131642851 72101
48 3 3 131589140 70411
48 3 4 132221261 71051
49 3 1 140113383 74201
49 3 2 140264946 74021
49 3 3 140407167 74721
49 3 4 139763726 73901
50 3 1 148306420 79831
50 3 2 148292499 80012
50 3 3 148577924 78552
50 3 4 148599394 78712
51 3 1 156517797 86632
51 3 2 156724101 86661
51 3 3 156650300 85492
51 3 4 157802120 86861
52 3 1 166545966 87202
52 3 2 165705031 87292
52 3 3 166707749 85022
52 3 4 165729672 84362
53 3 1 175949765 91221
53 3 2 175801083 88642
53 3 3 175546928 90841
53 3 4 176159180 89022
54 3 1 188565812 100072
54 3 2 188709514 99261
54 3 3 188787506 99082
54 3 4 189009099 102492
55 3 1 199030280 108511
55 3 2 197953940 109002
55 3 3 198471369 107372
55 3 4 198303577 108362
56 3 1 209517997 111682
56 3 2 208865026 111322
56 3 3 209761121 112552
56 3 4 209147281 110372
57 3 1 220116788 112892
57 3 2 219955555 113613
57 3 3 221496963 115412
57 3 4 220477414 113792
58 3 1 231719506 120292
58 3 2 231732506 119472
58 3 3 232055262 116632
58 3 4 231068644 119792
59 3 1 242509499 125092
59 3 2 242337336 124022
59 3 3 242005460 125222
59 3 4 242649762 125463
60 3 1 256273046 129642
60 3 2 255272848 129292
60 3 3 255205857 128912
60 3 4 254963952 129252
61 3 1 267604179 133393
61 3 2 266977049 134172
61 3 3 266882957 132542
61 3 4 266721493 132723
62 3 1 279802127 137592
62 3 2 280064753 137833
62 3 3 280006601 136632
62 3 4 281144041 138052
63 3 1 293187019 143843
63 3 2 294307168 141403
63 3 3 293542524 143322
63 3 4 293918971 145063
64 3 1 306456946 149343
64 3 2 308784448 148762
64 3 3 306997126 149623
64 3 4 308434031 149463
65 3 1 321297382 154213
65 3 2 322649466 154883
65 3 3 322328591 153963
65 3 4 321398404 154993
66 3 1 337425831 163233
66 3 2 337314659 162643
66 3 3 336528325 160373
66 3 4 337256718 161493
67 3 1 352619934 164793
67 3 2 350496636 164513
67 3 3 350171640 165853
67 3 4 350766011 164483
68 3 1 370296192 172113
68 3 2 371620204 170323
68 3 3 371078505 171363
68 3 4 371200007 169723
69 3 1 388031409 178493
69 3 2 388339755 177953
69 3 3 388422655 178403
69 3 4 389294831 177564
70 3 1 403053039 183403
70 3 2 404071966 184053
70 3 3 405290318 183463
70 3 4 404306630 183193
71 3 1 420727626 192474
71 3 2 421282315 193564
71 3 3 422136391 189704
71 3 4 422075640 188713
72 3 1 439987591 194414
72 3 2 439600024 195014
72 3 3 438080728 195584
72 3 4 438626517 193934
73 3 1 459270877 211664
73 3 2 458091065 210474
73 3 3 457892782 210664
73 3 4 458345370 212473
74 3 1 476678339 216424
74 3 2 474717724 216474
74 3 3 474590951 216964
74 3 4 474601042 215864
75 3 1 495018068 222614
75 3 2 494369827 223514
75 3 3 495180941 223174
75 3 4 494767753 224714
76 3 1 515209480 230104
76 3 2 514066770 226064
76 3 3 512665244 228144
76 3 4 514291624 229564
77 3 1 534277022 243984
77 3 2 532619273 245945
77 3 3 532616602 245164
77 3 4 533860215 246205
78 3 1 555613215 250475
78 3 2 552335556 253435
78 3 3 553592528 253634
78 3 4 554524266 251824
79 3 1 574637606 259644
79 3 2 572557839 260985
79 3 3 574178477 259604
79 3 4 574630916 259135
80 3 1 597176280 266645
80 3 2 594984041 266875
80 3 3 596475548 260615
80 3 4 596002180 264745
81 3 1 617108127 282815
81 3 2 619468550 280145
81 3 3 617818280 284765
81 3 4 617597237 279695
82 3 1 641044576 288275
82 3 2 643342368 289905
82 3 3 640710901 291145
82 3 4 642037656 290095
83 3 1 666082457 295255
83 3 2 662719876 300025
83 3 3 664524077 297616
83 3 4 664375375 295835
84 3 1 688232153 301115
84 3 2 687123474 300935
84 3 3 688789773 301336
84 3 4 689782102 303925
85 3 1 721386768 323285
85 3 2 723940574 322846
85 3 3 722220393 322905
85 3 4 722608500 323135
86 3 1 747053758 329826
86 3 2 746813554 331506
86 3 3 745546762 330306
86 3 4 743921015 330996
87 3 1 771128901 343637
87 3 2 772395103 342606
87 3 3 771696220 342506
87 3 4 774218596 342986
88 3 1 800617468 354566
88 3 2 801120388 354276
88 3 3 798435649 355606
88 3 4 796195950 355217
89 3 1 821253629 365016
89 3 2 824705051 366886
89 3 3 823261026 365047
89 3 4 828466978 365027
90 3 1 852717614 375066
90 3 2 850166348 375206
90 3 3 852001061 377386
90 3 4 852896508 377476
91 3 1 880595465 387027
91 3 2 879320681 385607
91 3 3 879341671 388217
91 3 4 877350335 386657
92 3 1 906705614 400917
92 3 2 907722911 398557
92 3 3 909609565 400697
92 3 4 906463369 398937
93 3 1 936110520 410137
93 3 2 937223200 409828
93 3 3 935601721 409308
93 3 4 936756752 413167
94 3 1 963447661 422428
94 3 2 967227128 424957
94 3 3 964595551 423857
94 3 4 966856072 421797
95 3 1 995787721 433028
95 3 2 997955499 436608
95 3 3 994559378 433968
95 3 4 997247536 435298
96 3 1 1025569054 447518
96 3 2 1029267951 445818
96 3 3 1028223593 445548
96 3 4 1023447178 446278
97 3 1 1060881918 462029
97 3 2 1056642503 460839
97 3 3 1056361088 462189
97 3 4 1054834921 461138
98 3 1 1090003572 473468
98 3 2 1094373779 472739
98 3 3 1095905377 471968
98 3 4 1093646686 472069
99 3 1 1124702643 489309
99 3 2 1128146186 486568
99 3 3 1125154121 485618
99 3 4 1123617824 487589
100 3 1 1159020779 502299
100 3 2 1165418984 501859
100 3 3 1162188116 501859
100 3 4 1163735734 500959
101 3 1 1194244382 515559
101 3 2 1195608926 522299
101 3 3 1193728292 513020
101 3 4 1191268138 514639
102 3 1 1224105757 530099
102 3 2 1231021541 529110
102 3 3 1225006344 528610
102 3 4 1229585086 529629
103 3 1 1266886905 543519
103 3 2 1265632773 544749
103 3 3 1261404886 541719
103 3 4 1262752799 546070
104 3 1 1297148638 558980
104 3 2 1298637854 558730
104 3 3 1308205106 558070
104 3 4 1298698565 557880
105 3 1 1335162389 573340
105 3 2 1334471047 574950
105 3 3 1346159897 578281
105 3 4 1338618871 575521
106 3 1 1375957482 591191
106 3 2 1369550827 590580
106 3 3 1377455048 589381
106 3 4 1384018656 592041
107 3 1 1432693449 604561
107 3 2 1429568263 602971
107 3 3 1428747269 602951
107 3 4 1428328332 602610
108 3 1 1467749068 620792
108 3 2 1465392166 618811
108 3 3 1469260825 620601
108 3 4 1464969749 620111
109 3 1 1518282616 637971
109 3 2 1510790171 639082
109 3 3 1507207266 639332
109 3 4 1509172481 637622
110 3 1 1549989354 652882
110 3 2 1548873555 653562
110 3 3 1551239977 653912
110 3 4 1554873462 653072
111 3 1 1589598805 669572
111 3 2 1587467426 670143
111 3 3 1590919109 670082
111 3 4 1588950604 670172
112 3 1 1628387552 685422
112 3 2 1634180805 683602
112 3 3 1632704518 685872
112 3 4 1632308671 686112
113 3 1 1674105862 702602
113 3 2 1672538153 706713
113 3 3 1672506102 704013
113 3 4 1669910976 703192
114 3 1 1729566786 723423
114 3 2 1722102273 725493
114 3 3 1721847219 720993
114 3 4 1723123972 725123
115 3 1 1764986792 741514
115 3 2 1766604792 742113
115 3 3 1761216905 741203
115 3 4 1763365564 741893
116 3 1 1813100756 764174
116 3 2 1804672886 761314
116 3 3 1813801369 760114
116 3 4 1813955242 762014
117 3 1 1856963753 781044
117 3 2 1861479565 780204
117 3 3 1855783492 779213
117 3 4 1857651446 780764
118 3 1 1899343584 798314
118 3 2 1907178524 800954
118 3 3 1899570018 798984
118 3 4 1899900563 800234
119 3 1 1950775257 820914
119 3 2 1953958375 820744
119 3 3 1953486175 818675
119 3 4 1954061506 820934
120 3 1 2000684533 838765
120 3 2 1994904739 838175
120 3 3 1999333218 836455
120 3 4 2011702691 838145
121 3 1 2046401833 863236
121 3 2 2051963803 862585
121 3 3 2050314193 862416
121 3 4 2040651921 860766
122 3 1 2094070088 881416
122 3 2 2097557691 878836
122 3 3 2093210014 879335
122 3 4 2091937492 883736
123 3 1 2149187998 900276
123 3 2 2144794019 902616
123 3 3 2161279845 904266
123 3 4 2153997034 901996
124 3 1 2205711772 923617
124 3 2 2198992092 925557
124 3 3 2198511143 923826
124 3 4 2195695972 924067
125 3 1 2249411366 947147
125 3 2 2258947678 949697
125 3 3 2249787154 946497
125 3 4 2251270980 947717
126 3 1 2311903358 969097
126 3 2 2306874507 969558
126 3 3 2309642089 970318
126 3 4 2305708047 968247
127 3 1 2361859775 993778
127 3 2 2359186617 996958
127 3 3 2365798296 992288
127 3 4 2360587562 994677
128 3 1 2415945946 1013688
128 3 2 2409755745 1017188
128 3 3 2414493549 1014078
128 3 4 2428980779 1015909
129 3 1 2467774046 1041868
129 3 2 2466906840 1041899
129 3 3 2470566276 1039639
129 3 4 2472727016 1041559
130 3 1 2535805178 1070549
130 3 2 2528254203 1065599
130 3 3 2535690255 1063359
130 3 4 2531440700 1068050
131 3 1 2586574188 1091799
131 3 2 2584052273 1089530
131 3 3 2589532103 1091040
131 3 4 2583362342 1089029
132 3 1 2648065902 1118770
132 3 2 2655988475 1116920
132 3 3 2642325931 1117680
132 3 4 2651364722 1117460
133 3 1 2704768260 1141841
133 3 2 2706560172 1140970
133 3 3 2700666418 1141791
133 3 4 2711215097 1143701
134 3 1 2773149729 1168691
134 3 2 2786210223 1172971
134 3 3 2765110025 1170221
134 3 4 2762135580 1173331
135 3 1 2860078819 1198251
135 3 2 2861592985 1196841
135 3 3 2856319492 1199641
135 3 4 2855629989 1194811
136 3 1 2920418891 1219472
136 3 2 2916947969 1219462
136 3 3 2915693467 1219722
136 3 4 2918435486 1219242
137 3 1 2990281105 1259303
137 3 2 2992905173 1255283
137 3 3 2985198575 1257982
137 3 4 2989784648 1256453
138 3 1 3059711531 1278832
138 3 2 3049108062 1279493
138 3 3 3041650968 1279603
138 3 4 3045656381 1279733
139 3 1 3125769978 1311074
139 3 2 3113709872 1312013
139 3 3 3117626172 1311614
139 3 4 3104826512 1312564
140 3 1 3188866521 1342955
140 3 2 3175508752 1338984
140 3 3 3180211206 1339044
140 3 4 3181956337 1338414
141 3 1 3248541332 1368185
141 3 2 3251072098 1370104
141 3 3 3252054676 1370425
141 3 4 3249805495 1368834
142 3 1 3334414563 1400815
142 3 2 3307717865 1399486
142 3 3 3313341026 1399635
142 3 4 3321893629 1402115
143 3 1 3384733987 1432225
143 3 2 3394899010 1426586
143 3 3 3404104256 1429296
143 3 4 3376845286 1431465
144 3 1 3461894432 1458116
144 3 2 3455639250 1457797
144 3 3 3462853070 1458797
144 3 4 3463652395 1459826
145 3 1 3520534696 1485776
145 3 2 3528261356 1486287
145 3 3 3526450773 1485387
145 3 4 3532569672 1484326
146 3 1 3605532961 1522597
146 3 2 3612892264 1523327
146 3 3 3603398614 1520127
146 3 4 3592805054 1519668
147 3 1 3688136615 1549348
147 3 2 3679722924 1547138
147 3 3 3663357500 1546968
147 3 4 3662322512 1548527
148 3 1 3752507120 1582699
148 3 2 3739323664 1594269
148 3 3 3749568298 1584168
148 3 4 3736102627 1585049
149 3 1 3817870614 1612858
149 3 2 3822376555 1617609
149 3 3 3818550416 1613519
149 3 4 3811817566 1616289
150 3 1 3905056650 1649160
150 3 2 3901037477 1646129
150 3 3 3893105036 1644609
150 3 4 3886841193 1646970
151 3 1 3983670380 1697421
151 3 2 3980709678 1680790
151 3 3 3974388295 1681860
151 3 4 3963822146 1680360
152 3 1 4054882419 1715112
152 3 2 4060695245 1711981
152 3 3 4045556653 1710251
152 3 4 4044240380 1712191
153 3 1 4128542893 1750491
153 3 2 4136294581 1752311
153 3 3 4119426350 1751021
153 3 4 4119708305 1750021
154 3 1 4210703158 1788562
154 3 2 4211864529 1784222
154 3 3 4221174646 1785972
154 3 4 4209748751 1786112
155 3 1 4287662340 1817992
155 3 2 4299330379 1817833
155 3 3 4288341543 1816712
155 3 4 4288235050 1817363
156 3 1 4368069823 1857483
156 3 2 4377312199 1857653
156 3 3 4365704402 1862614
156 3 4 4362706517 1857633
157 3 1 4448748772 1896664
157 3 2 4457467638 1898904
157 3 3 4464403213 1896254
157 3 4 4464802732 1899664
158 3 1 4549706445 1935635
158 3 2 4530357748 1931975
158 3 3 4551383855 1929994
158 3 4 4552041358 1930665
159 3 1 4614421847 1971835
159 3 2 4630682849 1972775
159 3 3 4628135053 1972875
159 3 4 4611039276 1970875
160 3 1 4727565858 2005366
160 3 2 4711794795 2007136
160 3 3 4736884226 2004326
160 3 4 4702245804 2008406
161 3 1 4795817254 2038436
161 3 2 4799870957 2037136
161 3 3 4799682354 2037566
161 3 4 4811484286 2040766
162 3 1 4894449935 2082218
162 3 2 4889450166 2081628
162 3 3 4879884533 2084087
162 3 4 4879428676 2080377
163 3 1 4989334018 2122578
163 3 2 4963824030 2123069
163 3 3 4980759895 2123788
163 3 4 5005053372 2128068
164 3 1 5070989395 2166519
164 3 2 5083303846 2164879
164 3 3 5081649467 2164568
164 3 4 5064476448 2165239
165 3 1 5170030564 2205779
165 3 2 5191107282 2204990
165 3 3 5160182457 2204449
165 3 4 5150081475 2204889
166 3 1 5267037195 2243980
166 3 2 5242343023 2245150
166 3 3 5262954923 2244870
166 3 4 5258114585 2250201
167 3 1 5363392645 2294301
167 3 2 5341538343 2286551
167 3 3 5331898770 2293801
167 3 4 5350629072 2288591
168 3 1 5444962992 2321172
168 3 2 5452237107 2324743
168 3 3 5455285602 2322062
168 3 4 5452729157 2323372
169 3 1 5614491725 2376804
169 3 2 5615636916 2377963
169 3 3 5607996015 2378913
169 3 4 5631195630 2378233
170 3 1 5708959186 2417504
170 3 2 5707096422 2416134
170 3 3 5707060822 2417274
170 3 4 5704706049 2416364
171 3 1 5823916262 2464385
171 3 2 5784621044 2467996
171 3 3 5787176621 2463345
171 3 4 5791300087 2463995
172 3 1 5905012029 2510346
172 3 2 5883598068 2509426
172 3 3 5904904419 2503946
172 3 4 5886508222 2505316
173 3 1 5983488218 2557827
173 3 2 6004174116 2559057
173 3 3 5977966958 2555566
173 3 4 5984109401 2561917
174 3 1 6094796946 2601327
174 3 2 6101495289 2603807
174 3 3 6112755576 2604478
174 3 4 6108534371 2605657
175 3 1 6184446279 2652749
175 3 2 6213209645 2647409
175 3 3 6188471595 2646159
175 3 4 6195168578 2649128
176 3 1 6308970739 2691519
176 3 2 6315072051 2695729
176 3 3 6286876369 2692208
176 3 4 6316644373 2691649
177 3 1 6413343880 2738670
177 3 2 6416075071 2740290
177 3 3 6414842441 2744600
177 3 4 6423268917 2741140
178 3 1 6532294286 2790311
178 3 2 6506433827 2793191
178 3 3 6534698825 2793490
178 3 4 6533387695 2785731
179 3 1 6639672422 2840052
179 3 2 6636094199 2844572
179 3 3 6627934244 2846852
179 3 4 6616101570 2845432
180 3 1 6728380059 2897763
180 3 2 6749379134 2898023
180 3 3 6735704638 2900422
180 3 4 6741790582 2897863
181 3 1 6858582881 2943144
181 3 2 6858329920 2940763
181 3 3 6860121156 2941433
181 3 4 6858635202 2940953
182 3 1 6976914448 2997024
182 3 2 6949938610 2996855
182 3 3 6973483791 3002585
182 3 4 6938445228 2994524
183 3 1 7060550113 3048445
183 3 2 7086652291 3052796
183 3 3 7117818791 3052936
183 3 4 7063680772 3048705
184 3 1 7170011469 3087936
184 3 2 7202912160 3087666
184 3 3 7201272286 3098496
184 3 4 7203334017 3096326
185 3 1 7322564508 3164588
185 3 2 7313433047 3159837
185 3 3 7292089163 3159318
185 3 4 7295618832 3162487
186 3 1 7411754127 3211918
186 3 2 7434317552 3214869
186 3 3 7446464537 3211358
186 3 4 7432477620 3212198
187 3 1 7549021999 3271799
187 3 2 7524538891 3273549
187 3 3 7557186678 3270489
187 3 4 7534762567 3271609
188 3 1 7650773997 3323810
188 3 2 7647569666 3321240
188 3 3 7643154771 3324740
188 3 4 7670863720 3318420
189 3 1 7784121759 3383531
189 3 2 7822840719 3383872
189 3 3 7767449920 3383381
189 3 4 7804579760 3382371
190 3 1 7915733372 3434573
190 3 2 7918176212 3438793
190 3 3 7887030075 3440092
190 3 4 7908815376 3440732
191 3 1 8036579549 3497573
191 3 2 8044515809 3486754
191 3 3 8037169594 3498094
191 3 4 8039955441 3494303
192 3 1 8162028370 3546734
192 3 2 8162512756 3553174
192 3 3 8167393722 3548544
192 3 4 8193231348 3545104
193 3 1 8279054090 3605285
193 3 2 8327300362 3610465
193 3 3 8302193145 3599685
193 3 4 8282535797 3610305
194 3 1 8422463947 3660227
194 3 2 8398055274 3661766
194 3 3 8414084023 3662457
194 3 4 8377847816 3667387
195 3 1 8552872521 3728278
195 3 2 8543549681 3726868
195 3 3 8533682962 3728797
195 3 4 8530663858 3726438
196 3 1 8665355233 3778778
196 3 2 8657727054 3787199
196 3 3 8649565265 3783409
196 3 4 8674230771 3782828
197 3 1 8814298723 3830919
197 3 2 8782156392 3846129
197 3 3 8784931921 3838360
197 3 4 8784652187 3838910
198 3 1 8913828503 3897730
198 3 2 8910545283 3899370
198 3 3 8974459229 3899111
198 3 4 8912349607 3899960
199 3 1 9075462175 3964192
199 3 2 9041999160 3965222
199 3 3 9058886417 3963371
199 3 4 9070978435 3943660
200 3 1 9167176243 4003682
200 3 2 9183049201 4007492
200 3 3 9215160983 4001232
200 3 4 9196742221 4003092
201 3 1 9380594275 4085344
201 3 2 9344064525 4086813
201 3 3 9347793264 4079654
201 3 4 9305464891 4083004
202 3 1 9470229948 4133184
202 3 2 9484879634 4132495
202 3 3 9488135425 4135184
202 3 4 9488006605 4100874
203 3 1 9611189892 4162726
203 3 2 9595428289 4197406
203 3 3 9637996809 4198416
203 3 4 9596784747 4180746
204 3 1 9776239710 4250237
204 3 2 9777238071 4257357
204 3 3 9746914565 4252717
204 3 4 9770644977 4248206
205 3 1 9904580346 4341269
205 3 2 9878514470 4313668
205 3 3 9913997492 4339329
205 3 4 9906109344 4321758
206 3 1 10064946973 4405500
206 3 2 10063892087 4401279
206 3 3 10030837764 4400978
206 3 4 10060147576 4369579
207 3 1 10167058029 4466771
207 3 2 10203237945 4471501
207 3 3 10151163788 4464441
207 3 4 10200449612 4472791
208 3 1 10328290563 4502461
208 3 2 10315092629 4520411
208 3 3 10382069071 4527471
208 3 4 10337549371 4484772
209 3 1 10491837939 4609804
209 3 2 10467363351 4604693
209 3 3 10490047215 4590882
209 3 4 10459766903 4605863
210 3 1 10651262112 4669115
210 3 2 10605274006 4667864
210 3 3 10637527552 4674245
210 3 4 10598774968 4669885
211 3 1 10786865067 4744646
211 3 2 10787231987 4744786
211 3 3 10786183043 4740536
211 3 4 10751315078 4743296
212 3 1 10940822822 4798947
212 3 2 10947402996 4798716
212 3 3 10923530900 4802127
212 3 4 10908707437 4802037
213 3 1 11198441818 4881089
213 3 2 11174497662 4842457
213 3 3 11252576725 4874918
213 3 4 11180233125 4846358
214 3 1 11353646359 4953829
214 3 2 11323958068 4955370
214 3 3 11362603732 4934669
214 3 4 11327167358 4949199
215 3 1 11490058741 4986000
215 3 2 11495076237 5015470
215 3 3 11517375585 4967679
215 3 4 11682655771 5017641
216 3 1 11665284432 5069922
216 3 2 11728804716 5073611
216 3 3 11636907683 5075082
216 3 4 11737026195 5051341
217 3 1 11839783753 5127963
217 3 2 11886353219 5172893
217 3 3 11822101407 5165953
217 3 4 11838039992 5162073
218 3 1 11991724908 5237635
218 3 2 11998005938 5242304
218 3 3 11978633895 5240915
218 3 4 11966464513 5196033
219 3 1 12209785986 5260364
219 3 2 12161050315 5317646
219 3 3 12113105076 5322986
219 3 4 12163146045 5257694
220 3 1 12277729258 5390167
220 3 2 12332760827 5383066
220 3 3 12332433867 5390477
220 3 4 12251726560 5383157
221 3 1 12462785402 5452699
221 3 2 12497673917 5471599
221 3 3 12508054012 5477969
221 3 4 12462970927 5405718
222 3 1 12680838801 5548840
222 3 2 12659801089 5546091
222 3 3 12705909608 5486359
222 3 4 12635158299 5528120
223 3 1 12813133954 5594220
223 3 2 12838596601 5629572
223 3 3 12786452609 5594810
223 3 4 12827940144 5616552
224 3 1 13017444727 5697073
224 3 2 13002337514 5669001
224 3 3 12982517123 5642582
224 3 4 12986201358 5699972
225 3 1 13131594236 5796124
225 3 2 13180421045 5796459
225 3 3 13135152686 5803310
225 3 4 13162840110 5796219
226 3 1 13294464285 5822790
226 3 2 13356590072 5880551
226 3 3 13328630632 5891961
226 3 4 13372998575 5817909
227 3 1 13540486828 5972612
227 3 2 13517278969 5961481
227 3 3 13496861170 5977591
227 3 4 13514507789 5919291
228 3 1 13702199287 6061983
228 3 2 13718760449 5970912
228 3 3 13685780524 6058713
228 3 4 13648293460 6048463
229 3 1 13840770074 6167904
229 3 2 13876083683 6101673
229 3 3 13782805713 6152274
229 3 4 13872237217 6077863
230 3 1 14018957046 6165114
230 3 2 14052675848 6255696
230 3 3 14012828018 6221155
230 3 4 14065893677 6243556
231 3 1 14213198013 6354327
231 3 2 14182153659 6360078
231 3 3 14141623985 6314037
231 3 4 14271840021 6310136
232 3 1 14409266971 6354057
232 3 2 14396577500 6349436
232 3 3 14371570226 6435239
232 3 4 14375710696 6435218
233 3 1 14547757750 6563901
233 3 2 14597661435 6489960
233 3 3 14577692247 6499609
233 3 4 14603268560 6506580
234 3 1 14745793370 6824116
234 3 2 14735654500 6562401
234 3 3 14742332343 6648202
234 3 4 14734001644 6641012
235 3 1 14948411690 6690443
235 3 2 14927059067 6732734
235 3 3 14912364706 6655632
235 3 4 14891365817 6733033
236 3 1 15173519040 6777995
236 3 2 15173217311 6798725
236 3 3 15216032306 6801974
236 3 4 15227779483 6790284
237 3 1 15294565741 6952198
237 3 2 15351357989 6864675
237 3 3 15304574081 6950887
237 3 4 15359093311 6890585
238 3 1 15520052359 7045949
238 3 2 15525474654 7018868
238 3 3 15523614087 7057028
238 3 4 15544430927 7061779
239 3 1 15683743316 7165311
239 3 2 15771674085 7166461
239 3 3 15739300549 7087719
239 3 4 15678783121 7164270
240 3 1 15891732966 7255662
240 3 2 15873404075 7244472
240 3 3 15910553325 7254062
240 3 4 15925256608 7250072
241 3 1 16076536052 7321564
241 3 2 16071247733 7389724
241 3 3 16066452795 7374874
241 3 4 16022839002 7387515
242 3 1 16280571121 7445876
242 3 2 16302568095 7482166
242 3 3 16312718004 7536588
242 3 4 16284127870 7409724
243 3 1 16463078857 7607929
243 3 2 16608064046 7601398
243 3 3 16533143741 7642089
243 3 4 16470881400 7509577
244 3 1 16740861996 7705410
244 3 2 16686840227 7649959
244 3 3 16671486283 7689640
244 3 4 16683347976 7699940
245 3 1 16911907930 7756451
245 3 2 16867779626 7760572
245 3 3 16939742495 7882214
245 3 4 16927704096 7810842
246 3 1 17083097504 7923384
246 3 2 17097649331 7876933
246 3 3 17114398859 7922685
246 3 4 17083722297 7929724
247 3 1 17297114361 7949384
247 3 2 17276415331 8219940
247 3 3 17325400929 8241159
247 3 4 17320129132 8035266
248 3 1 17505407847 8188898
248 3 2 17571601229 8114777
248 3 3 17549660272 8033456
248 3 4 17531640997 8112227
249 3 1 17705473265 8183158
249 3 2 17656677492 8189020
249 3 3 17777821236 8229359
249 3 4 17823968879 8265090
250 3 1 18036407380 8332382
250 3 2 17957428663 8348662
250 3 3 17969910256 8352593
250 3 4 17991098999 8283850
251 3 1 18191617217 8440402
251 3 2 18198488039 8508984
251 3 3 18187830646 8455913
251 3 4 18197992911 8460553
252 3 1 18405899573 8552735
252 3 2 18344557972 8488574
252 3 3 18400488727 8535086
252 3 4 18339029036 8555705
253 3 1 18710218231 8650427
253 3 2 18617715088 8699717
253 3 3 18625375829 8658137
253 3 4 18631137649 8660277
254 3 1 18786681794 8915592
254 3 2 18845249842 8871371
254 3 3 18854653628 8750098
254 3 4 18820378844 8750278
255 3 1 18984708069 9053634
255 3 2 19071228685 8855880
255 3 3 19034119850 8828440
255 3 4 19000951697 8870351
256 3 1 19343083256 8937782
256 3 2 19216738294 8946002
256 3 3 19386718925 8943973
256 3 4 19211455177 8920623
257 3 1 19487574423 9100411
257 3 2 19475001754 9303466
257 3 3 19423263031 9266426
257 3 4 19438387830 9229135
258 3 1 19747289573 9208975
258 3 2 19706129252 9338707
258 3 3 19745044911 9200614
258 3 4 19808291190 9158534
259 3 1 19917008655 9415598
259 3 2 19850681828 9530390
259 3 3 19877351208 9286546
259 3 4 19862789272 9263325
260 3 1 20130356223 9712184
260 3 2 20194477040 9416538
260 3 3 20134404017 9336987
260 3 4 20105418756 9413899
261 3 1 20367830583 9480490
261 3 2 20425792484 9482910
261 3 3 20417306899 9467270
261 3 4 20365584824 9725954
262 3 1 20657796785 9678684
262 3 2 20610612675 9839446
262 3 3 20590124719 9717625
262 3 4 20689913987 9681324
263 3 1 20819654114 9852517
263 3 2 20780561203 9902588
263 3 3 20874750904 9853747
263 3 4 20887253503 9691424
264 3 1 21098768780 9831207
264 3 2 20975000212 9790626
264 3 3 21097015034 9963899
264 3 4 21051995948 10156703
265 3 1 21363899371 9981089
265 3 2 21278473304 10088122
265 3 3 21355380474 9926299
265 3 4 21296656400 9986570
266 3 1 21618774552 10090482
266 3 2 21628723711 10089502
266 3 3 21605371789 10074971
266 3 4 21610449444 10025210
267 3 1 21905250541 10197723
267 3 2 21760778910 10151683
267 3 3 21766934720 10549030
267 3 4 21798591937 10322936
268 3 1 22200709193 10308606
268 3 2 22350530381 10303296
268 3 3 22261177953 10235764
268 3 4 22263922064 10297385
269 3 1 22592082632 10428848
269 3 2 22586576292 10670983
269 3 3 22549740914 10454249
269 3 4 22572688774 10435539
270 3 1 22822188781 10606921
270 3 2 22796211416 10890407
270 3 3 22824240993 10965178
270 3 4 22753882824 10542920
271 3 1 23012128524 10607972
271 3 2 23162442666 11004359
271 3 3 22994453859 10839967
271 3 4 23040393757 10966649
272 3 1 23277625055 11037389
272 3 2 23343593970 10756124
272 3 3 23291572424 11100280
272 3 4 23324850016 10702674
273 3 1 23564811431 11330565
273 3 2 23514700196 10836076
273 3 3 23569816091 11189302
273 3 4 23574874323 10999009
274 3 1 23824524257 11026949
274 3 2 23812281445 11017530
274 3 3 23765762722 11084220
274 3 4 23797836058 11343325
275 3 1 24098191828 11100880
275 3 2 24081817728 11130861
275 3 3 24044801762 11158032
275 3 4 24087957895 11497828
276 3 1 24262130125 11685282
276 3 2 24364047248 11254593
276 3 3 24255165404 11324465
276 3 4 24357203459 11238983
277 3 1 24435206429 11400327
277 3 2 24526614931 11441407
277 3 3 24527203281 11511058
277 3 4 24529528144 11400087
278 3 1 24856785927 11635700
278 3 2 24834383761 11524378
278 3 3 24724721158 11771153
278 3 4 24795846270 11965366
279 3 1 25094352441 11767222
279 3 2 25216745630 12019468
279 3 3 25226046786 12136239
279 3 4 25042892513 12133210
280 3 1 25375595410 11790203
280 3 2 25409215185 11659461
280 3 3 25493252936 12014807
280 3 4 25348283136 11713552
281 3 1 25619681208 12023168
281 3 2 25702950677 11824294
281 3 3 25630757316 11818014
281 3 4 25569271729 12157350
282 3 1 25896635736 11956817
282 3 2 25877531847 11973946
282 3 3 25831756845 11963757
282 3 4 25810481998 11963956
283 3 1 26033110242 12133090
283 3 2 26102832042 12324273
283 3 3 26118963492 12649280
283 3 4 26167094773 12331774
284 3 1 26411733487 12153540
284 3 2 26450104142 12177289
284 3 3 26463314661 12444505
284 3 4 26495874261 12711470
285 3 1 26732377050 12383145
285 3 2 26662494149 12304402
285 3 3 26637835204 12306363
285 3 4 26759944266 12917273
286 3 1 26917795673 12469336
286 3 2 27028309034 12495017
286 3 3 26996905761 12795311
286 3 4 27032201823 13007925
287 3 1 27246146885 13080077
287 3 2 27280590303 12779281
287 3 3 27255349121 12692400
287 3 4 27337214397 13046437
288 3 1 27556385414 12742169
288 3 2 27621040370 12932913
288 3 3 27561639821 13234139
288 3 4 27596835954 12679189
289 3 1 27818194121 12867262
289 3 2 27853493086 12832032
289 3 3 27760452782 13396152
289 3 4 27891340544 12977835
290 3 1 28166174969 13604807
290 3 2 28074093181 13598557
290 3 3 28078299205 13187668
290 3 4 28124773013 13213849
291 3 1 28404563177 13124918
291 3 2 28348058704 13754879
291 3 3 28414734166 13715917
291 3 4 28396006736 13460824
292 3 1 28637038391 13224199
292 3 2 28625650064 13304550
292 3 3 28663679779 13222429
292 3 4 28638546093 13298720
293 3 1 28977925298 14032283
293 3 2 28975805377 13748809
293 3 3 29048732824 13791339
293 3 4 28933013010 14025974
294 3 1 29214121551 14145426
294 3 2 29319497404 13827490
294 3 3 29287688517 13596406
294 3 4 29254111242 13551385
295 3 1 29608716571 13967703
295 3 2 29500669496 13786159
295 3 3 29500856008 14289658
295 3 4 29573550451 13741798
296 3 1 29926929049 14383380
296 3 2 29881380014 14426690
296 3 3 29935297869 13857870
296 3 4 29931831664 14386890
297 3 1 30218739721 14522223
297 3 2 30014064530 13973423
297 3 3 30111079982 14577104
297 3 4 30175647899 14035113
298 3 1 30660450704 14155716
298 3 2 30633427364 14263187
298 3 3 30417872894 14767266
298 3 4 30513294890 14157545
299 3 1 30747598558 14917640
299 3 2 30847478266 14913250
299 3 3 30835552945 14873609
299 3 4 30753710498 14387840
300 3 1 31253827630 14496283
300 3 2 31080941198 14705156
300 3 3 31086557851 14928221
300 3 4 30947976708 14961480
301 3 1 31473998499 14884580
301 3 2 31399717447 15225516
301 3 3 31306393152 14885539
301 3 4 31355037754 15275976
302 3 1 31645474856 15508150
302 3 2 31711404788 15364828
302 3 3 31756020387 15229466
302 3 4 31844065549 15103513
303 3 1 32072223684 15594382
303 3 2 32090036078 15619142
303 3 3 32052216505 15641082
303 3 4 32015802898 15452340
304 3 1 32323567481 15589092
304 3 2 32337349433 15557101
304 3 3 32146209989 15754425
304 3 4 32257913008 15898617
305 3 1 32598300403 15382788
305 3 2 32731547012 15900317
305 3 3 32639918736 16043960
305 3 4 32642998673 16044140
306 3 1 32991409631 15492331
306 3 2 33024500549 15984629
306 3 3 32923021576 16090821
306 3 4 32904342819 15984259
307 3 1 33364662951 15652452
307 3 2 33340389191 16348306
307 3 3 33282648210 16139231
307 3 4 33328239664 15657562
308 3 1 33546330187 16545549
308 3 2 33583535059 16041620
308 3 3 33642533226 15806706
308 3 4 33769101325 16269233
309 3 1 33847455231 16444727
309 3 2 33956258499 16092880
309 3 3 33974572090 16442737
309 3 4 33840560737 16442067
310 3 1 34296556660 16612800
310 3 2 34249802646 16614300
310 3 3 34299072198 16200863
310 3 4 34319094938 16890465
311 3 1 34578105761 16655842
311 3 2 34571340800 17061668
311 3 3 34499406569 16773263
311 3 4 34568214683 16975796
312 3 1 34847621033 16970327
312 3 2 35006757410 16887926
312 3 3 34949610048 17119110
312 3 4 34942123723 16882555
313 3 1 35334433145 17281632
313 3 2 35317124072 17375874
313 3 3 35233674463 17295052
313 3 4 35134150885 17106400
314 3 1 35468972211 17257105
314 3 2 35528515851 17179824
314 3 3 35558709826 17457299
314 3 4 35566683665 17281757
315 3 1 35826768039 17431630
315 3 2 35950459324 17722335
315 3 3 36020947514 17597753
315 3 4 35995583036 17431081
316 3 1 36283159185 17553443
316 3 2 36141099124 17759306
316 3 3 36298437277 17864129
316 3 4 36297556945 17565964
317 3 1 36506779539 17767508
317 3 2 36630124674 17768389
317 3 3 36554726028 17952671
317 3 4 36672171547 17929362
318 3 1 36830644041 17953871
318 3 2 36956026636 18230066
318 3 3 36865406073 18230177
318 3 4 36817852314 18088024
319 3 1 37270738356 18306468
319 3 2 37197552746 18090565
319 3 3 37178108253 18404230
319 3 4 37295598955 18090755
320 3 1 37628943081 18508343
320 3 2 37696010414 18523713
320 3 3 37606019402 18490453
320 3 4 37659601199 18472821
321 3 1 38025870227 18702586
321 3 2 37963196155 18740757
321 3 3 38043671619 18747317
321 3 4 37889565461 18736047
322 3 1 38365493743 18875690
322 3 2 38516699677 18906590
322 3 3 38385942028 18597705
322 3 4 38259322875 18604285
323 3 1 38754947761 19102714
323 3 2 38509477978 19099625
323 3 3 38685970727 19101824
323 3 4 38731109686 18840959
324 3 1 39036829264 18926160
324 3 2 39092842621 18924111
324 3 3 39096556611 19182496
324 3 4 38955291285 19253616
325 3 1 39600570146 19419020
325 3 2 39364789202 19127914
325 3 3 39397709564 19498822
325 3 4 39490307120 19457051
326 3 1 39805816761 19576683
326 3 2 39692489381 19589783
326 3 3 39855316105 19606053
326 3 4 39636951978 19578603
327 3 1 40024184871 19496732
327 3 2 40159826509 19822328
327 3 3 40117572935 19822130
327 3 4 40123789211 19495095
328 3 1 40573745799 19934403
328 3 2 40429587154 19892752
328 3 3 40405425452 19607358
328 3 4 40406104570 19950244
329 3 1 40789914240 20125658
329 3 2 40895599105 20188969
329 3 3 40940104483 20180810
329 3 4 40845182959 20187460
330 3 1 41107159011 20362253
330 3 2 41131020292 20255032
330 3 3 41151265970 20369023
330 3 4 41194910630 20301502
331 3 1 41835729583 20209202
331 3 2 41482694918 20200041
331 3 3 41584140836 20539867
331 3 4 41503522370 20560768
332 3 1 42014042943 20696941
332 3 2 41848183777 20686489
332 3 3 41867528645 20632120
332 3 4 42071109447 20552168
333 3 1 42364831069 20936745
333 3 2 42182520931 20766082
333 3 3 42294186459 20894085
333 3 4 42399204412 20918015
334 3 1 42782498778 21139519
334 3 2 42806822302 21042367
334 3 3 42730399696 21117219
334 3 4 42772679568 21096758
335 3 1 43197365330 21281022
335 3 2 43096395655 21300743
335 3 3 43107881368 21295163
335 3 4 43142474080 21140580
336 3 1 43441420394 21408394
336 3 2 43245844260 21428765
336 3 3 43535191708 21315263
336 3 4 43371868318 21435815
337 3 1 43849530732 21644929
337 3 2 43921987170 21670089
337 3 3 43783778689 21643538
337 3 4 43957883845 21666530
338 3 1 44650072180 21804721
338 3 2 44844842253 21867503
338 3 3 44555631423 21842793
338 3 4 44838903240 21810872
339 3 1 45047259608 22077827
339 3 2 45116605404 21885183
339 3 3 45151073184 22074532
339 3 4 45128525668 22057632
340 3 1 45558793117 22074633
340 3 2 45520529007 22237246
340 3 3 45429100111 22228936
340 3 4 45507359106 22080124
341 3 1 45967297418 22460791
341 3 2 45956401612 22467551
341 3 3 45863913907 22455602
341 3 4 45988899478 22474561
342 3 1 46257666730 22680396
342 3 2 46412869537 22667756
342 3 3 46313939816 22619634
342 3 4 46205097521 22659315
343 3 1 46755918169 22846880
343 3 2 46763549738 22842069
343 3 3 46795634682 22855710
343 3 4 46758163289 22876699
344 3 1 47081707671 23006932
344 3 2 47161201286 22998552
344 3 3 47100231826 22987852
344 3 4 47168468730 23015983
345 3 1 47407454835 23238237
345 3 2 47577238579 23268438
345 3 3 47446454581 23271377
345 3 4 47498992592 23296019
346 3 1 48005776166 23473692
346 3 2 47922362563 23485101
346 3 3 47933820543 23503082
346 3 4 47740311009 23472682
347 3 1 48380395420 23655644
347 3 2 48479356073 23669575
347 3 3 48402237814 23668935
347 3 4 48202731171 23706015
348 3 1 48834087117 23838749
348 3 2 48745705792 23864438
348 3 3 49012104480 23821687
348 3 4 48597678805 23853638
349 3 1 48987715988 24107423
349 3 2 49140554220 24132183
349 3 3 49236019029 24095593
349 3 4 49160874033 24111062
350 3 1 49535756476 24290356
350 3 2 49696231594 24280003
350 3 3 49498111629 24284563
350 3 4 49308739269 24266402
351 3 1 50039969986 24487967
351 3 2 49937369006 24492177
351 3 3 49842857784 24490027
351 3 4 49861058290 24521588
352 3 1 50646944006 24622140
352 3 2 50339734375 24623200
352 3 3 50470025379 24640281
352 3 4 50489324813 24623581
353 3 1 50780142875 24912886
353 3 2 50770770689 24915566
353 3 3 50710103382 24916975
353 3 4 50765360029 24914145
354 3 1 51184660685 25128751
354 3 2 51328606943 25132330
354 3 3 51137831048 25141380
354 3 4 51148904236 25123380
355 3 1 51966342556 25279523
355 3 2 51666971990 25274383
355 3 3 51805564360 25360034
355 3 4 51775751234 25309704
356 3 1 52110037934 25521687
356 3 2 52193443832 25541327
356 3 3 52102994787 25515948
356 3 4 52185657407 25500457
357 3 1 52638908736 25774452
357 3 2 52547012468 25764142
357 3 3 52692832436 25777233
357 3 4 52570551343 25789432
358 3 1 53139870306 26006666
358 3 2 67414066587 25980716
358 3 3 64165833672 26068147
358 3 4 52834757498 25986546
359 3 1 53120265600 26221961
359 3 2 53372440452 26227110
359 3 3 53413181973 26211870
359 3 4 53495869022 26219921
360 3 1 53869042989 26311852
360 3 2 53922392040 26347043
360 3 3 53905721053 26360783
360 3 4 53837680196 26351533
361 3 1 54444812164 26629047
361 3 2 54363231500 26629088
361 3 3 54367237560 26638717
361 3 4 54176128320 26628749
362 3 1 54737625486 26853362
362 3 2 54805420979 26851521
362 3 3 54847052632 26845851
362 3 4 54653948153 26846441
363 3 1 55088664913 27040456
363 3 2 55174865885 27072346
363 3 3 55565196178 27054796
363 3 4 55281816209 27066385
364 3 1 55631811529 27079915
364 3 2 55508204875 27237128
364 3 3 55643831320 27245699
364 3 4 55794430652 27075226
365 3 1 56212622095 27372571
365 3 2 55948014701 27529634
365 3 3 56227967073 27502673
365 3 4 56178417776 27331951
366 3 1 56383607647 27735188
366 3 2 56555159446 27693597
366 3 3 56478265657 27737778
366 3 4 56909885660 27691346
367 3 1 57192898235 27923151
367 3 2 57168608061 27932060
367 3 3 57021173717 27806869
367 3 4 57336258849 27831730
368 3 1 57377513078 28099114
368 3 2 57527796287 28069933
368 3 3 57432694060 28080594
368 3 4 57577722442 27951671
369 3 1 57975730190 28353918
369 3 2 58003487572 28380636
369 3 3 57897658076 28383861
369 3 4 57933729590 28349286
370 3 1 58731852864 28458423
370 3 2 58467025515 28609214
370 3 3 58532171154 28612940
370 3 4 58387666417 28599856
371 3 1 58761944026 28755376
371 3 2 59245793703 28856645
371 3 3 58855489956 28696371
371 3 4 58777633491 28781450
372 3 1 59305942829 29015823
372 3 2 59795544275 28923909
372 3 3 59389519905 29038891
372 3 4 59841773387 28948578
373 3 1 60176415305 29300603
373 3 2 59774220060 29295751
373 3 3 59943257017 29312681
373 3 4 59815869311 29303310
374 3 1 60330587931 29552124
374 3 2 60442532810 29537053
374 3 3 60429877507 29426221
374 3 4 60256997308 29496061
375 3 1 60903023479 29794816
375 3 2 60845526166 29792546
375 3 3 60925633300 29804187
375 3 4 60820133526 29735615
376 3 1 61270247544 29830846
376 3 2 61151198440 29931957
376 3 3 61262639285 29933968
376 3 4 61247439179 29911446
377 3 1 61719509329 30288274
377 3 2 61991151888 30155621
377 3 3 61972884338 30254983
377 3 4 61770242258 30270997
378 3 1 62351926377 30521468
378 3 2 63833159240 30488112
378 3 3 62190226160 30449145
378 3 4 62223304727 30367157
379 3 1 62861561688 30759818
379 3 2 62462148264 30753821
379 3 3 62873087305 30624011
379 3 4 62748046639 30643644
380 3 1 63292990960 30795137
380 3 2 63239256140 30951324
380 3 3 63117499808 30807582
380 3 4 63290768661 30838374
381 3 1 63848865091 31137141
381 3 2 63819591018 31144772
381 3 3 63466358389 31178474
381 3 4 63541678928 31166955
382 3 1 64290126949 31385839
382 3 2 64170669651 31322679
382 3 3 64293746702 31368361
382 3 4 64251936040 31365291
383 3 1 64565059512 31622586
383 3 2 64699297694 31658107
383 3 3 64880721664 31616846
383 3 4 64747860164 31615717
384 3 1 65045724867 31759769
384 3 2 65070595521 31742450
384 3 3 65334533487 31812971
384 3 4 65200272414 31806142
385 3 1 65780796207 32095686
385 3 2 65335043193 32108747
385 3 3 65891472960 32109908
385 3 4 65569410345 32084745
386 3 1 66113600099 32331027
386 3 2 66217280690 32354835
386 3 3 66073135730 32356962
386 3 4 66565633589 32333781
387 3 1 66587288713 32618014
387 3 2 66836619647 32618463
387 3 3 66805207110 32518779
387 3 4 67065942472 32661111
388 3 1 67354327521 32820202
388 3 2 67143300048 32837872
388 3 3 66883101482 32859642
388 3 4 67297988504 32705489
389 3 1 67825226697 33060845
389 3 2 67946099582 33123395
389 3 3 67758471336 33135545
389 3 4 67650221246 33083043
390 3 1 68337672396 33327318
390 3 2 68357933418 33323957
390 3 3 68762986674 33328507
390 3 4 68262452663 33360857
391 3 1 69166259153 33690263
391 3 2 68610076119 33596621
391 3 3 68923741623 33671432
391 3 4 68729545206 33704893
392 3 1 69548914324 33780654
392 3 2 69529750039 33799014
392 3 3 69554074727 33871705
392 3 4 79275012929 33971337
393 3 1 84066785174 34324303
393 3 2 75205783457 34282186
393 3 3 72150249670 34278852
393 3 4 69848417274 34299609
394 3 1 70833997526 34513830
394 3 2 70597595219 34548008
394 3 3 70468454377 34529185
394 3 4 78569808143 34564224
395 3 1 86533118590 34812447
395 3 2 70885130897 34810395
395 3 3 71012249567 34762284
395 3 4 70870376239 34789763
396 3 1 71532633445 35021117
396 3 2 71590067916 35025125
396 3 3 71431389822 34920202
396 3 4 71632980289 34878461
397 3 1 72414760915 35273718
397 3 2 71840505258 35231957
397 3 3 71978741585 35270757
397 3 4 72420615357 35244536
398 3 1 72441733047 35550912
398 3 2 72519903755 35489250
398 3 3 72308514267 35488031
398 3 4 72661696190 35512701
399 3 1 73151902395 35762204
399 3 2 73251307313 35776915
399 3 3 73060055561 35829085
399 3 4 73096613518 35761814
400 3 1 73411676244 35895527
400 3 2 73622308725 35941415
400 3 3 73471752599 35927253
400 3 4 73637109840 35928553
