1 2 1 304595 76261
1 2 2 11020 7380
1 2 3 10000 6260
1 2 4 9991 5640
2 2 1 20730 6661
2 2 2 17930 5730
2 2 3 17450 5830
2 2 4 17251 5400
3 2 1 38121 6920
3 2 2 28500 5691
3 2 3 27950 5571
3 2 4 27670 5310
4 2 1 36351 5310
4 2 2 35441 5040
4 2 3 34681 4670
4 2 4 35001 4670
5 2 1 59911 5900
5 2 2 54191 5240
5 2 3 50951 4900
5 2 4 55321 5870
6 2 1 87702 6720
6 2 2 80972 6070
6 2 3 68062 4870
6 2 4 68101 5200
7 2 1 95142 5900
7 2 2 90542 5270
7 2 3 88422 5180
7 2 4 88762 5250
8 2 1 123502 5880
8 2 2 114512 5530
8 2 3 115652 5470
8 2 4 113772 5190
9 2 1 146782 6170
9 2 2 158122 6340
9 2 3 141933 5680
9 2 4 143773 5630
10 2 1 180983 6850
10 2 2 175413 5580
10 2 3 171773 6970
10 2 4 201634 6840
11 2 1 264945 7151
11 2 2 107642 3150
11 2 3 97542 2750
11 2 4 97122 2760
12 2 1 117952 3180
12 2 2 113872 2800
12 2 3 113052 2820
12 2 4 115102 2730
13 2 1 135323 3180
13 2 2 134172 2920
13 2 3 132232 2830
13 2 4 132533 3030
14 2 1 156953 3380
14 2 2 152743 3100
14 2 3 154143 3070
14 2 4 153423 3160
15 2 1 183603 3570
15 2 2 187074 3490
15 2 3 181573 3320
15 2 4 179233 3270
16 2 1 209374 3840
16 2 2 204284 3400
16 2 3 202284 3360
16 2 4 205033 3390
17 2 1 225714 3690
17 2 2 227754 3650
17 2 3 227324 3550
17 2 4 227714 3490
18 2 1 259595 4120
18 2 2 252434 3700
18 2 3 250564 3720
18 2 4 253405 3720
19 2 1 283345 4150
19 2 2 287205 4070
19 2 3 280885 3890
19 2 4 281725 3900
20 2 1 317535 4600
20 2 2 308975 4150
20 2 3 309586 4190
20 2 4 307656 4140
21 2 1 359806 4711
21 2 2 353486 4820
21 2 3 355286 4790
21 2 4 353236 4770
22 2 1 387457 5050
22 2 2 388227 5230
22 2 3 393827 4970
22 2 4 383787 4940
23 2 1 425788 5320
23 2 2 425388 5310
23 2 3 422898 5300
23 2 4 423518 5220
24 2 1 462708 5670
24 2 2 457098 5690
24 2 3 458009 5590
24 2 4 463778 5500
25 2 1 499039 5890
25 2 2 505689 5520
25 2 3 498409 5731
25 2 4 500989 5650
26 2 1 542700 6130
26 2 2 546710 6370
26 2 3 534290 5840
26 2 4 545590 5910
27 2 1 592260 6410
27 2 2 609201 6180
27 2 3 571280 6180
27 2 4 579201 6050
28 2 1 631241 6790
28 2 2 623730 6380
28 2 3 623851 6360
28 2 4 619001 6340
29 2 1 668251 6801
29 2 2 666351 6510
29 2 3 678992 6940
29 2 4 664502 6640
30 2 1 739723 7440
30 2 2 749003 6740
30 2 3 727463 6870
30 2 4 730503 7120
31 2 1 776413 7430
31 2 2 780474 7200
31 2 3 779344 7160
31 2 4 779153 7231
32 2 1 838145 8000
32 2 2 841565 7740
32 2 3 855025 7670
32 2 4 842815 7731
33 2 1 914676 8440
33 2 2 895446 7990
33 2 3 898566 7890
33 2 4 897085 7960
34 2 1 951687 8480
34 2 2 962247 8490
34 2 3 949857 8250
34 2 4 949276 8230
35 2 1 1018928 8760
35 2 2 1020478 8820
35 2 3 1006738 8471
35 2 4 1012348 8530
36 2 1 1076509 9330
36 2 2 1069109 8890
36 2 3 1065549 8870
36 2 4 1077189 9801
37 2 1 1129570 9710
37 2 2 1127270 9110
37 2 3 1124710 9151
37 2 4 1131490 9480
38 2 1 1190181 9760
38 2 2 1188761 9550
38 2 3 1177061 9530
38 2 4 1194751 9950
39 2 1 1243492 10130
39 2 2 1251742 9981
39 2 3 1264192 10101
39 2 4 1253322 10000
40 2 1 1317183 10401
40 2 2 1322763 10470
40 2 3 1314493 10210
40 2 4 1313742 10250
41 2 1 1448536 11250
41 2 2 1394245 9650
41 2 3 1433805 10800
41 2 4 1429145 10550
42 2 1 1497706 11111
42 2 2 1502517 11150
42 2 3 1500227 10970
42 2 4 1499886 10981
43 2 1 1576898 11820
43 2 2 1570647 11380
43 2 3 1570418 11620
43 2 4 1572828 11350
44 2 1 1642159 12020
44 2 2 1646659 12000
44 2 3 1639959 11770
44 2 4 1639709 11460
45 2 1 1704440 12340
45 2 2 1710640 11890
45 2 3 1712641 12140
45 2 4 1716081 12330
46 2 1 1795901 12750
46 2 2 1783392 12580
46 2 3 1790511 12800
46 2 4 1788102 12510
47 2 1 1868843 12650
47 2 2 1863023 12990
47 2 3 1872373 12520
47 2 4 1867632 13110
48 2 1 1947125 13860
48 2 2 1948914 13410
48 2 3 1941214 14290
48 2 4 1936045 13370
49 2 1 2018935 14251
49 2 2 2011806 13880
49 2 3 2009055 14011
49 2 4 2019666 13890
50 2 1 2117697 14681
50 2 2 2107787 14240
50 2 3 2118918 13710
50 2 4 2106227 14560
51 2 1 2182979 14870
51 2 2 2189278 14961
51 2 3 2192219 14920
51 2 4 2181328 14990
52 2 1 2275411 15420
52 2 2 2288330 15451
52 2 3 2277160 14530
52 2 4 2269320 15060
53 2 1 2350941 15121
53 2 2 2351582 15630
53 2 3 2328181 14980
53 2 4 2362042 15790
54 2 1 2438502 16551
54 2 2 2429793 16310
54 2 3 2430933 16010
54 2 4 2463583 16230
55 2 1 2548654 17000
55 2 2 2535434 16510
55 2 3 2522785 16740
55 2 4 2531855 16750
56 2 1 2617766 17311
56 2 2 2607956 17250
56 2 3 2621357 17270
56 2 4 2634446 17100
57 2 1 2721398 17740
57 2 2 2711098 17720
57 2 3 2718678 17500
57 2 4 2729258 16601
58 2 1 2950712 18840
58 2 2 2820580 17910
58 2 3 2884341 18111
58 2 4 2880571 18180
59 2 1 2977732 19021
59 2 2 2998873 18790
59 2 3 3088444 19401
59 2 4 3010604 18770
60 2 1 3118515 19630
60 2 2 3093995 18160
60 2 3 3109325 18151
60 2 4 3108365 19221
61 2 1 3203027 20061
61 2 2 3216427 19941
61 2 3 3210517 19891
61 2 4 3216347 20021
62 2 1 3311948 20421
62 2 2 3305509 20460
62 2 3 3310068 20510
62 2 4 3301838 20350
63 2 1 3390679 20580
63 2 2 3409430 20630
63 2 3 3393750 20911
63 2 4 3383809 20920
64 2 1 3519872 22390
64 2 2 3511572 22131
64 2 3 3499821 22130
64 2 4 3493991 22110
65 2 1 3631574 22311
65 2 2 3621304 22060
65 2 3 3611594 22110
65 2 4 3592974 22130
66 2 1 3735196 24471
66 2 2 3754366 21890
66 2 3 3746266 22650
66 2 4 3733156 22691
67 2 1 3839177 22010
67 2 2 3833658 23210
67 2 3 3831818 23260
67 2 4 3838488 23241
68 2 1 3921979 24141
68 2 2 3959929 23590
68 2 3 3927459 24150
68 2 4 3942149 23880
69 2 1 4038761 24710
69 2 2 4046201 24580
69 2 3 4061151 24700
69 2 4 4033281 24390
70 2 1 4207295 25260
70 2 2 4192223 25110
70 2 3 4183604 25681
70 2 4 4192074 25160
71 2 1 4276855 26141
71 2 2 4294576 25790
71 2 3 4297076 25771
71 2 4 4296736 25530
72 2 1 4372558 30420
72 2 2 4423098 25950
72 2 3 4366066 25790
72 2 4 4411937 26000
73 2 1 4541430 26441
73 2 2 4531490 26831
73 2 3 4529170 26701
73 2 4 4519619 27050
74 2 1 4644852 25901
74 2 2 4631062 27780
74 2 3 4641841 25810
74 2 4 4637862 27591
75 2 1 4759504 28611
75 2 2 4769704 28381
75 2 3 4734883 26391
75 2 4 4769773 28200
76 2 1 4884787 29170
76 2 2 4897096 28911
76 2 3 4887726 29030
76 2 4 4881786 28970
77 2 1 5006179 29700
77 2 2 4995378 29650
77 2 3 5002068 29641
77 2 4 5017888 29670
78 2 1 5155521 30550
78 2 2 5151701 28571
78 2 3 5143410 30111
78 2 4 5167751 30261
79 2 1 5263553 30881
79 2 2 5247123 30340
79 2 3 5275763 30331
79 2 4 5249842 30810
80 2 1 5403896 31791
80 2 2 5408285 31620
80 2 3 5401326 31621
80 2 4 5389635 31221
81 2 1 5550837 32371
81 2 2 5529558 32251
81 2 3 5543088 32241
81 2 4 5523317 32180
82 2 1 6010256 33650
82 2 2 5649649 32270
82 2 3 5867483 33421
82 2 4 5843603 32980
83 2 1 5985925 33920
83 2 2 5978645 33460
83 2 3 5973365 32311
83 2 4 5977295 33570
84 2 1 6117638 34431
84 2 2 6106468 33991
84 2 3 6102708 34071
84 2 4 6086237 33600
85 2 1 6302751 35291
85 2 2 6259180 34851
85 2 3 6279850 35581
85 2 4 6282161 35481
86 2 1 6405623 36460
86 2 2 6416283 37931
86 2 3 6418183 33991
86 2 4 6394382 36140
87 2 1 6569966 34941
87 2 2 6575586 36631
87 2 3 6548286 37201
87 2 4 6527814 34681
88 2 1 6701829 37861
88 2 2 6698038 37880
88 2 3 6691188 37861
88 2 4 6703348 37841
89 2 1 6850831 38881
89 2 2 6830331 36011
89 2 3 6827571 38451
89 2 4 6844869 38560
90 2 1 6968363 39641
90 2 2 6924012 39521
90 2 3 6975843 39501
90 2 4 7004404 37411
91 2 1 7164686 38671
91 2 2 7155206 39880
91 2 3 7157627 43681
91 2 4 7147426 39771
92 2 1 7317629 41141
92 2 2 7283978 40951
92 2 3 7296399 41621
92 2 4 7304529 40741
93 2 1 7480132 39291
93 2 2 7477262 40271
93 2 3 7452472 40981
93 2 4 7478141 40151
94 2 1 7604814 42701
94 2 2 7601134 42560
94 2 3 7618605 42651
94 2 4 7578673 41370
95 2 1 7780598 43571
95 2 2 7741346 42570
95 2 3 7750516 42601
95 2 4 7771837 43341
96 2 1 7924230 43231
96 2 2 7899189 43040
96 2 3 7901890 43731
96 2 4 7892499 43161
97 2 1 8060582 45321
97 2 2 8078281 44211
97 2 3 8075253 43791
97 2 4 8058462 41941
98 2 1 8215425 45661
98 2 2 8208645 44771
98 2 3 8198775 44501
98 2 4 8194334 45281
99 2 1 8399968 46051
99 2 2 8433789 43551
99 2 3 8418749 45281
99 2 4 8449519 45471
100 2 1 8573701 46501
100 2 2 8588902 46131
100 2 3 8604971 44841
100 2 4 8566102 46031
101 2 1 8768545 45891
101 2 2 8719244 47331
101 2 3 8741895 45541
101 2 4 8764235 47891
102 2 1 8909847 46921
102 2 2 8906817 47471
102 2 3 9008029 48281
102 2 4 8896327 47050
103 2 1 9093880 48321
103 2 2 9090360 47831
103 2 3 9069149 48470
103 2 4 9073400 47801
104 2 1 9234583 49911
104 2 2 9210262 50211
104 2 3 9238683 50611
104 2 4 9247283 47731
105 2 1 9406315 50571
105 2 2 9406926 49411
105 2 3 9379566 49801
105 2 4 9373815 50571
106 2 1 9465397 52191
106 2 2 9579109 51801
106 2 3 9588488 51611
106 2 4 9589519 51171
107 2 1 9748292 52521
107 2 2 9763812 51941
107 2 3 9766652 50081
107 2 4 9690421 52101
108 2 1 9920484 52941
108 2 2 9884364 52741
108 2 3 9895385 52521
108 2 4 9907385 51750
109 2 1 10071518 53721
109 2 2 10102809 54321
109 2 3 10088098 54261
109 2 4 10113869 52531
110 2 1 10304491 55651
110 2 2 10295752 54560
110 2 3 10282041 54771
110 2 4 10289222 55091
111 2 1 10478364 56361
111 2 2 10454644 53961
111 2 3 10458455 54081
111 2 4 10483595 56041
112 2 1 10647878 56931
112 2 2 10625107 56941
112 2 3 10632927 56741
112 2 4 10649448 56711
113 2 1 10802981 57291
113 2 2 10803601 57101
113 2 3 10795720 56861
113 2 4 10756480 57761
114 2 1 11000613 58231
114 2 2 11006404 58281
114 2 3 11023364 58221
114 2 4 11026475 58081
115 2 1 11924510 59761
115 2 2 10946562 58881
115 2 3 11383481 58711
115 2 4 11312460 59111
116 2 1 11547283 60291
116 2 2 11610045 58561
116 2 3 11526902 61491
116 2 4 11572144 60141
117 2 1 11751767 59381
117 2 2 11758047 60481
117 2 3 11732067 61111
117 2 4 11724446 61341
118 2 1 11910630 61351
118 2 2 11950041 60621
118 2 3 11907551 61971
118 2 4 11945061 61461
119 2 1 12111102 63321
119 2 2 12171155 62821
119 2 3 12142245 62441
119 2 4 12110194 62291
120 2 1 12370779 63981
120 2 2 12353818 63711
120 2 3 12366688 63941
120 2 4 12381429 62841
121 2 1 12484450 64922
121 2 2 12544851 64861
121 2 3 12547710 65261
121 2 4 12503171 64201
122 2 1 12702354 65651
122 2 2 12682494 65651
122 2 3 12695114 64661
122 2 4 12677432 66011
123 2 1 12952449 66581
123 2 2 12927358 66121
123 2 3 12919508 65271
123 2 4 12943589 67051
124 2 1 13062189 66931
124 2 2 13121992 68461
124 2 3 13066181 67141
124 2 4 13180272 67591
125 2 1 13244604 67631
125 2 2 13248193 67461
125 2 3 13298374 67261
125 2 4 13237434 68111
126 2 1 13493538 69861
126 2 2 13467096 70141
126 2 3 13505489 69601
126 2 4 13487898 69681
127 2 1 13674872 70091
127 2 2 13662051 70221
127 2 3 13679841 70942
127 2 4 13676291 69381
128 2 1 13878445 75951
128 2 2 13873575 76162
128 2 3 13871304 75002
128 2 4 13868004 75551
129 2 1 14139899 71331
129 2 2 14161710 71331
129 2 3 14134409 71982
129 2 4 14131019 73261
130 2 1 14389454 73452
130 2 2 14322243 73242
130 2 3 14363454 74012
130 2 4 14403054 72491
131 2 1 14529165 80051
131 2 2 14538556 72901
131 2 3 14525536 74151
131 2 4 14503836 74751
132 2 1 14736339 74872
132 2 2 14759331 75092
132 2 3 14642929 76591
132 2 4 14799901 77761
133 2 1 15012295 75312
133 2 2 14996894 75262
133 2 3 14905643 77971
133 2 4 14871042 76792
134 2 1 15130807 78971
134 2 2 15165306 79061
134 2 3 15164858 76851
134 2 4 15199518 78021
135 2 1 15448682 78891
135 2 2 15444372 79401
135 2 3 15375460 77922
135 2 4 15312761 77311
136 2 1 15599515 79091
136 2 2 15578255 81342
136 2 3 15575684 80942
136 2 4 15616785 80721
137 2 1 15870620 79752
137 2 2 15837190 79662
137 2 3 15842009 81332
137 2 4 15796139 81561
138 2 1 16082784 83071
138 2 2 15978212 82732
138 2 3 15940160 84221
138 2 4 16070333 81271
139 2 1 16263887 84152
139 2 2 16248966 82121
139 2 3 16299817 82502
139 2 4 16217305 83761
140 2 1 16622663 82961
140 2 2 16570152 84472
140 2 3 16503171 85071
140 2 4 16587712 85462
141 2 1 16716525 87351
141 2 2 16825307 84571
141 2 3 16829607 85562
141 2 4 16806005 88441
142 2 1 16901529 87972
142 2 2 16908838 85472
142 2 3 16886938 87312
142 2 4 16918128 86202
143 2 1 17249284 88871
143 2 2 17198824 93912
143 2 3 17217654 90062
143 2 4 17270194 89102
144 2 1 17297265 90572
144 2 2 17374826 88591
144 2 3 17339596 92312
144 2 4 17318824 91722
145 2 1 17607341 91022
145 2 2 17689982 91491
145 2 3 17601151 89412
145 2 4 17434377 91022
146 2 1 17659731 91932
146 2 2 17799964 89591
146 2 3 17657612 91982
146 2 4 17857785 89852
147 2 1 17979156 92841
147 2 2 18074229 91271
147 2 3 18119760 92321
147 2 4 18094259 93172
148 2 1 18206070 95142
148 2 2 18263322 92441
148 2 3 18400245 93991
148 2 4 18168270 94061
149 2 1 18556126 99992
149 2 2 18401945 96072
149 2 3 18560097 94622
149 2 4 18590738 95222
150 2 1 18713130 97332
150 2 2 18810432 98761
150 2 3 18720390 97432
150 2 4 18696880 97701
151 2 1 18953953 104622
151 2 2 18960164 98242
151 2 3 19131347 98252
151 2 4 19024676 98362
152 2 1 19020905 100291
152 2 2 19209319 99142
152 2 3 19196589 97862
152 2 4 19143188 99521
153 2 1 19463382 101002
153 2 2 19528224 98962
153 2 3 19547725 98281
153 2 4 19550155 98382
154 2 1 19666076 101742
154 2 2 19627216 101192
154 2 3 19736118 101222
154 2 4 19839280 101882
155 2 1 20029442 103702
155 2 2 20111665 101982
155 2 3 19967492 102642
155 2 4 20065704 101502
156 2 1 20145364 104422
156 2 2 20226106 102152
156 2 3 20355269 102162
156 2 4 20271727 103252
157 2 1 20487952 103942
157 2 2 20513022 103952
157 2 3 20614203 103742
157 2 4 20560993 103801
158 2 1 20804206 110312
158 2 2 20632624 105892
158 2 3 20752536 106552
158 2 4 20807827 104552
159 2 1 21104691 107422
159 2 2 20912519 106322
159 2 3 21107172 108402
159 2 4 20938069 107282
160 2 1 21263055 114522
160 2 2 21097082 114382
160 2 3 21369147 114072
160 2 4 21283346 115502
161 2 1 21318016 109722
161 2 2 21427348 108031
161 2 3 21392607 110192
161 2 4 21450469 110302
162 2 1 21760823 111222
162 2 2 21809685 110672
162 2 3 21779664 111292
162 2 4 21824085 111962
163 2 1 23211459 114372
163 2 2 21817475 111872
163 2 3 22708321 112742
163 2 4 22611099 114032
164 2 1 22914844 114312
164 2 2 22713510 114122
164 2 3 22782642 114012
164 2 4 22746012 114992
165 2 1 23020826 114672
165 2 2 23110188 115492
165 2 3 23024446 116092
165 2 4 23148038 119192
166 2 1 23446553 117322
166 2 2 23385043 117153
166 2 3 23359632 116992
166 2 4 23399542 116913
167 2 1 23643427 118063
167 2 2 23751659 118662
167 2 3 23653128 119332
167 2 4 23586025 118202
168 2 1 23704798 120962
168 2 2 23888112 118843
168 2 3 23940592 120142
168 2 4 23943891 120822
169 2 1 24407701 121382
169 2 2 24260058 121802
169 2 3 24358740 119842
169 2 4 24270598 121422
170 2 1 24465762 122922
170 2 2 24506602 120392
170 2 3 24471062 122612
170 2 4 24572523 120732
171 2 1 24856659 123862
171 2 2 24794037 124472
171 2 3 24737756 124162
171 2 4 24897108 125922
172 2 1 24971820 123192
172 2 2 25041282 132282
172 2 3 25038782 124943
172 2 4 25062721 125032
173 2 1 25301766 126122
173 2 2 25198184 127462
173 2 3 25269546 125202
173 2 4 25289215 126212
174 2 1 25489760 128372
174 2 2 25550681 128083
174 2 3 25593462 128432
174 2 4 25561440 128382
175 2 1 25789435 129662
175 2 2 25781764 127732
175 2 3 25855016 129442
175 2 4 25687993 129403
176 2 1 26226353 132062
176 2 2 26354115 130063
176 2 3 26232463 128902
176 2 4 26014008 131293
177 2 1 26436067 131892
177 2 2 26425106 131643
177 2 3 26443777 131892
177 2 4 26358544 132332
178 2 1 26484457 134862
178 2 2 26583019 134982
178 2 3 26643390 134432
178 2 4 26557768 135692
179 2 1 26765281 133612
179 2 2 26733212 135022
179 2 3 26928125 134883
179 2 4 26824734 135223
180 2 1 27135758 136072
180 2 2 27143019 134012
180 2 3 27202209 135953
180 2 4 27399884 137652
181 2 1 27492705 144152
181 2 2 27548265 140662
181 2 3 27517845 140063
181 2 4 27527436 140312
182 2 1 27869422 140143
182 2 2 27847611 144093
182 2 3 27777840 140162
182 2 4 27773640 140143
183 2 1 28295729 139933
183 2 2 28193586 140443
183 2 3 28288199 141572
183 2 4 28188817 142182
184 2 1 28409621 143702
184 2 2 28497212 142683
184 2 3 28366560 142922
184 2 4 28481472 143382
185 2 1 28731757 143873
185 2 2 28714747 141953
185 2 3 28834498 142812
185 2 4 28872480 143763
186 2 1 28962011 149793
186 2 2 29001702 145942
186 2 3 29030242 145832
186 2 4 29102924 145573
187 2 1 29252246 146082
187 2 2 29387348 147062
187 2 3 29411939 147092
187 2 4 29350037 145843
188 2 1 29831606 148863
188 2 2 29572442 147012
188 2 3 29580022 147012
188 2 4 29707954 149012
189 2 1 30031459 150203
189 2 2 29914308 149443
189 2 3 30017870 150252
189 2 4 30137251 150873
190 2 1 30293774 149943
190 2 2 30317394 151633
190 2 3 30225603 149783
190 2 4 30346395 156633
191 2 1 30509288 153762
191 2 2 30461297 150792
191 2 3 30420686 152443
191 2 4 30582680 154582
192 2 1 30904995 164603
192 2 2 30963716 165803
192 2 3 30879404 163503
192 2 4 30840964 164853
193 2 1 31165580 154913
193 2 2 31145880 156402
193 2 3 31070058 157113
193 2 4 30968797 156363
194 2 1 31513485 158283
194 2 2 31448055 157623
194 2 3 31573057 157703
194 2 4 31474135 157922
195 2 1 31874042 159293
195 2 2 31616657 159893
195 2 3 31708439 160303
195 2 4 31692119 157903
196 2 1 32139217 162603
196 2 2 32061225 161233
196 2 3 32009464 159553
196 2 4 32083415 161163
197 2 1 32405931 162263
197 2 2 32258979 162263
197 2 3 33114854 160903
197 2 4 32459693 162552
198 2 1 32667076 163453
198 2 2 32747866 162603
198 2 3 32730828 163843
198 2 4 32845619 161653
199 2 1 33147885 165853
199 2 2 32936481 165953
199 2 3 33174156 165413
199 2 4 33009252 166213
200 2 1 33614353 169673
200 2 2 33522072 166132
200 2 3 33489751 166002
200 2 4 33515761 167083
201 2 1 33731095 169163
201 2 2 33705164 168573
201 2 3 33696874 168713
201 2 4 33950039 167393
202 2 1 34120632 168933
202 2 2 34034580 169953
202 2 3 34030651 169863
202 2 4 34048271 170793
203 2 1 34288054 172643
203 2 2 34407558 172433
203 2 3 34286415 171653
203 2 4 34248614 172283
204 2 1 34737022 173653
204 2 2 34769223 173143
204 2 3 34872696 171073
204 2 4 34541419 172853
205 2 1 35129230 177723
205 2 2 35117429 176884
205 2 3 35137590 176693
205 2 4 35044228 176554
206 2 1 35386184 175163
206 2 2 35308332 177053
206 2 3 35204391 177013
206 2 4 35436865 177503
207 2 1 35393324 176593
207 2 2 35896882 185153
207 2 3 35636798 178213
207 2 4 35799991 178653
208 2 1 35944114 180293
208 2 2 36030606 179373
208 2 3 35760031 180163
208 2 4 35956635 180334
209 2 1 36620976 182123
209 2 2 36099596 182653
209 2 3 36409293 181474
209 2 4 36451863 182053
210 2 1 36485453 185354
210 2 2 36440423 185244
210 2 3 36657877 183773
210 2 4 36557615 186023
211 2 1 36877150 186504
211 2 2 36785869 186133
211 2 3 36811289 185773
211 2 4 36705457 186444
212 2 1 37074914 189314
212 2 2 37271618 187563
212 2 3 37039594 188543
212 2 4 37162195 187483
213 2 1 37402830 188524
213 2 2 37536212 187313
213 2 3 37391980 188503
213 2 4 37525162 189423
214 2 1 37726585 190503
214 2 2 38054561 190184
214 2 3 37636904 191513
214 2 4 37785487 191993
215 2 1 38340897 193923
215 2 2 38305696 192723
215 2 3 38011100 192364
215 2 4 38429598 191983
216 2 1 38572721 195194
216 2 2 38463659 193783
216 2 3 38460219 193973
216 2 4 38582030 194103
217 2 1 38859136 195123
217 2 2 38811184 196244
217 2 3 38981798 198773
217 2 4 38930697 195053
218 2 1 39372945 197853
218 2 2 39290553 196943
218 2 3 39379665 196903
218 2 4 39331204 197284
219 2 1 39596179 198763
219 2 2 39782171 196854
219 2 3 39718230 198593
219 2 4 39744501 196404
220 2 1 40111358 201083
220 2 2 40164189 201154
220 2 3 39844723 200753
220 2 4 40107318 200914
221 2 1 40547095 202444
221 2 2 40396553 203063
221 2 3 40526265 202483
221 2 4 40458484 202814
222 2 1 40851132 208904
222 2 2 41026234 208183
222 2 3 40779110 210903
222 2 4 40894932 208424
223 2 1 40998773 206744
223 2 2 40951522 206593
223 2 3 41000214 206664
223 2 4 41132255 206074
224 2 1 41660045 223314
224 2 2 41613914 221604
224 2 3 41839608 222724
224 2 4 41413951 222814
225 2 1 41843798 214243
225 2 2 41668515 215964
225 2 3 41776357 210934
225 2 4 41718286 211794
226 2 1 42294147 212354
226 2 2 41919890 213193
226 2 3 42298396 213974
226 2 4 42012411 212294
227 2 1 42615512 211504
227 2 2 42026952 212764
227 2 3 42653882 212864
227 2 4 42577061 213404
228 2 1 42873177 216054
228 2 2 42701373 215234
228 2 3 43133391 216124
228 2 4 42925597 215304
229 2 1 43306755 215884
229 2 2 43211543 216824
229 2 3 42802775 215694
229 2 4 43279454 216294
230 2 1 45586694 218594
230 2 2 43331235 217274
230 2 3 44983024 218203
230 2 4 45107306 219034
231 2 1 45143347 221254
231 2 2 45223958 220444
231 2 3 45043115 220343
231 2 4 45008524 220563
232 2 1 45448212 224374
232 2 2 45559724 223134
232 2 3 45540103 223054
232 2 4 45370251 223604
233 2 1 45856279 225324
233 2 2 45792308 225524
233 2 3 45663386 226064
233 2 4 45958811 224114
234 2 1 46225465 228314
234 2 2 46386730 225844
234 2 3 46535851 227764
234 2 4 46312167 227314
235 2 1 46617832 228164
235 2 2 46684735 228404
235 2 3 46717624 228784
235 2 4 46350358 229034
236 2 1 46882047 229684
236 2 2 47016150 230014
236 2 3 46670824 227304
236 2 4 46896437 229184
237 2 1 47362266 235185
237 2 2 47421356 229294
237 2 3 47198883 231844
237 2 4 47340146 230454
238 2 1 47646770 232845
238 2 2 47540498 232185
238 2 3 47624560 231044
238 2 4 47568300 232915
239 2 1 48470025 238104
239 2 2 48525857 235684
239 2 3 48094279 236744
239 2 4 48159901 235444
240 2 1 48717169 237494
240 2 2 48643148 237395
240 2 3 48761021 236905
240 2 4 48726049 236785
241 2 1 49195808 241564
241 2 2 49204029 239144
241 2 3 48866922 244645
241 2 4 49168847 240694
242 2 1 49620336 245084
242 2 2 49574465 244115
242 2 3 49617435 248614
242 2 4 49650086 244054
243 2 1 49894361 244074
243 2 2 49836909 243974
243 2 3 49667986 244034
243 2 4 49594736 243884
244 2 1 49890990 246514
244 2 2 50440000 244784
244 2 3 50222067 245754
244 2 4 50019163 245974
245 2 1 50362470 246484
245 2 2 50447220 246344
245 2 3 50642304 246564
245 2 4 50600284 247624
246 2 1 50759035 251025
246 2 2 51078972 250705
246 2 3 51009910 254745
246 2 4 51154022 250224
247 2 1 51312296 249465
247 2 2 51619650 250954
247 2 3 51304897 250684
247 2 4 51267105 248675
248 2 1 51836545 256504
248 2 2 51386907 255095
248 2 3 51660221 255254
248 2 4 51598092 252794
249 2 1 52192611 253704
249 2 2 51943857 255495
249 2 3 52159600 256044
249 2 4 52187052 254955
250 2 1 52443675 260605
250 2 2 52104570 258964
250 2 3 52470425 261664
250 2 4 52462447 261485
251 2 1 52758721 259795
251 2 2 52565468 260044
251 2 3 53116837 259764
251 2 4 52918054 260225
252 2 1 53458804 269295
252 2 2 52862983 270154
252 2 3 53067656 269105
252 2 4 53295292 270335
253 2 1 53785939 264525
253 2 2 53665588 264505
253 2 3 53877711 262514
253 2 4 53911102 265045
254 2 1 53885571 274365
254 2 2 54067785 273415
254 2 3 53674847 274894
254 2 4 53858161 273455
255 2 1 54451832 280385
255 2 2 54400750 276005
255 2 3 54394431 276775
255 2 4 54316039 275725
256 2 1 55161244 287615
256 2 2 55077262 290976
256 2 3 54920589 287835
256 2 4 54795917 289266
257 2 1 55376867 283725
257 2 2 55334617 283645
257 2 3 55149564 284135
257 2 4 55070962 283605
258 2 1 55426379 280235
258 2 2 55293286 279705
258 2 3 55506629 280465
258 2 4 55444459 280365
259 2 1 55907038 280715
259 2 2 56111300 278725
259 2 3 55525231 281755
259 2 4 56198352 281265
260 2 1 56261654 285095
260 2 2 56215162 280595
260 2 3 55993698 281954
260 2 4 55959288 281395
261 2 1 56563408 280365
261 2 2 56795653 285595
261 2 3 56483598 281355
261 2 4 56600598 281385
262 2 1 57085378 286136
262 2 2 57112609 284375
262 2 3 56967986 285395
262 2 4 57189349 287505
263 2 1 57975813 284795
263 2 2 57346752 285725
263 2 3 57704669 285366
263 2 4 57679879 283405
264 2 1 57806071 288745
264 2 2 58144866 287725
264 2 3 58348521 288535
264 2 4 58057315 289305
265 2 1 58341120 287955
265 2 2 58091295 285245
265 2 3 58553764 287605
265 2 4 58771248 288455
266 2 1 58702646 289945
266 2 2 58860579 291715
266 2 3 58807298 290755
266 2 4 58809468 290896
267 2 1 58934080 293665
267 2 2 59243296 293565
267 2 3 59329617 295315
267 2 4 59023502 290715
268 2 1 59535341 294525
268 2 2 59673734 298955
268 2 3 59552682 297905
268 2 4 59594742 298715
269 2 1 59920248 297375
269 2 2 59938419 296285
269 2 3 60023670 298965
269 2 4 59744215 296855
270 2 1 60374476 299376
270 2 2 60783123 300516
270 2 3 60179232 300836
270 2 4 59933808 299415
271 2 1 60959616 301085
271 2 2 60958316 303295
271 2 3 60511289 301775
271 2 4 60632431 299196
272 2 1 61224022 302665
272 2 2 61120640 299815
272 2 3 61084279 303665
272 2 4 61164800 304615
273 2 1 61664819 305215
273 2 2 61653169 304845
273 2 3 61607728 310886
273 2 4 61695179 302395
274 2 1 61861013 307216
274 2 2 62146497 305066
274 2 3 62141617 310265
274 2 4 61874563 308956
275 2 1 62310610 306365
275 2 2 62473373 309835
275 2 3 62386052 306015
275 2 4 62323780 309346
276 2 1 63172456 313205
276 2 2 62680697 311896
276 2 3 62937661 312936
276 2 4 62899340 312986
277 2 1 62994202 313216
277 2 2 62898851 313765
277 2 3 63561233 316446
277 2 4 63767426 316126
278 2 1 63794506 319616
278 2 2 64045630 316686
278 2 3 63770707 319426
278 2 4 63686265 318986
279 2 1 65062739 320406
279 2 2 64375927 324256
279 2 3 64385478 322126
279 2 4 64750334 323526
280 2 1 65014358 323986
280 2 2 64533950 324616
280 2 3 64725973 323766
280 2 4 64873346 324975
281 2 1 65262193 325316
281 2 2 65811792 323626
281 2 3 65473126 325286
281 2 4 65720761 326306
282 2 1 65552647 328366
282 2 2 66193989 329516
282 2 3 65810623 326396
282 2 4 65940444 327506
283 2 1 66357232 329026
283 2 2 66073557 331486
283 2 3 66226590 329026
283 2 4 66606686 325975
284 2 1 66630087 330076
284 2 2 66371293 329516
284 2 3 67073124 338126
284 2 4 67022415 327566
285 2 1 67530153 335036
285 2 2 67015664 328776
285 2 3 67112965 331626
285 2 4 67329540 334066
286 2 1 67829797 340576
286 2 2 67811778 338236
286 2 3 67989470 337076
286 2 4 67283049 334575
287 2 1 67868790 343466
287 2 2 67790157 339726
287 2 3 68171344 341596
287 2 4 67996960 346346
288 2 1 68716174 367207
288 2 2 68673643 365996
288 2 3 68774324 362876
288 2 4 68327647 363826
289 2 1 68875377 344396
289 2 2 68963719 342737
289 2 3 69146571 345956
289 2 4 68857186 345516
290 2 1 69309265 346826
290 2 2 69470398 348096
290 2 3 69579710 343156
290 2 4 69281924 345386
291 2 1 69863744 351406
291 2 2 69897395 351936
291 2 3 69867594 351456
291 2 4 69965646 355277
292 2 1 70521696 349306
292 2 2 70436485 347966
292 2 3 70339893 348296
292 2 4 70510075 353586
293 2 1 70767581 351586
293 2 2 70648588 352466
293 2 3 71062276 351696
293 2 4 70470635 350587
294 2 1 71430532 353206
294 2 2 71034754 353136
294 2 3 71537234 351636
294 2 4 71155067 352266
295 2 1 71810779 356757
295 2 2 71853269 359956
295 2 3 72010093 366417
295 2 4 72050313 359097
296 2 1 72329958 360757
296 2 2 72097074 361016
296 2 3 72092464 360056
296 2 4 71984312 357627
297 2 1 72764216 361576
297 2 2 72944899 361386
297 2 3 72810807 361597
297 2 4 72571432 359287
298 2 1 72998050 360466
298 2 2 73432898 363277
298 2 3 73181283 363396
298 2 4 73037630 364357
299 2 1 73567040 365916
299 2 2 73750143 366107
299 2 3 73902786 365436
299 2 4 73538300 367817
300 2 1 74309493 369027
300 2 2 73955848 370756
300 2 3 74024148 370577
300 2 4 73935576 369086
301 2 1 74281342 373367
301 2 2 74165751 374226
301 2 3 74532048 372037
301 2 4 74527547 377437
302 2 1 75071756 375056
302 2 2 75327491 381137
302 2 3 74485907 376947
302 2 4 75055046 376487
303 2 1 75254690 374086
303 2 2 75479973 374327
303 2 3 75234070 373057
303 2 4 75268760 374616
304 2 1 75994433 380196
304 2 2 76260818 378167
304 2 3 75574165 377897
304 2 4 75862800 376167
305 2 1 76768077 383727
305 2 2 76362179 381137
305 2 3 76362930 399407
305 2 4 76482052 378277
306 2 1 76834068 381046
306 2 2 77501530 383687
306 2 3 77072671 388057
306 2 4 76841538 386196
307 2 1 77131233 389977
307 2 2 77476769 391337
307 2 3 76997000 391416
307 2 4 77502790 391527
308 2 1 77844955 391287
308 2 2 77824166 386847
308 2 3 77860635 388237
308 2 4 77922488 389417
309 2 1 78305674 386197
309 2 2 78543848 387697
309 2 3 78976846 390947
309 2 4 78119170 389237
310 2 1 79100908 391157
310 2 2 79090508 390397
310 2 3 79057027 391856
310 2 4 79008177 390937
311 2 1 79463875 396657
311 2 2 79934693 394587
311 2 3 79261980 395557
311 2 4 79760840 394577
312 2 1 80175908 401187
312 2 2 80009244 399397
312 2 3 80135095 399647
312 2 4 79826531 402137
313 2 1 80815309 400377
313 2 2 80196547 397477
313 2 3 80194198 400237
313 2 4 80400471 397987
314 2 1 80612204 402327
314 2 2 80463753 402587
314 2 3 81163614 404207
314 2 4 80666136 399927
315 2 1 81587133 405848
315 2 2 81286137 406567
315 2 3 81657103 410057
315 2 4 81492531 407577
316 2 1 81902388 411388
316 2 2 81704014 413847
316 2 3 82087581 409447
316 2 4 81885298 413607
317 2 1 82313345 415627
317 2 2 82564320 418008
317 2 3 83066458 417217
317 2 4 82773103 416577
318 2 1 82772254 416928
318 2 2 82661712 409458
318 2 3 82476348 408437
318 2 4 83259462 411397
319 2 1 83350474 416038
319 2 2 83396604 419328
319 2 3 83408054 420828
319 2 4 83336724 416267
320 2 1 83443565 464178
320 2 2 84466954 466438
320 2 3 84484733 471108
320 2 4 84267410 466268
321 2 1 84645326 421517
321 2 2 84641836 419757
321 2 3 84440863 418407
321 2 4 84914281 420638
322 2 1 84851180 418988
322 2 2 85049944 420947
322 2 3 84910821 422717
322 2 4 84853301 422087
323 2 1 85703675 425427
323 2 2 85645335 426897
323 2 3 85379969 424958
323 2 4 85267087 423997
324 2 1 85864338 429907
324 2 2 85498641 429278
324 2 3 86040082 432027
324 2 4 85708765 433808
325 2 1 89029384 431507
325 2 2 87561579 429077
325 2 3 89233007 430318
325 2 4 88705029 427578
326 2 1 89600585 439108
326 2 2 89529653 433968
326 2 3 89624205 433008
326 2 4 89777377 434718
327 2 1 89959831 436978
327 2 2 90201145 435058
327 2 3 90090533 439018
327 2 4 90146313 436178
328 2 1 90713534 453048
328 2 2 90765845 448028
328 2 3 90910527 448988
328 2 4 90565841 451558
329 2 1 90877438 446108
329 2 2 91659321 444868
329 2 3 91477477 444048
329 2 4 91525159 446028
330 2 1 91439287 445648
330 2 2 91764173 444428
330 2 3 91998297 446748
330 2 4 91928075 445208
331 2 1 92220191 463738
331 2 2 92361833 458988
331 2 3 92060549 454348
331 2 4 92593668 454068
332 2 1 92992465 449368
332 2 2 92360323 450908
332 2 3 92749350 453588
332 2 4 92618068 455078
333 2 1 93265990 456168
333 2 2 93368201 453638
333 2 3 93216868 458068
333 2 4 93301051 455508
334 2 1 93853819 461538
334 2 2 93636186 462048
334 2 3 93840721 461298
334 2 4 93921641 460608
335 2 1 94501101 460368
335 2 2 94259397 459158
335 2 3 94456071 459838
335 2 4 93713438 459108
336 2 1 94805646 463428
336 2 2 94661015 465878
336 2 3 95237534 462958
336 2 4 95036862 462879
337 2 1 95837825 468248
337 2 2 95756263 469988
337 2 3 95358037 473768
337 2 4 95752803 474098
338 2 1 95964638 474928
338 2 2 96461666 473449
338 2 3 96418115 470298
338 2 4 95932347 476558
339 2 1 96294864 473209
339 2 2 96907075 473439
339 2 3 96174671 480269
339 2 4 96902285 473798
340 2 1 97359192 489009
340 2 2 97065037 479989
340 2 3 97069908 486829
340 2 4 96957174 480498
341 2 1 97000426 484518
341 2 2 97148249 481258
341 2 3 97505725 486368
341 2 4 97585356 485468
342 2 1 97852561 486408
342 2 2 98560574 486779
342 2 3 98030274 485389
342 2 4 98356220 485328
343 2 1 98711937 484049
343 2 2 98543283 486929
343 2 3 98291149 486819
343 2 4 98785319 491109
344 2 1 99371788 489848
344 2 2 99239916 491728
344 2 3 99136334 491099
344 2 4 99407699 490589
345 2 1 99763056 488689
345 2 2 100025709 488099
345 2 3 99574482 488949
345 2 4 100354835 488939
346 2 1 100289015 492749
346 2 2 100520728 496399
346 2 3 100498449 491559
346 2 4 100396816 495379
347 2 1 101160160 494689
347 2 2 101309632 495059
347 2 3 100919045 495619
347 2 4 101024168 495819
348 2 1 101563227 496108
348 2 2 101291873 497839
348 2 3 101582087 498599
348 2 4 101745000 496648
349 2 1 102023205 504548
349 2 2 102034135 512159
349 2 3 102338671 505689
349 2 4 102272400 506519
350 2 1 102212038 503259
350 2 2 102176808 502179
350 2 3 102304041 506259
350 2 4 101843051 502339
351 2 1 102772329 508019
351 2 2 103011243 506989
351 2 3 102790899 506359
351 2 4 103298128 505699
352 2 1 103376579 542979
352 2 2 103417710 545210
352 2 3 103902329 545589
352 2 4 103416899 549050
353 2 1 104258035 511810
353 2 2 104171783 513889
353 2 3 104332926 509349
353 2 4 104207634 512189
354 2 1 104982428 516469
354 2 2 104813115 524739
354 2 3 105422706 517559
354 2 4 104812854 522399
355 2 1 104895617 518069
355 2 2 105196391 524089
355 2 3 105252042 521190
355 2 4 104781855 525579
356 2 1 105829952 519179
356 2 2 105843024 519069
356 2 3 105395715 519959
356 2 4 105949795 519629
357 2 1 106203180 527940
357 2 2 106465564 524589
357 2 3 106280511 533370
357 2 4 106382253 527269
358 2 1 106736599 526879
358 2 2 106829612 523629
358 2 3 107083875 525629
358 2 4 107134687 525560
359 2 1 107262469 526489
359 2 2 106691608 528139
359 2 3 107519104 529099
359 2 4 106885122 530290
360 2 1 108154765 538469
360 2 2 108500241 535699
360 2 3 108195565 535019
360 2 4 108057772 535370
361 2 1 108426319 535299
361 2 2 108806767 536980
361 2 3 108621313 536719
361 2 4 108517471 534490
362 2 1 109458528 550390
362 2 2 109328384 548280
362 2 3 109280105 546639
362 2 4 109348636 547600
363 2 1 109884425 544920
363 2 2 110030857 541450
363 2 3 110156720 550500
363 2 4 110027988 543870
364 2 1 110720210 547830
364 2 2 110580267 546760
364 2 3 111030186 545050
364 2 4 110699099 548640
365 2 1 111360212 554130
365 2 2 111539535 552130
365 2 3 111966962 551330
365 2 4 111466003 554200
366 2 1 112061403 552860
366 2 2 112187857 550069
366 2 3 111663796 561040
366 2 4 112489032 552390
367 2 1 112926630 558930
367 2 2 113359277 559640
367 2 3 112643354 563190
367 2 4 112612084 559280
368 2 1 112723246 559840
368 2 2 113001631 560630
368 2 3 113299866 557770
368 2 4 113249955 556770
369 2 1 114276444 569660
369 2 2 113628083 577880
369 2 3 114050900 571570
369 2 4 113616531 570700
370 2 1 114509888 565340
370 2 2 114629240 561980
370 2 3 114612740 563770
370 2 4 114423956 566250
371 2 1 115277561 565920
371 2 2 115142199 568650
371 2 3 115104788 567860
371 2 4 115091389 567050
372 2 1 115556277 572740
372 2 2 115816811 573490
372 2 3 115193840 572960
372 2 4 115605537 570081
373 2 1 116377011 574401
373 2 2 116131937 576860
373 2 3 115966733 583210
373 2 4 116530844 577351
374 2 1 116530224 576280
374 2 2 116738868 576600
374 2 3 117044434 579070
374 2 4 116561634 579321
375 2 1 117380028 587851
375 2 2 117847318 580810
375 2 3 116911390 582541
375 2 4 117258767 580190
376 2 1 117506971 591111
376 2 2 117685555 589381
376 2 3 118020021 595860
376 2 4 117988789 589040
377 2 1 118349767 585631
377 2 2 118236855 587290
377 2 3 118766173 587271
377 2 4 118681221 587470
378 2 1 118177714 592200
378 2 2 118331026 594251
378 2 3 119254862 593480
378 2 4 119124330 592781
379 2 1 118878375 595150
379 2 2 118776684 592410
379 2 3 119152940 594541
379 2 4 118688912 593920
380 2 1 119349244 602430
380 2 2 119287983 600241
380 2 3 119571188 597871
380 2 4 119545627 611281
381 2 1 120132658 598071
381 2 2 120186039 599671
381 2 3 120544576 597651
381 2 4 121107926 600451
382 2 1 120941223 605501
382 2 2 121439311 605150
382 2 3 121884138 605571
382 2 4 121463821 604140
383 2 1 121014693 607691
383 2 2 121795078 604261
383 2 3 122389828 604071
383 2 4 122373538 603731
384 2 1 122879287 656392
384 2 2 122695183 655932
384 2 3 123132802 654441
384 2 4 122557271 654202
385 2 1 123839583 613041
385 2 2 123134822 612551
385 2 3 123263595 614521
385 2 4 123457857 621421
386 2 1 124024767 616761
386 2 2 123837534 618302
386 2 3 124100029 627681
386 2 4 123241303 617271
387 2 1 124632418 615281
387 2 2 124476095 626762
387 2 3 124733049 617411
387 2 4 124466875 615831
388 2 1 124568988 625921
388 2 2 124504256 626661
388 2 3 124863962 626691
388 2 4 124931064 625581
389 2 1 125953572 621441
389 2 2 126081914 623091
389 2 3 125507414 620571
389 2 4 125627096 623481
390 2 1 126718515 632451
390 2 2 125803940 630301
390 2 3 126372789 628301
390 2 4 126569154 631391
391 2 1 126523162 632172
391 2 2 126363280 633201
391 2 3 126980690 634512
391 2 4 126816867 634272
392 2 1 128066010 637401
392 2 2 127290926 637441
392 2 3 128090020 639591
392 2 4 127466328 639102
393 2 1 128187601 638432
393 2 2 128134481 647192
393 2 3 128571839 636991
393 2 4 127744854 638052
394 2 1 128903285 640821
394 2 2 129101238 641082
394 2 3 128043400 638102
394 2 4 129076358 638482
395 2 1 129638238 644801
395 2 2 129979094 645952
395 2 3 130534704 646522
395 2 4 129476376 653161
396 2 1 130620535 656282
396 2 2 130906050 661442
396 2 3 130544755 652682
396 2 4 130431802 662162
397 2 1 130609755 661751
397 2 2 130898260 658662
397 2 3 130544374 663081
397 2 4 130433871 653031
398 2 1 131322138 660222
398 2 2 131190086 651451
398 2 3 130874230 653312
398 2 4 131317188 656191
399 2 1 131626954 659621
399 2 2 131977849 658092
399 2 3 132382957 658002
399 2 4 131858027 658062
400 2 1 132439648 657421
400 2 2 132106001 660351
400 2 3 132838835 658832
400 2 4 132315915 657972
1 3 1 12560 4740
1 3 2 4341 2220
1 3 3 3870 2110
1 3 4 3970 2140
2 3 1 13620 2570
2 3 2 11820 2100
2 3 3 11600 2220
2 3 4 11840 2170
3 3 1 35080 2670
3 3 2 32821 2370
3 3 3 31971 2400
3 3 4 31501 2330
4 3 1 70491 2950
4 3 2 69582 2510
4 3 3 69321 2580
4 3 4 68681 2610
5 3 1 136192 3300
5 3 2 133952 3040
5 3 3 133783 2910
5 3 4 134342 3000
6 3 1 234044 3700
6 3 2 233254 3520
6 3 3 232414 3560
6 3 4 231474 3540
7 3 1 380486 4730
7 3 2 377956 4650
7 3 3 371516 4471
7 3 4 371516 4340
8 3 1 556899 5920
8 3 2 544339 5440
8 3 3 543799 5460
8 3 4 545589 5431
9 3 1 811164 7520
9 3 2 779533 6840
9 3 3 786564 6820
9 3 4 785044 6791
10 3 1 1097859 8500
10 3 2 1064169 8630
10 3 3 1054539 8420
10 3 4 1070049 8380
11 3 1 1476566 11960
11 3 2 1440926 11230
11 3 3 1442565 11210
11 3 4 1456416 11440
12 3 1 1900624 14100
12 3 2 1857833 13990
12 3 3 1855272 13911
12 3 4 1857523 13330
13 3 1 2381942 16221
13 3 2 2348902 16320
13 3 3 2337482 16801
13 3 4 2339981 17010
14 3 1 3046473 19690
14 3 2 2982293 19150
14 3 3 2974714 21150
14 3 4 2994983 19310
15 3 1 3678735 24881
15 3 2 3640894 24350
15 3 3 3622345 22800
15 3 4 3645145 24201
16 3 1 4463519 30210
16 3 2 4369167 29700
16 3 3 4400568 29820
16 3 4 4392788 30031
17 3 1 5232563 32470
17 3 2 5209873 34030
17 3 3 5348745 32641
17 3 4 5263784 34060
18 3 1 6436324 40411
18 3 2 6350162 39750
18 3 3 6350333 39810
18 3 4 6331232 39961
19 3 1 7517504 46751
19 3 2 7415471 42890
19 3 3 7338641 42901
19 3 4 7379311 43921
20 3 1 8738065 50430
20 3 2 8599802 49661
20 3 3 8574332 52871
20 3 4 8565032 52610
21 3 1 10073898 59721
21 3 2 9939986 59081
21 3 3 9864336 57231
21 3 4 9885075 59122
22 3 1 11876280 65071
22 3 2 11673797 64411
22 3 3 11682328 64511
22 3 4 11478104 64321
23 3 1 13330837 74451
23 3 2 13192354 76401
23 3 3 13261685 77581
23 3 4 13209155 77611
24 3 1 15174548 87501
24 3 2 14939224 86861
24 3 3 14914695 88112
24 3 4 15000356 86932
25 3 1 17055353 93712
25 3 2 16815748 92762
25 3 3 16827519 93362
25 3 4 16791317 94501
26 3 1 18983077 104032
26 3 2 18740882 103292
26 3 3 18879444 105611
26 3 4 18793203 105672
27 3 1 21980551 117152
27 3 2 21477411 115552
27 3 3 21482411 117472
27 3 4 21718335 115632
28 3 1 24257051 129222
28 3 2 23866272 127872
28 3 3 23774612 132033
28 3 4 23989705 130663
29 3 1 26481370 144453
29 3 2 26297936 142092
29 3 3 26319967 143633
29 3 4 26420249 142943
30 3 1 29298759 158853
30 3 2 29291749 156243
30 3 3 29325750 156542
30 3 4 29289398 156083
31 3 1 32487956 176133
31 3 2 32178941 171823
31 3 3 31876606 172663
31 3 4 31857355 174423
32 3 1 35621272 207993
32 3 2 35284917 206644
32 3 3 35349707 212314
32 3 4 35211064 209273
33 3 1 38383021 207024
33 3 2 38385990 207894
33 3 3 38569854 206263
33 3 4 38227477 207504
34 3 1 43583653 225954
34 3 2 43329968 224194
34 3 3 43077744 227044
34 3 4 43268247 228294
35 3 1 47674975 246264
35 3 2 47004523 247174
35 3 3 46917283 246165
35 3 4 46673567 246494
36 3 1 50890592 269415
36 3 2 51002004 268445
36 3 3 50925052 267685
36 3 4 50940884 266084
37 3 1 55731368 294075
37 3 2 55057157 288255
37 3 3 55322471 296006
37 3 4 55087057 291065
38 3 1 59444903 314236
38 3 2 59329032 314636
38 3 3 59350402 312365
38 3 4 58912444 319046
39 3 1 65088964 342357
39 3 2 64090986 340466
39 3 3 64145228 342116
39 3 4 63847102 337846
40 3 1 69351331 380777
40 3 2 69158856 378857
40 3 3 69131246 385437
40 3 4 68876261 378527
41 3 1 74405280 397347
41 3 2 73439243 390887
41 3 3 73665556 396457
41 3 4 73983183 390077
42 3 1 79530581 420877
42 3 2 79027171 420058
42 3 3 79452409 418117
42 3 4 79430909 421137
43 3 1 88155183 455118
43 3 2 91759267 459698
43 3 3 90395913 461068
43 3 4 91414882 461288
44 3 1 97241634 488028
44 3 2 97239014 492629
44 3 3 97406618 488578
44 3 4 97067321 489409
45 3 1 103851722 531709
45 3 2 103481435 530670
45 3 3 103568087 527699
45 3 4 103369493 530330
46 3 1 110757594 566930
46 3 2 111096990 571080
46 3 3 111379815 572970
46 3 4 111325754 568280
47 3 1 117958842 605291
47 3 2 117688127 606830
47 3 3 118138006 615081
47 3 4 118036303 604951
48 3 1 125552957 792154
48 3 2 125609458 797624
48 3 3 125611657 802484
48 3 4 125872993 791655
49 3 1 132849727 691153
49 3 2 133155632 701342
49 3 3 133846664 691522
49 3 4 133722451 693192
50 3 1 141071972 733893
50 3 2 141057283 732503
50 3 3 140507581 736084
50 3 4 140934380 730963
51 3 1 148907752 779284
51 3 2 149198717 785354
51 3 3 148672197 778814
51 3 4 149217347 779854
52 3 1 157414983 825095
52 3 2 157838509 823815
52 3 3 157727248 819585
52 3 4 157915722 824065
53 3 1 166924111 873545
53 3 2 166279269 868186
53 3 3 166090236 860766
53 3 4 166576046 863615
54 3 1 181499630 893656
54 3 2 178921364 891215
54 3 3 178807582 891576
54 3 4 178972205 890905
55 3 1 188845411 963067
55 3 2 191239533 955627
55 3 3 191461377 955547
55 3 4 190811766 969097
56 3 1 201490566 1048848
56 3 2 200679231 1037209
56 3 3 201704169 1034459
56 3 4 201175840 1034528
57 3 1 212003603 1050838
57 3 2 211747508 1062119
57 3 3 212216275 1049108
57 3 4 211161127 1061989
58 3 1 221165275 1102950
58 3 2 220937981 1107200
58 3 3 220723517 1105910
58 3 4 220761678 1104129
59 3 1 232887374 1190211
59 3 2 233179688 1199502
59 3 3 232275313 1189301
59 3 4 233089716 1187092
60 3 1 244139553 1250612
60 3 2 244327787 1260683
60 3 3 243612424 1272563
60 3 4 244620761 1276432
61 3 1 256405832 1297483
61 3 2 256054485 1306173
61 3 3 257001102 1309703
61 3 4 256557684 1314853
62 3 1 266951878 1353634
62 3 2 268467725 1370004
62 3 3 266707434 1361834
62 3 4 268290402 1365374
63 3 1 280386537 1436945
63 3 2 280256935 1442626
63 3 3 280947028 1438265
63 3 4 279535022 1426056
64 3 1 294530389 1879244
64 3 2 295498497 1877873
64 3 3 296178657 1873243
64 3 4 295200011 1890573
65 3 1 306563283 1581568
65 3 2 306726576 1592448
65 3 3 306296989 1584738
65 3 4 306640104 1594269
66 3 1 321407168 1655610
66 3 2 321214054 1649929
66 3 3 321042351 1634939
66 3 4 321229964 1632540
67 3 1 333804167 1713850
67 3 2 333336410 1703520
67 3 3 335066101 1699880
67 3 4 333076835 1692731
68 3 1 355571674 1837843
68 3 2 346233239 1811342
68 3 3 348939067 1819952
68 3 4 349645620 1998985
69 3 1 362318815 1898874
69 3 2 361424039 1866923
69 3 3 363879164 1870913
69 3 4 364877291 1871384
70 3 1 379470941 2031096
70 3 2 376720062 1991196
70 3 3 379983000 1995896
70 3 4 380035431 1981535
71 3 1 394777193 2092377
71 3 2 393835457 2060807
71 3 3 397916620 2054157
71 3 4 395571218 2059647
72 3 1 412560700 2277011
72 3 2 411743776 2226909
72 3 3 412326056 2219959
72 3 4 413269313 2227770
73 3 1 429530162 2272110
73 3 2 426556471 2244630
73 3 3 428853081 2301591
73 3 4 428701849 2240560
74 3 1 445641549 2347042
74 3 2 442863251 2330661
74 3 3 445003199 2329622
74 3 4 445966516 2316250
75 3 1 464088589 2518115
75 3 2 461926420 2508335
75 3 3 464408284 2503235
75 3 4 464395625 2511184
76 3 1 481406487 2518425
76 3 2 480342378 2554406
76 3 3 482327344 2722059
76 3 4 480894950 2730679
77 3 1 500962846 2600576
77 3 2 497125728 2594686
77 3 3 500452558 2590406
77 3 4 498865610 2604346
78 3 1 519907144 2739788
78 3 2 518755415 2779440
78 3 3 520340963 2759339
78 3 4 519472559 2763789
79 3 1 538929974 2910952
79 3 2 536153745 3099175
79 3 3 540035145 2920042
79 3 4 538804923 2902441
80 3 1 560545880 3277808
80 3 2 558964963 3590104
80 3 3 563298861 3538782
80 3 4 563355612 3544652
81 3 1 580094670 3162276
81 3 2 577828050 3137625
81 3 3 580062171 3109205
81 3 4 580049120 3125375
82 3 1 603013999 3194697
82 3 2 596608925 3209906
82 3 3 602123704 3201397
82 3 4 602019052 3206548
83 3 1 624853789 3288368
83 3 2 621542521 3306899
83 3 3 624635277 3300279
83 3 4 623153610 3292298
84 3 1 646401085 3388010
84 3 2 641092491 3423221
84 3 3 644702865 3410700
84 3 4 646229593 3432251
85 3 1 678712992 3529633
85 3 2 671179399 3549053
85 3 3 670543248 3529243
85 3 4 671060388 3544763
86 3 1 696299428 3728476
86 3 2 696895409 3699246
86 3 3 694721530 3710156
86 3 4 694446476 3727157
87 3 1 720524922 3906899
87 3 2 721035162 3885588
87 3 3 720280498 3894628
87 3 4 719937093 3879549
88 3 1 746689279 4170355
88 3 2 745001990 4203785
88 3 3 745349768 4192435
88 3 4 746644201 4195825
89 3 1 770097760 4284916
89 3 2 766839323 4149405
89 3 3 769652212 4175305
89 3 4 769581372 4164494
90 3 1 796161277 4368388
90 3 2 799546747 4273156
90 3 3 799672150 4284487
90 3 4 802216927 4290146
91 3 1 825240328 4561051
91 3 2 825031614 4572321
91 3 3 827854626 4568282
91 3 4 826615475 4513771
92 3 1 853155268 4637413
92 3 2 854613575 4623712
92 3 3 852455008 4630613
92 3 4 852714723 4632842
93 3 1 882279081 4793616
93 3 2 880549621 4741605
93 3 3 879372972 4765965
93 3 4 881201964 4774375
94 3 1 908393301 4871636
94 3 2 907508796 4839216
94 3 3 909044453 4864637
94 3 4 907415526 4849527
95 3 1 935143031 4952478
95 3 2 936562108 4966949
95 3 3 935704854 4949588
95 3 4 935680244 4973038
96 3 1 967722697 5869514
96 3 2 969311177 5877555
96 3 3 968062575 5859335
96 3 4 966782223 5850365
97 3 1 995837303 5409126
97 3 2 997339421 5396606
97 3 3 996318864 5383367
97 3 4 995395898 5373326
98 3 1 1025221662 5492518
98 3 2 1026116998 5503528
98 3 3 1025413798 5498889
98 3 4 1027858573 5504518
99 3 1 1057745567 5634300
99 3 2 1056919104 5614170
99 3 3 1055954107 5641171
99 3 4 1057910403 5620710
100 3 1 1087815749 5866785
100 3 2 1088542504 5851385
100 3 3 1088739059 5863465
100 3 4 1088425324 5843464
101 3 1 1121301352 6022228
101 3 2 1120256736 6034768
101 3 3 1121678252 6024977
101 3 4 1120048945 5995587
102 3 1 1156319884 6134850
102 3 2 1153266151 6167459
102 3 3 1153871474 6130749
102 3 4 1152947888 6146440
103 3 1 1188913473 6375914
103 3 2 1185850860 6375204
103 3 3 1187655373 6382744
103 3 4 1185841762 6393844
104 3 1 1219893423 6796572
104 3 2 1221296160 6812472
104 3 3 1225326062 6794921
104 3 4 1220169153 6807832
105 3 1 1254749962 6788961
105 3 2 1257479303 6755131
105 3 3 1254258167 6796461
105 3 4 1256373366 6769161
106 3 1 1293451920 7969552
106 3 2 1291192143 6946904
106 3 3 1291164874 6951864
106 3 4 1290867380 6970325
107 3 1 1347273862 7052396
107 3 2 1346002380 7060606
107 3 3 1341716176 7060106
107 3 4 1340935854 6957575
108 3 1 1379105798 7332992
108 3 2 1380870222 7281770
108 3 3 1378957719 7300031
108 3 4 1376430306 7308671
109 3 1 1420067710 7492014
109 3 2 1419698015 7480065
109 3 3 1414847750 7466093
109 3 4 1421229357 7456974
110 3 1 1454526155 7622216
110 3 2 1455998814 7644716
110 3 3 1454966807 7641616
110 3 4 1455755473 7655447
111 3 1 1494549991 7984803
111 3 2 1492416424 7984864
111 3 3 1495549033 7994443
111 3 4 1493750683 7950183
112 3 1 1542284185 9213435
112 3 2 1541563955 9239486
112 3 3 1540882205 9226286
112 3 4 1543760188 9252456
113 3 1 1574893438 8453802
113 3 2 1573642299 8417181
113 3 3 1576503642 8328669
113 3 4 1574551320 8392270
114 3 1 1622247908 8505582
114 3 2 1624760586 8469421
114 3 3 1623378673 8512263
114 3 4 1626435110 8511263
115 3 1 1660152979 8730776
115 3 2 1656192939 8722127
115 3 3 1655652652 8732247
115 3 4 1657315905 8763057
116 3 1 1697209164 8999792
116 3 2 1699089970 8995421
116 3 3 1700417626 8986191
116 3 4 1703446543 8954970
117 3 1 1742110890 9266086
117 3 2 1744958024 9222156
117 3 3 1744498079 9295407
117 3 4 1743766508 9277296
118 3 1 1791722662 9399659
118 3 2 1790648635 9393798
118 3 3 1786359610 9442430
118 3 4 1787112798 9363029
119 3 1 1832219831 9653003
119 3 2 1830808009 9661983
119 3 3 1829749372 9661174
119 3 4 1829870477 9643363
120 3 1 1876167824 10557959
120 3 2 1882211005 10533139
120 3 3 1880243272 10588540
120 3 4 1879698675 10582850
121 3 1 1927114312 10403947
121 3 2 1922704285 10390807
121 3 3 1922070787 10382476
121 3 4 1922325825 10412597
122 3 1 1971931080 10581040
122 3 2 1975156521 10616491
122 3 3 1968877192 10581191
122 3 4 1971744446 10570721
123 3 1 2017272229 10772814
123 3 2 2021630021 10782594
123 3 3 2015484724 10803414
123 3 4 2018956939 10798484
124 3 1 2071398388 11485916
124 3 2 2073086911 11511097
124 3 3 2069214645 11480546
124 3 4 2065893529 11488156
125 3 1 2118927786 11350714
125 3 2 2119250746 11356145
125 3 3 2116303626 11340034
125 3 4 2119655610 11275723
126 3 1 2165439660 11996195
126 3 2 2167746314 12118569
126 3 3 2172090115 12049737
126 3 4 2167025889 12021046
127 3 1 2221632117 11991116
127 3 2 2220104743 11979887
127 3 3 2218769522 11962156
127 3 4 2219742904 12000217
128 3 1 2276506620 13758748
128 3 2 2275109670 13798818
128 3 3 2276838104 13732638
128 3 4 2274106399 13723227
129 3 1 2322792522 12597707
129 3 2 2322590913 12359703
129 3 3 2322115788 12362303
129 3 4 2327230123 12238680
130 3 1 2381227822 12914303
130 3 2 2376556922 12657829
130 3 3 2372478062 12592047
130 3 4 2374714826 12637758
131 3 1 2431419825 13215378
131 3 2 2431944639 12793371
131 3 3 2429964967 12860293
131 3 4 2436749963 12780471
132 3 1 2487209148 13887531
132 3 2 2487271704 13369661
132 3 3 2484566140 13332001
132 3 4 2486784794 13377092
133 3 1 2546946584 13977702
133 3 2 2544882213 13519544
133 3 3 2542802109 13516745
133 3 4 2538875122 13594216
134 3 1 2599318209 13963422
134 3 2 2596263719 13857681
134 3 3 2595055952 13877090
134 3 4 2597166734 13887122
135 3 1 2684213592 14379549
135 3 2 2686532009 14111226
135 3 3 2684800862 14112895
135 3 4 2687765762 14001244
136 3 1 2756406038 15347817
136 3 2 2750457375 14993652
136 3 3 2747457855 14983770
136 3 4 2750105679 14950940
137 3 1 2806133006 15111334
137 3 2 2809944030 14780717
137 3 3 2805499966 14717476
137 3 4 2808064627 14868009
138 3 1 2869304851 15636674
138 3 2 2867022593 15298017
138 3 3 2862951915 15289367
138 3 4 2868974469 15233595
139 3 1 2941932936 15626673
139 3 2 2943175764 15448149
139 3 3 2936748522 15422460
139 3 4 2939814683 15315737
140 3 1 2986623146 16047261
140 3 2 2987439875 15834157
140 3 3 2988301417 15828417
140 3 4 2991717393 15684534
141 3 1 3052302528 16671902
141 3 2 3053739678 16022701
141 3 3 3052813229 16057491
141 3 4 3052089329 16165243
142 3 1 3121677536 16713963
142 3 2 3115378008 16286605
142 3 3 3116418352 16240506
142 3 4 3116683771 16282625
143 3 1 3186195308 16971617
143 3 2 3178974013 16542871
143 3 3 3183862577 16639162
143 3 4 3179940521 16750094
144 3 1 3261731201 19731298
144 3 2 3261296299 19506733
144 3 3 3264341030 19530034
144 3 4 3268614243 19395132
145 3 1 3315107622 17827534
145 3 2 3311510303 17370405
145 3 3 3311397516 17233763
145 3 4 3310390724 17200182
146 3 1 3384266002 18099209
146 3 2 3379891817 17646380
146 3 3 3379473216 17677681
146 3 4 3385158304 17703521
147 3 1 3445105899 18601958
147 3 2 3457705484 18299283
147 3 3 3446273882 18091528
147 3 4 3447297016 18051418
148 3 1 3526599983 18964314
148 3 2 3522162569 18411275
148 3 3 3513855474 18344993
148 3 4 3518824150 18331753
149 3 1 3591079259 19107027
149 3 2 3584465765 18594408
149 3 3 3586570951 18874363
149 3 4 3588743344 18607159
150 3 1 3659437966 19663688
150 3 2 3663114420 19241300
150 3 3 3659340227 19270131
150 3 4 3661649174 19432274
151 3 1 3739859633 20065586
151 3 2 3732281242 19459904
151 3 3 3731281780 19572446
151 3 4 3733709700 19437914
152 3 1 3813578389 21493301
152 3 2 3816895387 20785338
152 3 3 3811321502 20765928
152 3 4 3813308853 21018033
153 3 1 3880478592 20972692
153 3 2 3879910438 20448682
153 3 3 3884186264 20622716
153 3 4 3884547885 20376592
154 3 1 3956568984 21638024
154 3 2 3961412548 21084914
154 3 3 3955097650 21165806
154 3 4 3959121779 20976622
155 3 1 4032005803 21772486
155 3 2 4030171746 21266927
155 3 3 4031016167 21377350
155 3 4 4035199730 21294649
156 3 1 4112382063 22206165
156 3 2 4109144890 21705756
156 3 3 4113614698 21672905
156 3 4 4108198467 21903889
157 3 1 4192052790 22599163
157 3 2 4186718189 22007531
157 3 3 4184347294 22006121
157 3 4 4191598591 22009961
158 3 1 4275507848 23008389
158 3 2 4277409219 22495850
158 3 3 4280045734 22490051
158 3 4 4277958753 22461069
159 3 1 4346501919 23523719
159 3 2 4346050668 23065791
159 3 3 4348864665 23054080
159 3 4 4349155557 23070561
160 3 1 4440294886 27010783
160 3 2 4434156631 26583105
160 3 3 4434551565 26709967
160 3 4 4428955000 26495853
161 3 1 4511264769 26761668
161 3 2 4505770984 24524058
161 3 3 4511423924 26751489
161 3 4 4515976604 26969232
162 3 1 4594914931 29433767
162 3 2 4600238825 29201993
162 3 3 4591851468 29093591
162 3 4 4593282271 29308425
163 3 1 4679128915 28902707
163 3 2 4680498857 28823227
163 3 3 4679926023 28828766
163 3 4 4686679063 29134742
164 3 1 4761484547 28956019
164 3 2 4760691018 28740965
164 3 3 4761743804 28576283
164 3 4 4770792535 28424159
165 3 1 4849633693 29285495
165 3 2 4849361164 29401627
165 3 3 4850917150 29311465
165 3 4 4848911900 29257575
166 3 1 4947543369 29138523
166 3 2 4939402406 29157963
166 3 3 4936620972 29168283
166 3 4 4934775435 28866308
167 3 1 5021292183 29770105
167 3 2 5030208913 29722813
167 3 3 5022690342 29612362
167 3 4 5023412072 29784845
168 3 1 5130509856 35407559
168 3 2 5129322671 35293556
168 3 3 5144150678 35477359
168 3 4 5129476668 35515640
169 3 1 5264355442 30772713
169 3 2 5268208289 30637161
169 3 3 5259320772 30795093
169 3 4 5276005935 30603270
170 3 1 5362688977 31822692
170 3 2 5357647301 31689320
170 3 3 5356584598 31614959
170 3 4 5358086162 31783891
171 3 1 5463893365 32896502
171 3 2 5448850947 32690979
171 3 3 5450798039 32872152
171 3 4 5447522415 32840911
172 3 1 5547878929 31936975
172 3 2 5555187889 32058897
172 3 3 5541485086 32041747
172 3 4 5541925539 31913195
173 3 1 5639081295 32578667
173 3 2 5638914668 32531285
173 3 3 5649994518 32597648
173 3 4 5641350125 32558506
174 3 1 5710657961 33688207
174 3 2 5735516103 33580125
174 3 3 5734299497 33539205
174 3 4 5745439577 33532404
175 3 1 5841415912 33546544
175 3 2 5837610309 33548585
175 3 3 5837701376 33691578
175 3 4 5838569218 33727428
176 3 1 5957703498 39470633
176 3 2 5948361364 39509045
176 3 3 5948975160 39408042
176 3 4 5942904946 39359082
177 3 1 6029373937 35681404
177 3 2 6038215135 35484000
177 3 3 6030465769 35599983
177 3 4 6025192568 35551212
178 3 1 6129593957 36119763
178 3 2 6131093213 36113373
178 3 3 6144370750 36158344
178 3 4 6128487635 36322536
179 3 1 6228028468 36210424
179 3 2 6229477630 36176603
179 3 3 6234512798 36145203
179 3 4 6241721816 36230345
180 3 1 6337250764 36458399
180 3 2 6333553101 36279316
180 3 3 6334316411 36425279
180 3 4 6331377843 36438098
181 3 1 6450339291 38723191
181 3 2 6434774512 38518347
181 3 3 6435631583 38711250
181 3 4 6442637417 38572018
182 3 1 6543330200 37964807
182 3 2 6553523773 37794774
182 3 3 6543014615 38044488
182 3 4 6538744512 37876505
183 3 1 6651280843 38558418
183 3 2 6655511556 38445736
183 3 3 6662420419 38057448
183 3 4 6651394802 38182401
184 3 1 6792413556 47346809
184 3 2 6794503729 47067274
184 3 3 6790953651 47465862
184 3 4 6804634577 47304769
185 3 1 6869676496 40693677
185 3 2 6867621914 40113636
185 3 3 6870546703 40267220
185 3 4 6871027556 40070776
186 3 1 6993054742 41613515
186 3 2 6974843032 41498012
186 3 3 6974899780 41658805
186 3 4 6978252176 41288429
187 3 1 7088533746 41544483
187 3 2 7100142665 41870658
187 3 3 7090982761 41691857
187 3 4 7088044392 41704386
188 3 1 7201150324 42271967
188 3 2 7200026148 42283147
188 3 3 7209621929 42365438
188 3 4 7194745311 41946921
189 3 1 7312203564 42874777
189 3 2 7319941411 42824336
189 3 3 7314484235 42987190
189 3 4 7324676447 43007000
190 3 1 7429823544 43986668
190 3 2 7434601906 43944087
190 3 3 7430879652 43856226
190 3 4 7427002676 43927966
191 3 1 7567202027 46224540
191 3 2 7554989317 46540326
191 3 3 7552255851 46300321
191 3 4 7556666426 46109257
192 3 1 7679532109 66752827
192 3 2 7691948731 66747936
192 3 3 7685936756 66645875
192 3 4 7679482871 66771187
193 3 1 7778572166 45545777
193 3 2 7774860013 45658249
193 3 3 7788929755 45621498
193 3 4 7776954139 45532568
194 3 1 7896105774 46323731
194 3 2 7898761607 46392652
194 3 3 7899927652 46299111
194 3 4 7911229315 46477424
195 3 1 8018252516 49562221
195 3 2 8011040168 49608512
195 3 3 8015414003 49588252
195 3 4 8019058402 49666553
196 3 1 8147273683 53868260
196 3 2 8138290033 53778339
196 3 3 8135301571 53653096
196 3 4 8141308946 53690267
197 3 1 8262752264 51001049
197 3 2 8276441369 50923046
197 3 3 8262288832 50909096
197 3 4 8264035878 50871436
198 3 1 8390776942 52195820
198 3 2 8388059696 52322482
198 3 3 8399972818 52373443
198 3 4 8386331180 52310082
199 3 1 8507546213 56255025
199 3 2 8515174648 56243044
199 3 3 8512049784 56288606
199 3 4 8527884978 56162523
200 3 1 8676305861 101393795
200 3 2 8670038730 101003908
200 3 3 8672929687 100846225
200 3 4 8673367047 101351804
201 3 1 8780188986 56041031
201 3 2 8769992591 55705664
201 3 3 8770121797 55899309
201 3 4 8767161795 55963730
202 3 1 8904079317 53844610
202 3 2 8915897878 53896202
202 3 3 8904712016 53867491
202 3 4 8902916198 53879101
203 3 1 9022206212 56376568
203 3 2 9033647384 56357577
203 3 3 9040799818 56349437
203 3 4 9026848464 56418618
204 3 1 9156829348 56792604
204 3 2 9158481580 56885887
204 3 3 9160648972 56834576
204 3 4 9173825047 56728914
205 3 1 9298016674 58568458
205 3 2 9294920649 58551107
205 3 3 9296839756 58692631
205 3 4 9296517981 58592208
206 3 1 9453643636 60212318
206 3 2 9429998062 60134156
206 3 3 9425685455 60184418
206 3 4 9440721863 60143217
207 3 1 9568300273 59844831
207 3 2 9583345641 59784411
207 3 3 9571685229 59786920
207 3 4 9568594563 59677338
208 3 1 9734745632 104344911
208 3 2 9733293289 108421086
208 3 3 9751879652 105436901
208 3 4 9732398425 106367128
209 3 1 9836662905 61065134
209 3 2 9842735708 60946061
209 3 3 9837184108 60795979
209 3 4 9858308438 60498653
210 3 1 9979519001 62543402
210 3 2 9986397109 62488140
210 3 3 9983105560 62431209
210 3 4 9985270512 62293798
211 3 1 10140898667 68062823
211 3 2 10124474646 68139834
211 3 3 10127067265 67928591
211 3 4 10123080014 68002422
212 3 1 10269924168 59579096
212 3 2 10282350928 59544146
212 3 3 10261235121 59570276
212 3 4 10258806227 59492905
213 3 1 10529605914 60697447
213 3 2 10526290974 60569725
213 3 3 10544484381 60634697
213 3 4 10532042143 60571596
214 3 1 10665244356 61260478
214 3 2 10682535105 61217546
214 3 3 10677532385 61187406
214 3 4 10696766630 61457201
215 3 1 10825426849 62585002
215 3 2 10822472816 62614443
215 3 3 10822200743 62533962
215 3 4 10817778822 62484510
216 3 1 11016180077 74620614
216 3 2 11006078671 74506841
216 3 3 11002248422 74547173
216 3 4 11004928212 74640574
217 3 1 11120823007 64577969
217 3 2 11137924063 64738112
217 3 3 11115160584 64795243
217 3 4 11115394060 64648910
218 3 1 11273982661 65335203
218 3 2 11269436679 65199480
218 3 3 11281044622 65220511
218 3 4 11267694207 65292502
219 3 1 11417686900 66090646
219 3 2 11424543298 66061787
219 3 3 11429548791 66073937
219 3 4 11438347234 66098516
220 3 1 11578583387 67916650
220 3 2 11571758402 67968591
220 3 3 11576702883 67930711
220 3 4 11577293905 67916801
221 3 1 11769704189 68717476
221 3 2 11754128902 68764177
221 3 3 11740402183 68688084
221 3 4 11746644616 68769916
222 3 1 11886910549 69967678
222 3 2 11905141056 69954628
222 3 3 11881970791 69874807
222 3 4 11884340205 69948888
223 3 1 12051322069 70195553
223 3 2 12043663119 70134492
223 3 3 12062819284 70140591
223 3 4 12051396553 70091931
224 3 1 12231543312 105478472
224 3 2 12240311493 105408351
224 3 3 12231598774 105448462
224 3 4 12252165812 105295539
225 3 1 12366184873 72069037
225 3 2 12364439821 71921444
225 3 3 12363255209 72007556
225 3 4 12363938983 72152029
226 3 1 12548830350 72153009
226 3 2 12524625223 72202489
226 3 3 12529015825 72171309
226 3 4 12526143852 72196139
227 3 1 12694223198 75147485
227 3 2 12712703088 75136584
227 3 3 12691455717 75173215
227 3 4 12692221702 75198865
228 3 1 12850731311 75553851
228 3 2 12857573538 75717555
228 3 3 12877186180 75468949
228 3 4 12853813630 75560961
229 3 1 13025020982 80088115
229 3 2 13028848474 79919602
229 3 3 13019943500 80111705
229 3 4 13048084988 80017563
230 3 1 13191126534 76138582
230 3 2 13188763060 76112762
230 3 3 13189440993 76118882
230 3 4 13190119606 76118413
231 3 1 13387066273 81698224
231 3 2 13367054534 81635283
231 3 3 13356919859 81572062
231 3 4 13367837930 81682654
232 3 1 13566731343 94108774
232 3 2 13589688336 94133574
232 3 3 13567796812 94125334
232 3 4 13570025324 94079293
233 3 1 13708096588 79781609
233 3 2 13705352048 79841091
233 3 3 13731327005 79747199
233 3 4 13707632790 79889631
234 3 1 13874495553 81083833
234 3 2 13878869853 81154965
234 3 3 13877568330 81089703
234 3 4 13866614007 81243235
235 3 1 14057165017 82387057
235 3 2 14080066600 82591750
235 3 3 14067904276 82451028
235 3 4 14058687367 82450599
236 3 1 14261055074 82739044
236 3 2 14224267006 82794134
236 3 3 14234771270 82730943
236 3 4 14235781879 82818596
237 3 1 14407598793 83476737
237 3 2 14434294434 83627210
237 3 3 14412564425 83867404
237 3 4 14405474534 83582589
238 3 1 14598009161 84035028
238 3 2 14596423281 83975027
238 3 3 14619764421 84023237
238 3 4 14595418963 84007027
239 3 1 14736362339 86051565
239 3 2 14773717716 86126386
239 3 3 14779663476 86107106
239 3 4 14793429170 86063485
240 3 1 14994396802 100561132
240 3 2 14995237606 100543622
240 3 3 14993675677 100533342
240 3 4 14997237044 100513851
241 3 1 15166582232 87862817
241 3 2 15136680342 87899279
241 3 3 15127368193 87821887
241 3 4 15135014752 87862229
242 3 1 15286984090 89235423
242 3 2 15344031052 89254044
242 3 3 15322060596 89201502
242 3 4 15324393840 89296145
243 3 1 15558209055 89989287
243 3 2 15553839486 89974567
243 3 3 15581553515 89904135
243 3 4 15557493913 90006128
244 3 1 15699984447 90495327
244 3 2 15732068588 91903582
244 3 3 15712097698 90461936
244 3 4 15734289410 90706459
245 3 1 15888593036 98147659
245 3 2 15891442083 98264060
245 3 3 15901163427 98328179
245 3 4 15892359647 98077303
246 3 1 16111793647 109066010
246 3 2 16085790979 108836364
246 3 3 16082370388 109114558
246 3 4 16103592721 109167188
247 3 1 16280812832 106219940
247 3 2 16303905057 106059776
247 3 3 16274894986 105815179
247 3 4 16277800214 105919781
248 3 1 16610916360 157429181
248 3 2 16601297065 157963130
248 3 3 16626350750 157916717
248 3 4 16596771273 157815793
249 3 1 16676536129 106031436
249 3 2 16675472029 106162858
249 3 3 16668607475 106018085
249 3 4 16686337659 105933332
250 3 1 16860507808 107638813
250 3 2 16869001605 107246554
250 3 3 16872515133 107319814
250 3 4 16865480038 107576669
251 3 1 17107527890 121311556
251 3 2 17069400968 121318224
251 3 3 17076659623 121712802
251 3 4 17093971798 120904555
252 3 1 17275800749 127975466
252 3 2 17299477260 127725711
252 3 3 17269968629 127664179
252 3 4 17222904164 127554226
253 3 1 17482610722 119605327
253 3 2 17477867034 119847070
253 3 3 17505737669 119435512
253 3 4 17466021625 119325219
254 3 1 17688997231 183992047
254 3 2 17698781966 183852433
254 3 3 17687576252 184382172
254 3 4 17722299240 184141207
255 3 1 17907331243 166324283
255 3 2 17910245620 167393063
255 3 3 17924256358 166222950
255 3 4 17903925157 166516655
256 3 1 19059787444 260679189
256 3 2 19036324121 260750078
256 3 3 19038774624 260913640
256 3 4 19053385866 260274038
257 3 1 18304277060 179583254
257 3 2 18340078769 180467620
257 3 3 18311012832 178660556
257 3 4 18304257192 178375480
258 3 1 18512702282 259293345
258 3 2 18514683086 258251304
258 3 3 18547024622 257006791
258 3 4 18516596819 259073639
259 3 1 18724768217 130868794
259 3 2 18753268362 131182419
259 3 3 18727356280 131044837
259 3 4 18770826790 131026396
260 3 1 18946714331 140908818
260 3 2 18943152029 141744484
260 3 3 18956364819 141690742
260 3 4 18942734602 141356186
261 3 1 19202738580 136083548
261 3 2 19165185812 136296412
261 3 3 19176834718 136035257
261 3 4 19180458078 135835363
262 3 1 19379904004 125439979
262 3 2 19402899506 125502221
262 3 3 19373649667 125147344
262 3 4 19372387881 125193045
263 3 1 19614178377 126037920
263 3 2 19596522867 125913488
263 3 3 19629645531 126260653
263 3 4 19592012884 126074960
264 3 1 19973957344 168523607
264 3 2 19981773010 168622049
264 3 3 19971324959 168578678
264 3 4 20010219005 168839713
265 3 1 20042287745 125228383
265 3 2 20038717365 125340855
265 3 3 20051998827 125275394
265 3 4 20045590126 125144111
266 3 1 20299286640 134209500
266 3 2 20272587924 134297131
266 3 3 20263219919 134102717
266 3 4 20275206982 134503174
267 3 1 20494871726 120223229
267 3 2 20524960576 119986585
267 3 3 20493574576 119780622
267 3 4 20490818918 119807141
268 3 1 20957078436 119907013
268 3 2 20962588003 119833511
268 3 3 20989421683 119773760
268 3 4 20957599229 119792561
269 3 1 21183684085 120154888
269 3 2 21195800045 120257949
269 3 3 21190576415 120140657
269 3 4 21221212480 120273589
270 3 1 21421154873 122068202
270 3 2 21415998596 122063952
270 3 3 21423137517 122053782
270 3 4 21414449594 122231775
271 3 1 21692013348 125256531
271 3 2 21656516228 125378804
271 3 3 21653905160 125363813
271 3 4 21662164323 125503820
272 3 1 21954052813 146321030
272 3 2 21993621869 146431620
272 3 3 21957011343 146287827
272 3 4 21956716668 146242754
273 3 1 22125294970 127914898
273 3 2 22127439026 127607642
273 3 3 22156594296 127577191
273 3 4 22123997477 127555819
274 3 1 22376890222 128216371
274 3 2 22375780474 128207978
274 3 3 22364203048 128265100
274 3 4 22412377616 128135386
275 3 1 22608767941 129436700
275 3 2 22608381521 129233306
275 3 3 22614236913 129552109
275 3 4 22612590544 129377596
276 3 1 22886852939 131582587
276 3 2 22851800772 131706678
276 3 3 22841758429 131553495
276 3 4 22845821562 131612995
277 3 1 23093214231 132786257
277 3 2 23122801738 132847568
277 3 3 23088941877 132880877
277 3 4 23091548900 132950128
278 3 1 23342070579 135492394
278 3 2 23344278142 135430714
278 3 3 23378049537 135610606
278 3 4 23338725993 135400491
279 3 1 23581991575 136198586
279 3 2 23591365805 136385479
279 3 3 23587878608 136298646
279 3 4 23619407116 136338787
280 3 1 23890233941 162704578
280 3 2 23891376398 162644047
280 3 3 23894795111 162697787
280 3 4 23887773472 162644615
281 3 1 24139930256 143647073
281 3 2 24105097844 143478759
281 3 3 24093008647 143526919
281 3 4 24103258040 143623991
282 3 1 24347657906 139970023
282 3 2 24361474568 139887191
282 3 3 24329312937 139889680
282 3 4 24334939299 139886300
283 3 1 24606989627 142773683
283 3 2 24599879257 142615431
283 3 3 24635393550 142608330
283 3 4 24608983774 142621980
284 3 1 24849787405 143597748
284 3 2 24864939903 143367654
284 3 3 24857326563 143374873
284 3 4 24901432542 143278541
285 3 1 25118738261 144612236
285 3 2 25041177703 144727177
285 3 3 25113922938 144578885
285 3 4 25108560175 144549385
286 3 1 25410725333 145642725
286 3 2 25371191635 145692555
286 3 3 25364981009 145800447
286 3 4 25373046279 145546003
287 3 1 25629934339 149671159
287 3 2 25672364227 150210380
287 3 3 25630469162 149817641
287 3 4 25618188616 150002375
288 3 1 25969038063 223470238
288 3 2 25958791338 223739053
288 3 3 26007917084 223505758
288 3 4 25917905779 223850446
289 3 1 26166302037 164454333
289 3 2 26161448464 164669557
289 3 3 26154924089 164528234
289 3 4 26198014898 164576185
290 3 1 26449110088 160339046
290 3 2 26443928750 160510129
290 3 3 26403588481 160579950
290 3 4 26436592002 160421217
291 3 1 26755263448 166918177
291 3 2 26690028839 166599363
291 3 3 26701185147 166246806
291 3 4 26701504874 166350637
292 3 1 26968332809 169978345
292 3 2 27008067790 170023536
292 3 3 26964565265 170033755
292 3 4 26964663731 169738005
293 3 1 27239314211 164870865
293 3 2 27246775177 165123953
293 3 3 27290332011 164999976
293 3 4 27160503246 164436139
294 3 1 27516803683 169000662
294 3 2 27520390338 168757953
294 3 3 27464001188 168257148
294 3 4 27559686538 168459938
295 3 1 27801006095 181442401
295 3 2 27790985924 181450938
295 3 3 27787502732 181297220
295 3 4 27795683968 181329518
296 3 1 28194594503 298822836
296 3 2 28151180852 298695048
296 3 3 28163852346 297915737
296 3 4 28163563461 299804008
297 3 1 28348722474 179266142
297 3 2 28401756825 179319101
297 3 3 28355172477 179038992
297 3 4 28352778036 179022359
298 3 1 28635874915 165034754
298 3 2 28623042824 164978750
298 3 3 28678805577 164979539
298 3 4 28637693978 165100589
299 3 1 29010223137 165187099
299 3 2 29016240807 165390641
299 3 3 29019312797 165211516
299 3 4 29058619153 165172924
300 3 1 29163790800 168517365
300 3 2 29202972318 168322491
300 3 3 29206102964 168360271
300 3 4 29203680237 168311769
301 3 1 29546805894 182077525
301 3 2 29494329408 182215367
301 3 3 29492412360 181964761
301 3 4 29498743207 182124343
302 3 1 29756338392 172964130
302 3 2 29824937483 173180884
302 3 3 29776761844 172781475
302 3 4 29755204382 172957188
303 3 1 30079756966 172626520
303 3 2 30042423413 172606110
303 3 3 30119149451 172573368
303 3 4 30069592343 172549137
304 3 1 30467081131 200925958
304 3 2 30469151609 201024469
304 3 3 30455655651 200983508
304 3 4 30424675092 200804734
305 3 1 30653703929 175894137
305 3 2 30669137816 175915927
305 3 3 30666485771 175998218
305 3 4 30732951941 175859785
306 3 1 31005570435 178702398
306 3 2 30953732354 178747188
306 3 3 30957422661 178716078
306 3 4 30966053235 178716918
307 3 1 31254748622 181145583
307 3 2 31290134292 181130112
307 3 3 31261180972 181174772
307 3 4 31258284682 181206663
308 3 1 31560084853 181984477
308 3 2 31548176150 181923896
308 3 3 31624190771 182122910
308 3 4 31564965139 182006367
309 3 1 31764513169 185723145
309 3 2 31823788194 185885890
309 3 3 31870737008 185512062
309 3 4 31910171325 185785037
310 3 1 32185252070 185275337
310 3 2 32180497016 185308188
310 3 3 32186104988 185213815
310 3 4 32174695571 185182075
311 3 1 32646085254 187180692
311 3 2 32682585754 187136022
311 3 3 32685422267 187216632
311 3 4 32686510690 187260163
312 3 1 32892615267 226023067
312 3 2 32941150114 226018386
312 3 3 32898244041 226192309
312 3 4 32885140941 226083647
313 3 1 33116956182 189227719
313 3 2 33115910109 189339202
313 3 3 33087239273 189289670
313 3 4 33126274041 189397183
314 3 1 33397360506 192729545
314 3 2 33425829196 192901637
314 3 3 33359351487 192878426
314 3 4 33466256583 193044881
315 3 1 33692066976 194856044
315 3 2 33710432981 194531148
315 3 3 33726820539 194728952
315 3 4 33711443246 194565289
316 3 1 34105489217 220978451
316 3 2 34042077178 220955001
316 3 3 34037881955 220993681
316 3 4 34087134748 221126254
317 3 1 34308446081 212102486
317 3 2 34405166199 212605805
317 3 3 34364382773 212292619
317 3 4 34367778683 212395240
318 3 1 34704756632 223267453
318 3 2 34642335915 222968418
318 3 3 34727944348 223351605
318 3 4 34687564301 223422966
319 3 1 35020019467 226269439
319 3 2 35013146137 226470963
319 3 3 35011609156 226166367
319 3 4 35055106374 226161378
320 3 1 35627628816 747428196
320 3 2 35518634113 745862287
320 3 3 35547362737 747493657
320 3 4 35530338347 746865096
321 3 1 35719306139 257737736
321 3 2 35669896496 257221947
321 3 3 35669243632 257498492
321 3 4 35672477951 257573683
322 3 1 35989013811 259432368
322 3 2 36062465300 259385306
322 3 3 35990088749 259713803
322 3 4 35995037561 259161762
323 3 1 36339115754 243565382
323 3 2 36336635477 243375827
323 3 3 36392113781 243594413
323 3 4 36325732342 243677334
324 3 1 36677177095 273609422
324 3 2 36670236215 273123392
324 3 3 36659168614 272956346
324 3 4 36726828835 273120537
325 3 1 36980173072 251042168
325 3 2 37000130914 251211068
325 3 3 37013687463 251594722
325 3 4 36992495646 251330825
326 3 1 37390152805 241328095
326 3 2 37329783167 241085388
326 3 3 37332814633 241179978
326 3 4 37339381307 241578404
327 3 1 37660114405 230205029
327 3 2 37744115033 229587296
327 3 3 37679200359 229753857
327 3 4 37671949212 229094864
328 3 1 38111633945 331252687
328 3 2 38111621447 331541161
328 3 3 38168377828 332089640
328 3 4 38094939870 332231301
329 3 1 38357739123 233792157
329 3 2 38344389143 234129363
329 3 3 38348606212 233807996
329 3 4 38423675207 233805756
330 3 1 38720318796 222882531
330 3 2 38758591356 222372599
330 3 3 38722947151 222330098
330 3 4 38705039036 222375709
331 3 1 39137125024 228101546
331 3 2 39062010889 228227837
331 3 3 39025146666 228026563
331 3 4 39052939429 228139115
332 3 1 39349741664 229042652
332 3 2 39472172485 229354808
332 3 3 39423331678 229188253
332 3 4 39412603257 228959069
333 3 1 39742664148 227958389
333 3 2 39719390809 228228195
333 3 3 39824022164 228209204
333 3 4 39622649864 228186884
334 3 1 40110683897 233677866
334 3 2 40120986456 233622486
334 3 3 40108595826 233561444
334 3 4 40175206762 233569104
335 3 1 40473422957 234584702
335 3 2 40470627791 234560022
335 3 3 40485061129 234406159
335 3 4 40481359859 234501131
336 3 1 41006835115 273288925
336 3 2 40906354859 273311766
336 3 3 40944155749 273380376
336 3 4 40955630780 273090652
337 3 1 41190063823 253085926
337 3 2 41248284808 252896093
337 3 3 41175768331 252840413
337 3 4 41176713456 253061084
338 3 1 42022853585 240165069
338 3 2 41859201509 240102571
338 3 3 42073343877 239937012
338 3 4 42034248728 239968816
339 3 1 42313507880 244501046
339 3 2 42397517501 244912829
339 3 3 42399666031 244658879
339 3 4 42287665200 244868079
340 3 1 42733896174 246191510
340 3 2 42651537384 246775546
340 3 3 42867682724 246297534
340 3 4 42713626006 246202559
341 3 1 43191721910 253830579
341 3 2 43128431754 253887308
341 3 3 43108242773 253597579
341 3 4 43026036153 253667219
342 3 1 43500490320 248102292
342 3 2 43571466857 247809474
342 3 3 43505792491 248033766
342 3 4 43434604970 247980624
343 3 1 43892705636 265058163
343 3 2 43842192400 265108333
343 3 3 43942264884 266337145
343 3 4 43877810519 266187350
344 3 1 44382735215 300107985
344 3 2 44390656988 300123965
344 3 3 44396852488 299679445
344 3 4 44471163461 299862948
345 3 1 44666706260 268929816
345 3 2 44631246207 268643409
345 3 3 44641783499 268608809
345 3 4 44657488127 268533167
346 3 1 45035127354 273381687
346 3 2 44994110876 273426238
346 3 3 44997243224 273870426
346 3 4 45022840122 273731171
347 3 1 45409781011 276467833
347 3 2 45470032920 276823540
347 3 3 45410904187 277663935
347 3 4 45395205822 276452062
348 3 1 45771924801 279879896
348 3 2 45778205989 279815274
348 3 3 45868753200 279936826
348 3 4 45777132829 279879924
349 3 1 46144571657 302620210
349 3 2 46182169092 302308074
349 3 3 46173790489 302563032
349 3 4 46245840783 302666788
350 3 1 46560964874 279841008
350 3 2 46570574990 279853744
350 3 3 46559926619 279599664
350 3 4 46563942676 279156762
351 3 1 47032488060 280250458
351 3 2 46949699297 280192494
351 3 3 46931057432 280351005
351 3 4 46944532495 280548615
352 3 1 47494697236 409068656
352 3 2 47579643591 410056151
352 3 3 47507145026 410362404
352 3 4 47483630432 410506503
353 3 1 47741614310 278216779
353 3 2 47683317911 278205538
353 3 3 47822066477 277832359
353 3 4 47762565128 278115623
354 3 1 48132064530 278976677
354 3 2 48143764409 279031668
354 3 3 48146425327 279244061
354 3 4 48222528764 279097287
355 3 1 48639235569 279317600
355 3 2 48624931522 279424782
355 3 3 48641428528 279001273
355 3 4 48642887895 279449641
356 3 1 49024681207 284463114
356 3 2 48926511411 284422723
356 3 3 48937888843 284419062
356 3 4 48951992534 284397982
357 3 1 49346590579 287908847
357 3 2 49553691088 287870945
357 3 3 49348160054 287490918
357 3 4 49270796425 287145132
358 3 1 49792316503 288694710
358 3 2 49718183884 289173178
358 3 3 49796304866 289115377
358 3 4 49727399702 289214659
359 3 1 50221650916 306515354
359 3 2 50248832553 306226288
359 3 3 50244325377 306612495
359 3 4 50330407480 306400369
360 3 1 50743113849 350973062
360 3 2 50714684023 350905189
360 3 3 50728509623 351071870
360 3 4 50732086854 350712704
361 3 1 51098145357 292483745
361 3 2 51017820219 292249273
361 3 3 51024938328 292242108
361 3 4 50995680633 292565278
362 3 1 51414992211 298237211
362 3 2 51517365777 298178024
362 3 3 51433968359 298225972
362 3 4 51416777533 297960152
363 3 1 51846292386 297411990
363 3 2 51847838463 297415386
363 3 3 51930411267 297423343
363 3 4 51829405580 297472671
364 3 1 52260513421 301835851
364 3 2 52261327230 302069943
364 3 3 52257694192 301635523
364 3 4 52339299537 302550660
365 3 1 52698987498 323026104
365 3 2 52651802797 322874380
365 3 3 52634317354 323209315
365 3 4 52684345345 323281335
366 3 1 53227897191 321091583
366 3 2 53101965372 321026889
366 3 3 53088516762 321253882
366 3 4 53061916848 321137271
367 3 1 53550783551 383346762
367 3 2 53655174471 383615255
367 3 3 53516479883 383732777
367 3 4 53558119862 383541392
368 3 1 54296358231 987282461
368 3 2 54320193370 988116736
368 3 3 54389806890 986063367
368 3 4 54303447020 989320107
369 3 1 54394575467 377226261
369 3 2 54388937691 377143480
369 3 3 54372627287 376743924
369 3 4 54504031541 376638267
370 3 1 54846024113 350222292
370 3 2 54807012798 350222113
370 3 3 54793795224 350236148
370 3 4 54850356364 350237272
371 3 1 55384745646 437310769
371 3 2 55295115736 438618048
371 3 3 55267324605 438120706
371 3 4 55288842761 437179375
372 3 1 55720267949 343808816
372 3 2 55798188474 343350470
372 3 3 55725095514 343849963
372 3 4 55686781900 343697624
373 3 1 56154826290 344161687
373 3 2 56187991074 344145962
373 3 3 56261890383 344438244
373 3 4 56186972654 344225455
374 3 1 56595700846 396745041
374 3 2 56613999400 396770428
374 3 3 56604697637 396905727
374 3 4 56693465134 396538087
375 3 1 57052177543 328868418
375 3 2 57019027614 329319205
375 3 3 57046794901 329322194
375 3 4 57038547318 329333472
376 3 1 57844460769 448486292
376 3 2 57749446431 448393609
376 3 3 57735397935 447950439
376 3 4 57723970771 448412807
377 3 1 57921521882 332033157
377 3 2 58044444542 332115838
377 3 3 57950070250 331982855
377 3 4 57939818887 332249190
378 3 1 58649065499 340190420
378 3 2 58642441345 340278521
378 3 3 58729802175 340297641
378 3 4 58636716513 340248680
379 3 1 58965284892 361106155
379 3 2 58971351816 361046692
379 3 3 58981918101 361139494
379 3 4 59074242331 361207676
380 3 1 59338714520 346027157
380 3 2 59295551654 346875094
380 3 3 59312052961 346502556
380 3 4 59307666669 345825893
381 3 1 59883024061 343292695
381 3 2 59819522704 343214943
381 3 3 59769470884 343539579
381 3 4 59765143811 343295834
382 3 1 60271691722 373117610
382 3 2 60369315856 373084118
382 3 3 60269240614 372984767
382 3 4 60244193788 372654420
383 3 1 60711689814 355671279
383 3 2 60736393472 355368154
383 3 3 60847694802 355800191
383 3 4 60742692645 355767121
384 3 1 61308308274 530056342
384 3 2 61356831969 531886577
384 3 3 61355571478 532104011
384 3 4 61449225567 530634523
385 3 1 61773462307 367514393
385 3 2 61733649836 367180797
385 3 3 61744281325 367555534
385 3 4 61772399515 367439132
386 3 1 62261084621 384136528
386 3 2 62163867986 384646738
386 3 3 62155660259 384210649
386 3 4 62149753306 384402788
387 3 1 62640107208 377322797
387 3 2 62695230367 376843970
387 3 3 62578271343 377521919
387 3 4 62578393642 377379955
388 3 1 63074514198 412834685
388 3 2 63026234334 412838817
388 3 3 63177163275 412836881
388 3 4 62993837809 412888298
389 3 1 63584839210 392883189
389 3 2 63623905303 392345667
389 3 3 63618609077 393233846
389 3 4 63711820048 392938831
390 3 1 64079561053 398459019
390 3 2 64043413383 398598316
390 3 3 64046526591 398498548
390 3 4 63988146782 398412821
391 3 1 64711914649 370408550
391 3 2 64628787960 370440957
391 3 3 64578183510 370409884
391 3 4 64597829605 370560384
392 3 1 65201745829 442421503
392 3 2 65280721991 442245279
392 3 3 65213523692 442266876
392 3 4 65161192333 442429737
393 3 1 65525589850 377251071
393 3 2 65559263866 377624527
393 3 3 65622692719 377371121
393 3 4 65565311665 377058153
394 3 1 66011512562 383328933
394 3 2 66031336315 383185469
394 3 3 65965003082 383083546
394 3 4 66088009939 383015826
395 3 1 66456704164 384999365
395 3 2 66475808328 385054484
395 3 3 66467231334 384632180
395 3 4 66477467549 384659292
396 3 1 67129225356 388485062
396 3 2 67022157338 388610232
396 3 3 67006977959 388804770
396 3 4 67019103717 388842573
397 3 1 67585658143 390154310
397 3 2 67673836196 390444195
397 3 3 67569475295 390579646
397 3 4 67541793397 390469172
398 3 1 67990058560 392738832
398 3 2 68019091369 392645475
398 3 3 68122423076 392746993
398 3 4 67957560091 392309609
399 3 1 68510909314 398071772
399 3 2 68502571281 397990284
399 3 3 68514203432 398132340
399 3 4 68633267166 398048171
400 3 1 69410577945 468447356
400 3 2 69380083568 468115601
400 3 3 69412596896 468221566
400 3 4 69230357651 468169027
