1 2 1 166603 35040
1 2 2 6000 3460
1 2 3 4180 2780
1 2 4 3961 2530
2 2 1 9830 3490
2 2 2 7240 2590
2 2 3 6730 2420
2 2 4 7150 2470
3 2 1 12870 2661
3 2 2 11720 2570
3 2 3 11320 2440
3 2 4 11491 2400
4 2 1 21260 2900
4 2 2 16950 2490
4 2 3 16620 2440
4 2 4 16890 2440
5 2 1 25311 2730
5 2 2 27790 2710
5 2 3 24651 2500
5 2 4 24500 2490
6 2 1 36900 3151
6 2 2 33690 2610
6 2 3 33291 2590
6 2 4 33461 2550
7 2 1 46761 3050
7 2 2 46071 2730
7 2 3 43961 2640
7 2 4 44351 2630
8 2 1 61681 3190
8 2 2 56881 2670
8 2 3 57431 2690
8 2 4 56911 2630
9 2 1 71491 2960
9 2 2 70871 2790
9 2 3 70801 2770
9 2 4 70191 2770
10 2 1 90061 3360
10 2 2 85922 2850
10 2 3 86501 2840
10 2 4 85791 2760
11 2 1 110242 3310
11 2 2 110602 3150
11 2 3 104532 2910
11 2 4 103932 2920
12 2 1 123143 3220
12 2 2 123432 3000
12 2 3 122272 2920
12 2 4 122312 2980
13 2 1 144952 3740
13 2 2 142663 3410
13 2 3 142472 3170
13 2 4 151493 3330
14 2 1 166393 3680
14 2 2 168333 3250
14 2 3 164653 3160
14 2 4 167493 3160
15 2 1 211163 3790
15 2 2 194634 3370
15 2 3 193743 3290
15 2 4 196194 3270
16 2 1 223604 3960
16 2 2 221604 3430
16 2 3 217803 3400
16 2 4 217813 3410
17 2 1 247084 3870
17 2 2 247284 3590
17 2 3 245224 3530
17 2 4 246214 3530
18 2 1 280715 4180
18 2 2 280355 3980
18 2 3 273625 3710
18 2 4 272174 3720
19 2 1 306155 4430
19 2 2 303045 3860
19 2 3 307425 3720
19 2 4 301655 3870
20 2 1 343186 4460
20 2 2 335946 4040
20 2 3 336986 3980
20 2 4 334295 3970
21 2 1 402326 5450
21 2 2 382346 4660
21 2 3 376707 4140
21 2 4 376816 4180
22 2 1 419107 5070
22 2 2 412567 4450
22 2 3 413387 4480
22 2 4 411247 4460
23 2 1 445807 5100
23 2 2 449718 4690
23 2 3 454557 4950
23 2 4 450507 4670
24 2 1 485648 5440
24 2 2 482318 4890
24 2 3 485758 4780
24 2 4 482318 4720
25 2 1 525518 5450
25 2 2 526038 5060
25 2 3 527619 5190
25 2 4 520649 5000
26 2 1 568599 5730
26 2 2 560720 5180
26 2 3 565099 5190
26 2 4 558349 5220
27 2 1 606391 5890
27 2 2 620760 5850
27 2 3 607760 5510
27 2 4 604840 5470
28 2 1 654140 6290
28 2 2 648741 5690
28 2 3 650061 5690
28 2 4 650981 5830
29 2 1 724112 6880
29 2 2 708842 6630
29 2 3 710272 6750
29 2 4 710702 6901
30 2 1 799013 7571
30 2 2 799713 7040
30 2 3 777483 6830
30 2 4 777163 6850
31 2 1 831163 7711
31 2 2 829503 7471
31 2 3 823163 7150
31 2 4 827144 7110
32 2 1 882835 7600
32 2 2 878715 7250
32 2 3 904075 7620
32 2 4 875994 7200
33 2 1 937086 7930
33 2 2 932406 7540
33 2 3 943156 7760
33 2 4 935066 7530
34 2 1 989207 8130
34 2 2 985626 7720
34 2 3 987636 7951
34 2 4 985826 7770
35 2 1 1054807 8520
35 2 2 1037167 8050
35 2 3 1045868 8260
35 2 4 1043117 8110
36 2 1 1096028 8790
36 2 2 1101808 8640
36 2 3 1091438 8250
36 2 4 1089839 8320
37 2 1 1152049 9070
37 2 2 1155339 8820
37 2 3 1149270 8660
37 2 4 1154079 8621
38 2 1 1227420 9460
38 2 2 1210510 8950
38 2 3 1203351 9010
38 2 4 1233970 9100
39 2 1 1285482 10070
39 2 2 1284891 9240
39 2 3 1288301 9431
39 2 4 1268271 9230
40 2 1 1368633 9970
40 2 2 1361213 9810
40 2 3 1349993 9540
40 2 4 1350673 9550
41 2 1 1518935 10570
41 2 2 1535136 10120
41 2 3 1498765 10120
41 2 4 1510616 10260
42 2 1 1571717 10920
42 2 2 1571786 10681
42 2 3 1564176 10260
42 2 4 1561356 10460
43 2 1 1642977 11311
43 2 2 1621946 10751
43 2 3 1635927 10960
43 2 4 1629777 10800
44 2 1 1684918 11061
44 2 2 1727729 11250
44 2 3 1722179 11030
44 2 4 1732568 11160
45 2 1 1801500 11750
45 2 2 1809330 11590
45 2 3 1799099 11340
45 2 4 1811180 11550
46 2 1 1876521 11970
46 2 2 1872402 11870
46 2 3 1870501 11630
46 2 4 1877101 11890
47 2 1 1948723 12320
47 2 2 1953912 12301
47 2 3 1953973 12030
47 2 4 1965552 12350
48 2 1 2032034 12740
48 2 2 2034443 12660
48 2 3 2032674 12460
48 2 4 2041344 12690
49 2 1 2103236 13150
49 2 2 2117565 13120
49 2 3 2099275 12860
49 2 4 2111315 13091
50 2 1 2187087 13540
50 2 2 2198086 13450
50 2 3 2193476 13461
50 2 4 2185507 13240
51 2 1 2276208 14010
51 2 2 2275598 13560
51 2 3 2274638 13790
51 2 4 2261327 13610
52 2 1 2372949 14400
52 2 2 2359929 14270
52 2 3 2354119 14020
52 2 4 2364369 14320
53 2 1 2446540 14980
53 2 2 2447660 14560
53 2 3 2444191 14661
53 2 4 2445791 14411
54 2 1 2544832 15350
54 2 2 2534432 15201
54 2 3 2537903 14750
54 2 4 2541172 15101
55 2 1 2643494 15810
55 2 2 2614473 15280
55 2 3 2636034 15610
55 2 4 2628124 15601
56 2 1 2752276 16150
56 2 2 2741276 16060
56 2 3 2728045 15991
56 2 4 2735826 15950
57 2 1 2834938 16580
57 2 2 2823617 16420
57 2 3 2839707 16411
57 2 4 2817477 16170
58 2 1 3128712 17461
58 2 2 3011840 16591
58 2 3 3070462 16930
58 2 4 3066771 16941
59 2 1 3167492 17590
59 2 2 3162213 17401
59 2 3 3165843 17511
59 2 4 3172643 17390
60 2 1 3290705 18201
60 2 2 3258844 17720
60 2 3 3260354 17861
60 2 4 3276885 17811
61 2 1 3383676 18691
61 2 2 3368356 18400
61 2 3 3375457 18590
61 2 4 3359066 18420
62 2 1 3468907 19160
62 2 2 3472668 18771
62 2 3 3466527 18910
62 2 4 3464328 18810
63 2 1 3575380 19721
63 2 2 3574990 19310
63 2 3 3571649 19360
63 2 4 3575839 19240
64 2 1 3697192 20191
64 2 2 3679091 19900
64 2 3 3670931 19780
64 2 4 3671612 19780
65 2 1 3824904 20581
65 2 2 3783573 20321
65 2 3 3787193 20280
65 2 4 3777203 20350
66 2 1 3902715 21120
66 2 2 3883125 20901
66 2 3 3897475 20810
66 2 4 3895775 20911
67 2 1 3992716 21780
67 2 2 3989507 21470
67 2 3 3989397 21311
67 2 4 3999226 21330
68 2 1 4119278 22271
68 2 2 4123518 22050
68 2 3 4107229 21910
68 2 4 4119189 21920
69 2 1 4225070 22900
69 2 2 4249461 22640
69 2 3 4242761 22491
69 2 4 4243581 22550
70 2 1 4350372 23271
70 2 2 4357022 22960
70 2 3 4367143 22941
70 2 4 4329052 23091
71 2 1 4436424 23921
71 2 2 4451743 23610
71 2 3 4449244 23560
71 2 4 4470165 23591
72 2 1 4577516 24340
72 2 2 4584386 24120
72 2 3 4568506 24120
72 2 4 4563516 24110
73 2 1 4703489 24950
73 2 2 4701838 24861
73 2 3 4668527 24680
73 2 4 4715379 24821
74 2 1 4822930 25581
74 2 2 4838200 25451
74 2 3 4842350 25250
74 2 4 4827231 25350
75 2 1 4943572 26190
75 2 2 4921292 25871
75 2 3 4930402 25961
75 2 4 4925102 25941
76 2 1 5045064 26550
76 2 2 5054163 26470
76 2 3 5069825 26481
76 2 4 5066024 26321
77 2 1 5172956 27321
77 2 2 5187956 27081
77 2 3 5173976 26911
77 2 4 5183316 26950
78 2 1 5300728 27991
78 2 2 5329269 27640
78 2 3 5310849 27651
78 2 4 5328258 27581
79 2 1 5446691 28571
79 2 2 5470001 28421
79 2 3 5461891 28270
79 2 4 5479800 28270
80 2 1 5647285 29160
80 2 2 5631064 29010
80 2 3 5606222 28970
80 2 4 5616624 28981
81 2 1 5745826 29861
81 2 2 5790436 29620
81 2 3 5751946 29511
81 2 4 5746676 29570
82 2 1 6288634 30851
82 2 2 5889678 29841
82 2 3 6019110 30241
82 2 4 6029820 30241
83 2 1 6193752 36780
83 2 2 6181213 31000
83 2 3 6170173 31041
83 2 4 6176053 31360
84 2 1 6314426 31791
84 2 2 6297135 31500
84 2 3 6291345 31491
84 2 4 6313545 31511
85 2 1 6416436 32400
85 2 2 6432107 32251
85 2 3 6444507 32151
85 2 4 6457627 32191
86 2 1 6581059 33061
86 2 2 6575020 32860
86 2 3 6568439 32741
86 2 4 6591029 32820
87 2 1 6714142 33821
87 2 2 6738832 39151
87 2 3 6691392 33571
87 2 4 6741352 33561
88 2 1 6867865 34470
88 2 2 6857935 34301
88 2 3 6856464 34261
88 2 4 6873264 34340
89 2 1 6999357 35241
89 2 2 7038766 35080
89 2 3 7012937 34981
89 2 4 7026216 35000
90 2 1 7177570 35971
90 2 2 7148209 35611
90 2 3 7145388 35531
90 2 4 7165229 35461
91 2 1 7291322 36571
91 2 2 7294341 36350
91 2 3 7277162 36311
91 2 4 7339841 36471
92 2 1 7469585 37281
92 2 2 7457934 37051
92 2 3 7446873 36991
92 2 4 7464055 37050
93 2 1 7641346 37971
93 2 2 7598237 37691
93 2 3 7625437 37731
93 2 4 7597036 37850
94 2 1 7772359 38700
94 2 2 7742058 38590
94 2 3 7755510 38401
94 2 4 7745169 38421
95 2 1 7960243 39381
95 2 2 7943633 39351
95 2 3 7929231 39170
95 2 4 7929972 39280
96 2 1 8082723 40400
96 2 2 8097186 40141
96 2 3 8069273 40100
96 2 4 8072895 40101
97 2 1 8239997 41010
97 2 2 8246717 40751
97 2 3 8213487 40831
97 2 4 8244097 40761
98 2 1 8386280 41711
98 2 2 8364048 41520
98 2 3 8416541 41631
98 2 4 8373248 41420
99 2 1 8558443 42451
99 2 2 8556552 42351
99 2 3 8597353 42181
99 2 4 8560513 42131
100 2 1 8745915 43240
100 2 2 8740426 42791
100 2 3 8711295 43031
100 2 4 8760606 43141
101 2 1 8901698 43951
101 2 2 8895108 43791
101 2 3 8899828 43781
101 2 4 8911218 43661
102 2 1 9105121 44881
102 2 2 9052551 44601
102 2 3 9046810 44411
102 2 4 9060221 44540
103 2 1 9207532 45691
103 2 2 9243064 45381
103 2 3 9253274 45491
103 2 4 9224364 45481
104 2 1 9414236 46441
104 2 2 9411157 46230
104 2 3 9359926 46131
104 2 4 9389517 46201
105 2 1 9554778 47291
105 2 2 9568869 47070
105 2 3 9571068 46881
105 2 4 9581570 46861
106 2 1 9734791 47951
106 2 2 9744442 47880
106 2 3 9780232 47691
106 2 4 9744463 47761
107 2 1 9925205 48951
107 2 2 9941975 48891
107 2 3 9908006 48631
107 2 4 9937025 48641
108 2 1 10089189 49591
108 2 2 10103298 49461
108 2 3 10102039 49401
108 2 4 10080627 49420
109 2 1 10284761 50561
109 2 2 10266430 50241
109 2 3 10268852 50281
109 2 4 10301461 50251
110 2 1 10478634 51360
110 2 2 10464965 51111
110 2 3 10469884 51081
110 2 4 10445514 51181
111 2 1 10633487 52261
111 2 2 10634157 52121
111 2 3 10632506 51881
111 2 4 10671888 51981
112 2 1 10932232 53221
112 2 2 10938902 52961
112 2 3 10912112 52891
112 2 4 10905771 52931
113 2 1 11108415 54011
113 2 2 11096165 53891
113 2 3 11107054 53791
113 2 4 11122476 53781
114 2 1 11285367 54781
114 2 2 11301778 55381
114 2 3 11296328 54591
114 2 4 11275367 54540
115 2 1 12004010 56421
115 2 2 11447730 55211
115 2 3 11758956 55501
115 2 4 11742106 55501
116 2 1 11922208 57021
116 2 2 11892398 56530
116 2 3 11915088 56450
116 2 4 11914228 56641
117 2 1 12122701 57471
117 2 2 12127052 57501
117 2 3 12123821 57511
117 2 4 12085182 57251
118 2 1 12573848 58441
118 2 2 12326085 58471
118 2 3 12329785 58611
118 2 4 12309695 58121
119 2 1 12512418 59641
119 2 2 12495378 59271
119 2 3 12484258 59311
119 2 4 12523998 59291
120 2 1 12700512 60351
120 2 2 12668752 60051
120 2 3 12691711 60321
120 2 4 12721921 60121
121 2 1 12837245 61191
121 2 2 12933365 61221
121 2 3 12865783 61081
121 2 4 12919996 61611
122 2 1 13088507 62231
122 2 2 13123048 62041
122 2 3 13088267 62031
122 2 4 13088458 62151
123 2 1 13301461 63391
123 2 2 13316241 63351
123 2 3 13299072 63131
123 2 4 13340401 63011
124 2 1 13560495 66042
124 2 2 13533346 64151
124 2 3 13503605 63901
124 2 4 13482274 64071
125 2 1 13761248 65051
125 2 2 13742109 64861
125 2 3 13741349 64711
125 2 4 13706168 64821
126 2 1 13907691 66051
126 2 2 13938432 65792
126 2 3 13940382 65731
126 2 4 13945872 65681
127 2 1 14159396 67261
127 2 2 14129915 66991
127 2 3 14137286 66931
127 2 4 14183836 67071
128 2 1 14332218 68431
128 2 2 14316208 68041
128 2 3 14337169 67931
128 2 4 14316638 68001
129 2 1 14576803 69231
129 2 2 14570912 68931
129 2 3 14548962 68981
129 2 4 14573963 68901
130 2 1 14746465 70321
130 2 2 14787456 70711
130 2 3 14762926 69961
130 2 4 14776906 69961
131 2 1 14998421 71191
131 2 2 14985749 70932
131 2 3 15033150 70861
131 2 4 14978549 70971
132 2 1 15192713 72091
132 2 2 15215894 72072
132 2 3 15256184 72182
132 2 4 15248564 71951
133 2 1 15451457 73171
133 2 2 15435966 72991
133 2 3 15394776 72971
133 2 4 15390676 72851
134 2 1 15694011 74171
134 2 2 15623960 74061
134 2 3 15651450 73781
134 2 4 15657531 73932
135 2 1 15877854 75141
135 2 2 15861114 75371
135 2 3 15833273 74991
135 2 4 16105438 75132
136 2 1 16036727 76401
136 2 2 16080257 76251
136 2 3 16067337 76102
136 2 4 16198540 76332
137 2 1 16308531 77501
137 2 2 16312892 77072
137 2 3 16329302 77111
137 2 4 16294491 77352
138 2 1 16593716 78261
138 2 2 16523535 78231
138 2 3 16584685 78091
138 2 4 16528035 78022
139 2 1 16802619 79621
139 2 2 16769349 79382
139 2 3 16782680 79431
139 2 4 16806740 79191
140 2 1 16979983 80731
140 2 2 16981953 80322
140 2 3 17024744 80541
140 2 4 17085504 80861
141 2 1 17274578 81752
141 2 2 17265098 81632
141 2 3 17223507 81372
141 2 4 17243746 81501
142 2 1 17458771 82802
142 2 2 17442971 83382
142 2 3 17434630 82671
142 2 4 17535462 82541
143 2 1 17661854 89242
143 2 2 17703255 86641
143 2 3 17725016 87542
143 2 4 17721975 86712
144 2 1 17937669 85002
144 2 2 17973920 84912
144 2 3 17968729 87561
144 2 4 17888218 84712
145 2 1 18209603 88842
145 2 2 18197393 85711
145 2 3 18216053 88861
145 2 4 18165763 85881
146 2 1 18402746 87302
146 2 2 18431026 90371
146 2 3 18425987 87062
146 2 4 18384576 90462
147 2 1 18640890 91751
147 2 2 18673951 91452
147 2 3 18656300 88091
147 2 4 18667961 90652
148 2 1 18935055 89551
148 2 2 18945496 92632
148 2 3 18949286 92122
148 2 4 18910444 91891
149 2 1 19094408 93312
149 2 2 19175299 94722
149 2 3 19214930 90562
149 2 4 19344932 93482
150 2 1 19371232 102282
150 2 2 19458433 94712
150 2 3 19378372 91781
150 2 4 19467034 95011
151 2 1 19639646 96011
151 2 2 19653167 95342
151 2 3 19691167 95421
151 2 4 19651397 95592
152 2 1 19942672 96862
152 2 2 19915411 97411
152 2 3 19897891 96672
152 2 4 19900641 97012
153 2 1 20158446 98532
153 2 2 20155236 97892
153 2 3 20214966 98111
153 2 4 20188846 97992
154 2 1 20439340 105782
154 2 2 20390980 98752
154 2 3 20391410 98822
154 2 4 20397410 99222
155 2 1 20646534 100621
155 2 2 20708864 101512
155 2 3 20716735 100872
155 2 4 20685785 100182
156 2 1 20978958 102252
156 2 2 20944289 101671
156 2 3 20944578 101812
156 2 4 20894518 101461
157 2 1 21261364 103422
157 2 2 21193032 102602
157 2 3 21175942 102332
157 2 4 21101991 103542
158 2 1 21479617 104402
158 2 2 21442577 103872
158 2 3 21401276 111652
158 2 4 21472747 104121
159 2 1 21976026 105981
159 2 2 21841003 105322
159 2 3 21928875 105372
159 2 4 21893924 105602
160 2 1 22085417 107232
160 2 2 22107808 106802
160 2 3 22145179 106332
160 2 4 22128308 107302
161 2 1 22431414 109202
161 2 2 22343792 107931
161 2 3 22596387 108322
161 2 4 22398663 107822
162 2 1 22692857 109422
162 2 2 22668007 108982
162 2 3 22689247 108972
162 2 4 22692808 109022
163 2 1 24012089 110982
163 2 2 22568536 109892
163 2 3 23247097 110462
163 2 4 23235487 110422
164 2 1 23463980 111802
164 2 2 23460171 111491
164 2 3 23533752 111292
164 2 4 23498081 111431
165 2 1 23717494 113352
165 2 2 23763556 114512
165 2 3 23683104 112852
165 2 4 23693224 113322
166 2 1 24009050 114472
166 2 2 23982269 114772
166 2 3 24019990 114202
166 2 4 23976539 114212
167 2 1 24305965 115422
167 2 2 24329155 115352
167 2 3 24266413 115262
167 2 4 24317045 115352
168 2 1 24494668 117422
168 2 2 24540368 117102
168 2 3 24504518 117012
168 2 4 24542629 117102
169 2 1 24810313 118052
169 2 2 24873374 117871
169 2 3 24782213 117772
169 2 4 24823642 118072
170 2 1 25155339 119802
170 2 2 25043407 119272
170 2 3 25127227 119502
170 2 4 25018566 119372
171 2 1 25317811 120702
171 2 2 25351741 120532
171 2 3 25257751 120922
171 2 4 25544735 121592
172 2 1 25710678 122322
172 2 2 25709808 121892
172 2 3 25576975 121972
172 2 4 25676057 121942
173 2 1 25958152 123822
173 2 2 25837989 123192
173 2 3 25894341 123693
173 2 4 25865080 124222
174 2 1 26135786 125082
174 2 2 26180096 124992
174 2 3 26185735 125222
174 2 4 26131065 124592
175 2 1 26413699 126813
175 2 2 26468391 126272
175 2 3 26458670 126162
175 2 4 26433860 126982
176 2 1 26759495 127812
176 2 2 26766095 127572
176 2 3 26717885 127482
176 2 4 26726964 127632
177 2 1 26999840 129502
177 2 2 27015939 128682
177 2 3 26968719 128802
177 2 4 27072030 128722
178 2 1 27226513 130402
178 2 2 27386425 130222
178 2 3 27253224 130122
178 2 4 27321705 131163
179 2 1 27639610 131612
179 2 2 27608950 132202
179 2 3 27600839 131842
179 2 4 27551368 132022
180 2 1 27861334 133212
180 2 2 27880974 133462
180 2 3 28599796 159243
180 2 4 27780642 132922
181 2 1 28131528 134742
181 2 2 28138628 134692
181 2 3 28200650 134392
181 2 4 28100568 134422
182 2 1 28420083 133353
182 2 2 28455073 136632
182 2 3 28518315 135992
182 2 4 28389482 136833
183 2 1 28718999 137702
183 2 2 28752048 137483
183 2 3 28674358 137663
183 2 4 28689027 138542
184 2 1 28955962 139702
184 2 2 28999772 139102
184 2 3 29047303 138733
184 2 4 29022774 138592
185 2 1 29267586 140482
185 2 2 29364499 140522
185 2 3 29277426 139842
185 2 4 29331948 140502
186 2 1 29590262 141442
186 2 2 29629253 141603
186 2 3 29644314 141622
186 2 4 29644083 141603
187 2 1 29921488 149092
187 2 2 29864816 143223
187 2 3 29942168 143352
187 2 4 29911988 142582
188 2 1 30200912 144852
188 2 2 30175111 144363
188 2 3 30183873 144582
188 2 4 30325794 144682
189 2 1 30474837 145912
189 2 2 30546168 146282
189 2 3 30762061 146633
189 2 4 30537289 145852
190 2 1 30739741 147602
190 2 2 30886264 147553
190 2 3 30827584 147742
190 2 4 30815863 147752
191 2 1 31118918 149092
191 2 2 31099768 148742
191 2 3 31068136 148753
191 2 4 31044156 148583
192 2 1 31434303 151683
192 2 2 31461414 151702
192 2 3 31355391 151193
192 2 4 31440093 150673
193 2 1 31702198 152953
193 2 2 31628556 152693
193 2 3 31778069 152302
193 2 4 31807629 151963
194 2 1 31963921 159973
194 2 2 32063263 153503
194 2 3 32031004 153923
194 2 4 32071974 153463
195 2 1 32281286 155793
195 2 2 32413579 155073
195 2 3 32344899 154912
195 2 4 32253837 154792
196 2 1 32703534 156583
196 2 2 32606312 156803
196 2 3 32625844 156482
196 2 4 32834386 156693
197 2 1 33052930 164003
197 2 2 32922438 158352
197 2 3 32957518 159233
197 2 4 33019440 158473
198 2 1 33262124 159842
198 2 2 33326484 159443
198 2 3 33238843 159743
198 2 4 33272984 160053
199 2 1 33625529 161423
199 2 2 33629939 160992
199 2 3 33633310 161333
199 2 4 33574248 160883
200 2 1 34055366 163553
200 2 2 34011497 162763
200 2 3 33909854 164213
200 2 4 33982996 163033
201 2 1 34217429 164763
201 2 2 34368392 163853
201 2 3 34287511 164252
201 2 4 34279191 163573
202 2 1 34668548 166073
202 2 2 34623646 165623
202 2 3 34605286 166123
202 2 4 34590276 165842
203 2 1 35008113 167642
203 2 2 34917371 166893
203 2 3 34844151 167723
203 2 4 35052643 167863
204 2 1 35316917 169263
204 2 2 35336018 170092
204 2 3 35288527 168543
204 2 4 35343928 169042
205 2 1 35630873 170753
205 2 2 35638773 170093
205 2 3 35614663 170763
205 2 4 35663273 171033
206 2 1 35914558 171663
206 2 2 35968518 172343
206 2 3 35915139 171732
206 2 4 35955808 172183
207 2 1 36334815 173423
207 2 2 36276554 173223
207 2 3 36327245 173452
207 2 4 36355705 173443
208 2 1 36689321 175463
208 2 2 36605859 174993
208 2 3 36822123 175393
208 2 4 36678760 175403
209 2 1 37013406 176943
209 2 2 37005376 176813
209 2 3 36906604 177163
209 2 4 36944634 176863
210 2 1 37270620 178383
210 2 2 37336111 178533
210 2 3 37265030 178303
210 2 4 37357192 178883
211 2 1 37579545 180333
211 2 2 37628906 180393
211 2 3 37798349 180033
211 2 4 37620866 180233
212 2 1 38002933 182203
212 2 2 37938651 181603
212 2 3 38099854 181243
212 2 4 38054783 182363
213 2 1 38390389 183453
213 2 2 38309087 183844
213 2 3 38440709 183043
213 2 4 38348478 183483
214 2 1 38644433 185113
214 2 2 38769215 185153
214 2 3 38796836 184553
214 2 4 38743585 185313
215 2 1 39140741 187524
215 2 2 39101620 186543
215 2 3 39072081 186603
215 2 4 39046360 186643
216 2 1 39381805 188213
216 2 2 39459877 188403
216 2 3 39441256 188343
216 2 4 39552568 188673
217 2 1 39892323 190504
217 2 2 39762441 190254
217 2 3 39801652 189703
217 2 4 39820543 187233
218 2 1 40158958 192413
218 2 2 40229589 192183
218 2 3 40177189 191203
218 2 4 40321081 191563
219 2 1 40597885 194084
219 2 2 40551575 193383
219 2 3 40472463 193383
219 2 4 40495364 199034
220 2 1 40893490 195493
220 2 2 40790049 195283
220 2 3 40874041 195053
220 2 4 40930571 194853
221 2 1 41330967 202944
221 2 2 41263287 196823
221 2 3 41290147 196294
221 2 4 41315147 196863
222 2 1 41736134 198303
222 2 2 41596493 199103
222 2 3 41683774 198654
222 2 4 41560092 198643
223 2 1 42123121 200544
223 2 2 42069780 200723
223 2 3 41973229 200373
223 2 4 42092230 199614
224 2 1 42739301 202233
224 2 2 42711361 202603
224 2 3 42622179 211483
224 2 4 42785122 202373
225 2 1 43115848 201413
225 2 2 43181159 204084
225 2 3 43052036 203823
225 2 4 43163448 203913
226 2 1 43327041 205994
226 2 2 43435352 205914
226 2 3 43487514 205893
226 2 4 43416362 205834
227 2 1 43826839 208183
227 2 2 43954082 207713
227 2 3 43827149 208684
227 2 4 43781278 207303
228 2 1 44098264 209374
228 2 2 44147835 208974
228 2 3 44154074 209384
228 2 4 44198165 209224
229 2 1 44520630 211094
229 2 2 44760675 211514
229 2 3 44645293 210913
229 2 4 44605492 210624
230 2 1 46853200 213093
230 2 2 43736878 212443
230 2 3 45194672 212904
230 2 4 45232012 212524
231 2 1 45650150 215433
231 2 2 45525618 214914
231 2 3 45592338 213823
231 2 4 45530408 214544
232 2 1 45928914 216283
232 2 2 46074897 215914
232 2 3 45977974 216004
232 2 4 46002426 215933
233 2 1 46131977 218163
233 2 2 46246800 218664
233 2 3 46337150 217674
233 2 4 46377892 219384
234 2 1 46606305 220413
234 2 2 46624856 219904
234 2 3 46803119 219714
234 2 4 46675687 220013
235 2 1 47137594 222864
235 2 2 47052103 221474
235 2 3 46982481 228574
235 2 4 47094344 221584
236 2 1 47362708 230394
236 2 2 47403859 223994
236 2 3 47580291 224004
236 2 4 47509171 223163
237 2 1 47856376 226074
237 2 2 47836776 225623
237 2 3 47731574 226523
237 2 4 47871496 225623
238 2 1 48137602 233834
238 2 2 48188261 227024
238 2 3 48165912 227393
238 2 4 48220893 227284
239 2 1 48655999 229624
239 2 2 48527818 229504
239 2 3 48627748 229493
239 2 4 48601658 229494
240 2 1 48923004 231544
240 2 2 48924104 230694
240 2 3 48936385 230604
240 2 4 48849643 231264
241 2 1 49234339 233434
241 2 2 49407413 233064
241 2 3 49351211 234864
241 2 4 49372621 232904
242 2 1 49679317 234714
242 2 2 49729357 234664
242 2 3 49683656 234733
242 2 4 49735588 235684
243 2 1 50148304 236654
243 2 2 50119173 236204
243 2 3 50134514 236204
243 2 4 50167975 237154
244 2 1 50380468 238524
244 2 2 50542431 244644
244 2 3 50450440 238544
244 2 4 50416618 238574
245 2 1 50845365 240574
245 2 2 50860926 240634
245 2 3 50915287 240064
245 2 4 50972787 240114
246 2 1 51187421 242075
246 2 2 51221313 241924
246 2 3 51321134 242254
246 2 4 51203402 242174
247 2 1 51654930 245324
247 2 2 51587488 243534
247 2 3 51577199 244174
247 2 4 51532017 243835
248 2 1 52010055 246614
248 2 2 52056966 245845
248 2 3 51987116 246894
248 2 4 52077586 245574
249 2 1 52454072 248314
249 2 2 52521884 248034
249 2 3 52476343 248004
249 2 4 52368431 248614
250 2 1 52853250 250784
250 2 2 52842269 250474
250 2 3 52735457 257654
250 2 4 52840769 249884
251 2 1 53193845 252105
251 2 2 53555391 252185
251 2 3 53256707 251554
251 2 4 53175625 252125
252 2 1 53501730 253794
252 2 2 53539741 254714
252 2 3 53551571 253935
252 2 4 53614331 254934
253 2 1 54161231 255364
253 2 2 54160941 256265
253 2 3 54113490 256694
253 2 4 53977209 256205
254 2 1 54411615 258674
254 2 2 54539077 257735
254 2 3 54494776 258005
254 2 4 54385354 258034
255 2 1 54853033 268615
255 2 2 54906804 260885
255 2 3 54816812 260874
255 2 4 54808842 260555
256 2 1 55380501 263134
256 2 2 55334040 262374
256 2 3 55413492 262485
256 2 4 55444882 268964
257 2 1 55798708 264695
257 2 2 55916880 264705
257 2 3 55642275 264064
257 2 4 55709287 264315
258 2 1 56125444 266215
258 2 2 56290916 272224
258 2 3 56261766 266004
258 2 4 56192785 265595
259 2 1 56706094 274915
259 2 2 56552420 267434
259 2 3 56504020 267324
259 2 4 56441119 274644
260 2 1 56925798 269614
260 2 2 56978469 269644
260 2 3 57044090 269805
260 2 4 57066280 270895
261 2 1 57490187 272205
261 2 2 57443696 278695
261 2 3 57394064 271914
261 2 4 57432335 271744
262 2 1 57891584 273835
262 2 2 57900633 273154
262 2 3 57881283 274174
262 2 4 57890973 273674
263 2 1 58271150 276355
263 2 2 58292000 276905
263 2 3 58305050 275395
263 2 4 58436682 275274
264 2 1 58918690 283765
264 2 2 58612675 278045
264 2 3 58665816 279685
264 2 4 58628726 277475
265 2 1 58988231 280455
265 2 2 59126283 279745
265 2 3 59013612 280105
265 2 4 59170534 279445
266 2 1 59425119 282324
266 2 2 59570402 281485
266 2 3 59480420 281344
266 2 4 59464809 282064
267 2 1 59869166 286324
267 2 2 59900487 284334
267 2 3 60001159 284195
267 2 4 59883936 285575
268 2 1 60188062 286915
268 2 2 60279383 285864
268 2 3 60408716 286685
268 2 4 60391825 286225
269 2 1 60662739 289314
269 2 2 60670830 288015
269 2 3 60782482 288115
269 2 4 60828052 287584
270 2 1 61213668 296075
270 2 2 61254389 290675
270 2 3 61295460 290955
270 2 4 61137797 290995
271 2 1 61573495 292365
271 2 2 61637676 292035
271 2 3 61728437 292145
271 2 4 61613325 292835
272 2 1 62091693 294945
272 2 2 62036232 295445
272 2 3 62146744 294805
272 2 4 62054642 300325
273 2 1 62484099 297635
273 2 2 62592201 296885
273 2 3 62488360 296795
273 2 4 62550751 297124
274 2 1 63026958 299795
274 2 2 62928057 298215
274 2 3 62766183 298805
274 2 4 63052479 299175
275 2 1 63407165 301485
275 2 2 63350624 300475
275 2 3 63526367 301235
275 2 4 63439965 300615
276 2 1 63703650 304125
276 2 2 63692109 302975
276 2 3 63749341 309665
276 2 4 63900434 302985
277 2 1 64452133 305455
277 2 2 64248729 304685
277 2 3 64256579 305045
277 2 4 64214999 304605
278 2 1 64857569 307896
278 2 2 64677207 307606
278 2 3 64653685 308235
278 2 4 64724097 313306
279 2 1 65224805 309565
279 2 2 65223525 310285
279 2 3 65213655 310326
279 2 4 65031453 310425
280 2 1 65648352 311836
280 2 2 65647183 312815
280 2 3 65439828 312495
280 2 4 65736074 311655
281 2 1 66065068 313315
281 2 2 66080150 314465
281 2 3 65971117 314515
281 2 4 65953508 314375
282 2 1 66470545 316245
282 2 2 66413596 317456
282 2 3 66529337 322015
282 2 4 66522797 317765
283 2 1 66985565 319356
283 2 2 66869192 318796
283 2 3 66802092 319256
283 2 4 66966084 319845
284 2 1 67481453 320535
284 2 2 67454053 322046
284 2 3 67366140 322195
284 2 4 67314551 326576
285 2 1 67933300 323335
285 2 2 67737677 322836
285 2 3 67912630 323575
285 2 4 67909320 323466
286 2 1 68370577 325355
286 2 2 68317178 325226
286 2 3 68358097 325076
286 2 4 68349207 329936
287 2 1 68828816 326916
287 2 2 68840925 326885
287 2 3 68974987 327136
287 2 4 68803066 327235
288 2 1 69229342 329535
288 2 2 69173481 330035
288 2 3 69154601 330396
288 2 4 69128890 330405
289 2 1 69632138 331445
289 2 2 69728130 331455
289 2 3 69594239 329155
289 2 4 69663229 331366
290 2 1 70193078 334365
290 2 2 70244159 339646
290 2 3 70084947 334206
290 2 4 70141917 333216
291 2 1 70657666 336686
291 2 2 70736167 336396
291 2 3 70538964 335775
291 2 4 70558364 335795
292 2 1 71108803 338395
292 2 2 71285436 338605
292 2 3 70993141 340276
292 2 4 70990721 338585
293 2 1 71521650 340666
293 2 2 71646223 341246
293 2 3 71457539 340975
293 2 4 71409258 339856
294 2 1 72116599 343336
294 2 2 72042488 342686
294 2 3 72062050 342846
294 2 4 72162641 343086
295 2 1 72500536 346206
295 2 2 72401965 345626
295 2 3 72408635 344906
295 2 4 72530107 350426
296 2 1 72987764 347745
296 2 2 73037496 347606
296 2 3 72992655 347516
296 2 4 73017315 346975
297 2 1 73365671 349945
297 2 2 73607765 349286
297 2 3 73448142 350236
297 2 4 73284860 349656
298 2 1 73805388 357606
298 2 2 73848119 352086
298 2 3 73803667 353096
298 2 4 73935350 353226
299 2 1 74299886 354876
299 2 2 74278826 354786
299 2 3 74318117 354536
299 2 4 74254045 354796
300 2 1 74966587 356826
300 2 2 74915266 356736
300 2 3 74973167 356666
300 2 4 75006958 357266
301 2 1 75437685 358356
301 2 2 75393865 360036
301 2 3 75473596 360196
301 2 4 75304983 358796
302 2 1 76093526 362356
302 2 2 75877413 361596
302 2 3 75712460 362006
302 2 4 75807871 362906
303 2 1 76202518 364116
303 2 2 76371340 370076
303 2 3 76174528 364236
303 2 4 76359951 364676
304 2 1 76912350 365916
304 2 2 76707186 365806
304 2 3 76714877 372466
304 2 4 76712966 365916
305 2 1 77386738 375666
305 2 2 77502830 368586
305 2 3 77308957 368187
305 2 4 77253485 368566
306 2 1 77679232 370636
306 2 2 77871995 371346
306 2 3 77679502 370286
306 2 4 77880516 371536
307 2 1 78142280 372816
307 2 2 78396045 372626
307 2 3 78259832 372487
307 2 4 78348784 372596
308 2 1 78713630 376236
308 2 2 78934643 375506
308 2 3 78690439 375736
308 2 4 78836432 376186
309 2 1 79246388 378006
309 2 2 79092196 378377
309 2 3 79288959 378046
309 2 4 79256669 377856
310 2 1 79704536 377986
310 2 2 79886829 380696
310 2 3 79861259 380007
310 2 4 79899120 380596
311 2 1 80270275 382787
311 2 2 80286696 380267
311 2 3 80373388 383607
311 2 4 80359657 383386
312 2 1 80786294 387357
312 2 2 80870076 386986
312 2 3 80848765 385816
312 2 4 80889435 382767
313 2 1 81506667 389196
313 2 2 81321372 396517
313 2 3 81428055 387567
313 2 4 81482346 388407
314 2 1 81764380 390677
314 2 2 81975275 390226
314 2 3 81793021 390427
314 2 4 81776321 391026
315 2 1 82483013 397257
315 2 2 82406801 392866
315 2 3 82517653 392806
315 2 4 82578044 392537
316 2 1 82979550 395477
316 2 2 82895629 394036
316 2 3 82775517 396547
316 2 4 82883970 396916
317 2 1 84137690 398287
317 2 2 84327174 394586
317 2 3 84068798 398447
317 2 4 84149721 399207
318 2 1 84694718 398407
318 2 2 84749571 397887
318 2 3 84760710 399097
318 2 4 84411824 397406
319 2 1 85281050 405386
319 2 2 85199047 403417
319 2 3 85173287 401916
319 2 4 85077825 399797
320 2 1 85809368 409547
320 2 2 85807697 422857
320 2 3 85723956 436717
320 2 4 85774987 428297
321 2 1 86286525 410657
321 2 2 86370227 404117
321 2 3 86164884 405046
321 2 4 86350896 405976
322 2 1 86755085 411906
322 2 2 86856365 407197
322 2 3 86732213 407366
322 2 4 86831386 411547
323 2 1 87377854 410606
323 2 2 87256832 409847
323 2 3 87328423 409577
323 2 4 87357503 417487
324 2 1 88017024 413747
324 2 2 88093386 414607
324 2 3 87799451 415817
324 2 4 87841111 415087
325 2 1 91591653 417897
325 2 2 86429808 418886
325 2 3 88613514 418357
325 2 4 88938860 417587
326 2 1 89324816 424067
326 2 2 89210165 425127
326 2 3 89382158 422387
326 2 4 89009991 420577
327 2 1 89697002 424518
327 2 2 89966897 423147
327 2 3 89741593 422827
327 2 4 89951727 423767
328 2 1 90212091 426337
328 2 2 90486455 429177
328 2 3 90226671 428937
328 2 4 90382724 427267
329 2 1 90795771 428337
329 2 2 90805462 426447
329 2 3 90904553 427127
329 2 4 90835912 428447
330 2 1 91609084 430407
330 2 2 91318139 430467
330 2 3 91786957 438387
330 2 4 91557314 433607
331 2 1 91946570 434117
331 2 2 91847978 433457
331 2 3 91970531 437007
331 2 4 91810668 434667
332 2 1 92458618 437478
332 2 2 92312576 436468
332 2 3 92531140 435717
332 2 4 92360238 442787
333 2 1 92920996 439537
333 2 2 92959487 439898
333 2 3 92886705 436478
333 2 4 92749174 439017
334 2 1 93299982 442307
334 2 2 93374504 441257
334 2 3 93570118 441547
334 2 4 93500797 442177
335 2 1 94171187 444857
335 2 2 93866963 444027
335 2 3 93996444 442397
335 2 4 94274969 442988
336 2 1 94534063 446237
336 2 2 94605774 445507
336 2 3 94704416 445748
336 2 4 94597664 445608
337 2 1 95059221 450057
337 2 2 95299126 448088
337 2 3 95012341 448768
337 2 4 95077242 449738
338 2 1 95604100 453547
338 2 2 95785924 457377
338 2 3 95681162 452467
338 2 4 95586740 452907
339 2 1 95996137 454667
339 2 2 96222931 454048
339 2 3 96108259 455557
339 2 4 96156069 456278
340 2 1 96737190 456218
340 2 2 96785061 457798
340 2 3 96698499 456988
340 2 4 96662429 455928
341 2 1 97247428 460868
341 2 2 97244518 457828
341 2 3 97218038 458648
341 2 4 97283789 460048
342 2 1 97810287 462187
342 2 2 97720826 467018
342 2 3 97921620 461318
342 2 4 97632855 463448
343 2 1 98301846 464937
343 2 2 98233354 465388
343 2 3 98159463 464058
343 2 4 98358346 463698
344 2 1 99001917 470878
344 2 2 99086339 469208
344 2 3 99144590 468948
344 2 4 99096729 469637
345 2 1 99635407 472737
345 2 2 99642359 477898
345 2 3 99671568 470548
345 2 4 99614528 475928
346 2 1 100264269 475008
346 2 2 100395971 479188
346 2 3 100224948 476808
346 2 4 100199947 474028
347 2 1 100912228 477838
347 2 2 100765897 478648
347 2 3 100724536 476928
347 2 4 100856818 480958
348 2 1 101302125 484908
348 2 2 101226414 479858
348 2 3 101305446 481368
348 2 4 101216714 479188
349 2 1 101636781 483528
349 2 2 101900266 482378
349 2 3 101719972 483218
349 2 4 101810165 483498
350 2 1 102212000 491028
350 2 2 102487586 491958
350 2 3 102273091 484478
350 2 4 102396354 487868
351 2 1 102978793 489118
351 2 2 102886453 494988
351 2 3 102922832 494028
351 2 4 103209997 487428
352 2 1 103478642 491229
352 2 2 103425731 493378
352 2 3 103530452 494048
352 2 4 103507752 500598
353 2 1 104009931 494378
353 2 2 104242534 495169
353 2 3 104208684 494368
353 2 4 104202573 494278
354 2 1 104707481 496278
354 2 2 104696292 497298
354 2 3 104588770 496339
354 2 4 104565619 495978
355 2 1 105213921 501019
355 2 2 105252491 505219
355 2 3 105097239 500099
355 2 4 105427074 499368
356 2 1 105931432 503789
356 2 2 105629618 502459
356 2 3 105621767 500939
356 2 4 105880401 501509
357 2 1 106380851 506368
357 2 2 106407821 504949
357 2 3 106355220 503899
357 2 4 106195446 505648
358 2 1 107170633 509149
358 2 2 107105271 508598
358 2 3 106973479 507029
358 2 4 106720705 509228
359 2 1 107601081 511369
359 2 2 107443598 516869
359 2 3 107509128 511509
359 2 4 107639552 509878
360 2 1 108164130 514228
360 2 2 107873465 515378
360 2 3 107955176 512498
360 2 4 107984687 514299
361 2 1 108699249 516698
361 2 2 109008674 523928
361 2 3 108771420 516449
361 2 4 108456735 525359
362 2 1 109222457 522638
362 2 2 109439201 520248
362 2 3 109347530 520479
362 2 4 109075566 518969
363 2 1 109661194 521868
363 2 2 109932589 520799
363 2 3 109751115 524799
363 2 4 109962989 528109
364 2 1 110363696 522999
364 2 2 110382926 524379
364 2 3 110276225 525299
364 2 4 110324955 524199
365 2 1 111088489 525928
365 2 2 111051568 534479
365 2 3 111001398 526549
365 2 4 110976177 526819
366 2 1 111509646 528969
366 2 2 111592697 532168
366 2 3 111558936 531169
366 2 4 111500055 532199
367 2 1 112346650 533549
367 2 2 112001374 541379
367 2 3 112218327 533089
367 2 4 112129666 534639
368 2 1 112733515 537559
368 2 2 112495222 536888
368 2 3 112687846 536839
368 2 4 112700525 536229
369 2 1 113255644 539029
369 2 2 113290575 540859
369 2 3 113452348 539209
369 2 4 113415597 538979
370 2 1 113854945 544080
370 2 2 113893845 541929
370 2 3 113977496 542299
370 2 4 114004647 548379
371 2 1 114351343 550929
371 2 2 114525745 549319
371 2 3 114396914 550469
371 2 4 114387163 545979
372 2 1 115104835 557659
372 2 2 115300679 548379
372 2 3 115037294 548179
372 2 4 114988153 547039
373 2 1 115598153 551309
373 2 2 115853688 556419
373 2 3 115738256 550499
373 2 4 115631584 550509
374 2 1 116158733 560989
374 2 2 116137562 553199
374 2 3 116096042 553019
374 2 4 116180113 552939
375 2 1 116759613 559669
375 2 2 116892774 555889
375 2 3 116998857 562260
375 2 4 116667021 556019
376 2 1 117389693 560409
376 2 2 117495095 566880
376 2 3 117438755 559219
376 2 4 117558107 558039
377 2 1 118059394 562859
377 2 2 118154257 563119
377 2 3 118031974 563229
377 2 4 118097514 569100
378 2 1 118542373 572119
378 2 2 118637834 570290
378 2 3 118771376 565580
378 2 4 118924139 565980
379 2 1 119184003 568970
379 2 2 119442608 567719
379 2 3 118939189 567900
379 2 4 119494978 573649
380 2 1 120270372 576800
380 2 2 120206179 576180
380 2 3 120067268 574200
380 2 4 120486635 575329
381 2 1 120975152 578010
381 2 2 120806350 583020
381 2 3 120895591 581890
381 2 4 120610267 576809
382 2 1 121597053 589110
382 2 2 121442881 578949
382 2 3 121390749 579030
382 2 4 121211467 580200
383 2 1 121880238 592230
383 2 2 122134552 594449
383 2 3 122016590 581950
383 2 4 121701925 583380
384 2 1 122702842 591260
384 2 2 122630560 592230
384 2 3 122439188 593020
384 2 4 122706071 591750
385 2 1 123076249 594570
385 2 2 123239521 590910
385 2 3 123297171 590280
385 2 4 123090708 586830
386 2 1 123859710 599460
386 2 2 123765949 594000
386 2 3 123730109 592220
386 2 4 123686478 594090
387 2 1 124258338 594749
387 2 2 124305279 594570
387 2 3 124390439 598170
387 2 4 124678715 593120
388 2 1 125093441 595240
388 2 2 124870417 597190
388 2 3 124959839 597180
388 2 4 125117862 598509
389 2 1 125796343 601470
389 2 2 125752122 602860
389 2 3 125795761 608611
389 2 4 125931655 599650
390 2 1 126386743 606190
390 2 2 126408324 604090
390 2 3 126463135 613510
390 2 4 126456044 610110
391 2 1 126821890 616110
391 2 2 127030853 609560
391 2 3 126962513 610430
391 2 4 126897781 607351
392 2 1 127522912 614060
392 2 2 127646054 616100
392 2 3 127727325 611630
392 2 4 127479382 610380
393 2 1 128310285 613580
393 2 2 128359326 612890
393 2 3 128084711 616100
393 2 4 128184623 612110
394 2 1 128655320 616471
394 2 2 128763242 617191
394 2 3 128816903 616310
394 2 4 128587030 614920
395 2 1 129428144 621490
395 2 2 129525495 621011
395 2 3 129864851 621220
395 2 4 129501195 626041
396 2 1 130002933 632511
396 2 2 130113065 623151
396 2 3 130022633 623391
396 2 4 130003263 622861
397 2 1 130618954 627490
397 2 2 130991609 627281
397 2 3 130544752 632261
397 2 4 130881968 626520
398 2 1 131557869 629110
398 2 2 131272275 629650
398 2 3 131205793 629220
398 2 4 131655321 627570
399 2 1 132015667 632541
399 2 2 131929365 637411
399 2 3 131900374 635870
399 2 4 132013657 630821
400 2 1 132546555 635860
400 2 2 132772189 635991
400 2 3 132723469 635491
400 2 4 132856241 637621
1 3 1 11690 4030
1 3 2 4520 2760
1 3 3 4210 2450
1 3 4 4150 2450
2 3 1 13850 2810
2 3 2 12451 2510
2 3 3 12460 2540
2 3 4 11910 2420
3 3 1 35410 2830
3 3 2 34310 2560
3 3 3 33211 2550
3 3 4 33461 2530
4 3 1 76211 3030
4 3 2 74782 2710
4 3 3 75031 2740
4 3 4 75492 2670
5 3 1 142992 3421
5 3 2 143372 3090
5 3 3 143293 2920
5 3 4 142322 2970
6 3 1 246464 3770
6 3 2 246024 3550
6 3 3 247274 3491
6 3 4 258134 3680
7 3 1 399277 4430
7 3 2 392777 4120
7 3 3 392446 4041
7 3 4 393016 4080
8 3 1 578050 5150
8 3 2 577240 4840
8 3 3 574699 4810
8 3 4 581339 5170
9 3 1 867864 6800
9 3 2 834553 5990
9 3 3 834714 5920
9 3 4 839814 5890
10 3 1 1141409 8010
10 3 2 1118659 7160
10 3 3 1121779 7170
10 3 4 1125959 7450
11 3 1 1595477 9460
11 3 2 1520076 8880
11 3 3 1530836 9030
11 3 4 1519155 8811
12 3 1 1971443 11370
12 3 2 1953182 10711
12 3 3 1957482 10920
12 3 4 1943383 10620
13 3 1 2496131 13781
13 3 2 2467601 12880
13 3 3 2463051 13060
13 3 4 2461921 13050
14 3 1 3264773 16821
14 3 2 3127002 16370
14 3 3 3156333 18361
14 3 4 3150662 16470
15 3 1 3838234 19111
15 3 2 3809503 18731
15 3 3 3814193 18610
15 3 4 3817224 18640
16 3 1 4624547 22821
16 3 2 4616647 22200
16 3 3 4589676 22200
16 3 4 4601056 22210
17 3 1 5589284 27780
17 3 2 5476802 27121
17 3 3 5495570 27180
17 3 4 5497992 27141
18 3 1 6692012 32410
18 3 2 6469388 31790
18 3 3 6516849 31861
18 3 4 6489338 31770
19 3 1 7663007 37750
19 3 2 7620677 37300
19 3 3 7585846 37320
19 3 4 7636208 37310
20 3 1 8938818 43291
20 3 2 8845788 42781
20 3 3 8911998 42901
20 3 4 8845077 42860
21 3 1 10302721 49390
21 3 2 10239501 49561
21 3 3 10233500 48960
21 3 4 10314511 49041
22 3 1 12197243 56571
22 3 2 11783437 62551
22 3 3 11863887 55811
22 3 4 11770906 55871
23 3 1 13538536 63951
23 3 2 13436513 63441
23 3 3 13434874 63521
23 3 4 13406213 63591
24 3 1 15390676 72191
24 3 2 15245534 71401
24 3 3 15199103 71402
24 3 4 15191442 71451
25 3 1 17290308 81191
25 3 2 17292868 80281
25 3 3 17201805 80351
25 3 4 17196917 80342
26 3 1 19390253 93032
26 3 2 19349132 90892
26 3 3 19286260 91781
26 3 4 19356763 90011
27 3 1 22358872 104592
27 3 2 21653681 103152
27 3 3 21649530 103021
27 3 4 21648100 102982
28 3 1 24291444 114132
28 3 2 24099551 114192
28 3 3 24259044 113932
28 3 4 24117571 120182
29 3 1 26837226 126432
29 3 2 26772596 126402
29 3 3 26760544 126262
29 3 4 26726105 125722
30 3 1 29645343 139202
30 3 2 29595093 138682
30 3 3 29722674 139582
30 3 4 29615103 139002
31 3 1 32728104 158902
31 3 2 32629213 152732
31 3 3 32724145 153362
31 3 4 32626994 153413
32 3 1 36224813 168952
32 3 2 35935968 167563
32 3 3 35843576 164613
32 3 4 35931268 167503
33 3 1 39655970 183433
33 3 2 39361785 182763
33 3 3 39376986 182883
33 3 4 39465507 182943
34 3 1 44066043 199253
34 3 2 43180069 199953
34 3 3 43090238 199543
34 3 4 43236419 200943
35 3 1 47104914 217524
35 3 2 47055632 217564
35 3 3 47135595 216974
35 3 4 47111224 217073
36 3 1 51283803 235854
36 3 2 51303513 235484
36 3 3 51127130 235544
36 3 4 51270553 235684
37 3 1 55989202 256034
37 3 2 55526085 254874
37 3 3 55533234 255625
37 3 4 55721007 254954
38 3 1 60308703 277025
38 3 2 60223592 276474
38 3 3 60187542 276215
38 3 4 60142401 276034
39 3 1 65056182 298055
39 3 2 65182595 299155
39 3 3 65120503 297574
39 3 4 65021222 297945
40 3 1 70267659 321085
40 3 2 70120217 321805
40 3 3 69734241 320595
40 3 4 70001015 320455
41 3 1 75831332 345116
41 3 2 75535867 345336
41 3 3 75427115 344195
41 3 4 75282843 345256
42 3 1 82596634 371336
42 3 2 81178051 371686
42 3 3 81266643 370196
42 3 4 81157590 370266
43 3 1 88509393 402227
43 3 2 91085585 403106
43 3 3 91171477 400786
43 3 4 91224658 402077
44 3 1 97557333 436548
44 3 2 97239408 429177
44 3 3 97194057 430717
44 3 4 97195837 430687
45 3 1 104075883 462727
45 3 2 104103601 461958
45 3 3 103932180 461048
45 3 4 103887888 460547
46 3 1 110919275 491548
46 3 2 110914665 495379
46 3 3 110921105 494919
46 3 4 110721592 493278
47 3 1 117924802 524709
47 3 2 117913772 529839
47 3 3 117702618 524258
47 3 4 117987953 522359
48 3 1 125963295 561279
48 3 2 125414467 562500
48 3 3 125241184 556820
48 3 4 125514428 560399
49 3 1 133657274 593990
49 3 2 133140005 592440
49 3 3 133373199 593310
49 3 4 132935312 593070
50 3 1 141711168 635770
50 3 2 141641726 634480
50 3 3 141496264 642901
50 3 4 141536675 634281
51 3 1 149957995 671902
51 3 2 150045927 670131
51 3 3 149760832 671571
51 3 4 150205340 670922
52 3 1 158914245 711472
52 3 2 158574018 712192
52 3 3 158348385 711122
52 3 4 158340944 712392
53 3 1 168976151 762912
53 3 2 169249086 761413
53 3 3 168769158 772883
53 3 4 169002742 762542
54 3 1 183767367 800944
54 3 2 180228559 798883
54 3 3 180096847 814913
54 3 4 180124796 795783
55 3 1 190534110 842884
55 3 2 189725667 839134
55 3 3 189755557 848794
55 3 4 189712626 840274
56 3 1 200193560 889414
56 3 2 200224702 908725
56 3 3 200415694 896815
56 3 4 199930336 889185
57 3 1 211601051 953276
57 3 2 210574124 936646
57 3 3 210778597 937905
57 3 4 210870838 933965
58 3 1 221928533 988166
58 3 2 221872711 987236
58 3 3 221805700 992317
58 3 4 221678309 1004257
59 3 1 234000173 1038397
59 3 2 233223180 1037367
59 3 3 233046068 1057098
59 3 4 232789983 1034077
60 3 1 245336743 1093308
60 3 2 245209990 1111358
60 3 3 245323872 1088528
60 3 4 244570379 1091758
61 3 1 257412144 1162869
61 3 2 255935398 1144959
61 3 3 256134052 1144519
61 3 4 256247334 1159059
62 3 1 269675707 1229370
62 3 2 269695917 1206240
62 3 3 269717108 1207161
62 3 4 269742297 1209410
63 3 1 283224082 1262341
63 3 2 282640283 1273792
63 3 3 282624823 1271811
63 3 4 282892917 1289092
64 3 1 297857016 1335032
64 3 2 297008392 1330412
64 3 3 297115074 1335301
64 3 4 296175208 1335432
65 3 1 310806791 1394383
65 3 2 310920113 1410944
65 3 3 310730590 1409173
65 3 4 310817472 1395183
66 3 1 325778030 1450124
66 3 2 323891439 1454084
66 3 3 323490092 1466614
66 3 4 323614554 1451554
67 3 1 338572744 1525456
67 3 2 342700282 1513775
67 3 3 342653092 1536356
67 3 4 343088239 1512955
68 3 1 363021120 1598446
68 3 2 355201861 1593656
68 3 3 358513265 1599176
68 3 4 357797743 1608676
69 3 1 374716194 1667728
69 3 2 373657207 1669277
69 3 3 373911981 1685888
69 3 4 373712599 1668788
70 3 1 390910565 1754519
70 3 2 389911288 1753779
70 3 3 389798125 1745200
70 3 4 389666073 1761120
71 3 1 406658247 1818190
71 3 2 406220329 1818770
71 3 3 406125747 1838401
71 3 4 406019166 1818290
72 3 1 424083247 1896622
72 3 2 424211968 1895631
72 3 3 423013669 1917481
72 3 4 423190572 1909452
73 3 1 441727330 2154666
73 3 2 435913713 1993263
73 3 3 441453565 1989233
73 3 4 441113499 1971223
74 3 1 459738319 2043674
74 3 2 454463672 2061294
74 3 3 458820104 2059854
74 3 4 459838801 2054874
75 3 1 478386640 2143956
75 3 2 473172983 2159625
75 3 3 478408260 2144806
75 3 4 478167497 2165646
76 3 1 497116991 2210897
76 3 2 492021116 2232227
76 3 3 497002449 2225087
76 3 4 496904788 2251207
77 3 1 516079886 2313239
77 3 2 511358899 2313409
77 3 3 516124678 2313228
77 3 4 516599456 2338199
78 3 1 537102817 2399960
78 3 2 531728217 2422790
78 3 3 536440955 2408420
78 3 4 536426136 2409280
79 3 1 556896385 2506002
79 3 2 551648739 2490031
79 3 3 556624891 2522832
79 3 4 555756377 2517652
80 3 1 579238678 2626453
80 3 2 573415891 2616934
80 3 3 577548969 2602344
80 3 4 577488269 2615143
81 3 1 599273841 2704085
81 3 2 594812927 2694155
81 3 3 599955793 2704495
81 3 4 599050418 2719286
82 3 1 622900564 2813837
82 3 2 616925535 2816987
82 3 3 622031560 2818736
82 3 4 621992289 2799577
83 3 1 643959704 2899958
83 3 2 639250186 2904658
83 3 3 643770402 3099792
83 3 4 644262709 2912528
84 3 1 668704817 3018000
84 3 2 662781708 3000540
84 3 3 667291523 3025121
84 3 4 666919687 3025671
85 3 1 700245721 3114002
85 3 2 693150673 3097002
85 3 3 694145730 3113632
85 3 4 693795484 3095992
86 3 1 719484041 3224853
86 3 2 718288371 3247253
86 3 3 718502675 3417407
86 3 4 718478275 3426687
87 3 1 744340114 3329246
87 3 2 742481324 3343386
87 3 3 743295887 3338445
87 3 4 742788750 3336895
88 3 1 769622795 3438068
88 3 2 767615722 3651351
88 3 3 767674382 3454157
88 3 4 767225825 3460948
89 3 1 797493829 3575110
89 3 2 795162120 3579249
89 3 3 794734073 3572390
89 3 4 795208342 3578290
90 3 1 823824897 3710582
90 3 2 820843617 3705652
90 3 3 821076432 3705192
90 3 4 820872708 3707792
91 3 1 850331419 3854454
91 3 2 848819064 3852324
91 3 3 848313376 3853704
91 3 4 847333948 3847864
92 3 1 877851786 3935445
92 3 2 876183309 3937676
92 3 3 876458583 3940655
92 3 4 876051106 3933245
93 3 1 906008374 4072518
93 3 2 904694763 4069088
93 3 3 903910130 4069437
93 3 4 904195225 4113749
94 3 1 935141779 4206410
94 3 2 932165640 4202540
94 3 3 932957373 4201290
94 3 4 933006813 4204370
95 3 1 965002606 4331172
95 3 2 963288698 4338462
95 3 3 963131105 4331521
95 3 4 963359489 4336873
96 3 1 995657856 4527776
96 3 2 993259896 4510115
96 3 3 992484744 4499984
96 3 4 992112367 4527775
97 3 1 1026785584 4611897
97 3 2 1024873632 4637706
97 3 3 1024402685 4631428
97 3 4 1023845036 4648897
98 3 1 1059491368 4771849
98 3 2 1055779596 4789100
98 3 3 1055442220 4757399
98 3 4 1054536286 4760929
99 3 1 1090345292 4912722
99 3 2 1087519005 4900831
99 3 3 1087904191 4917172
99 3 4 1088253497 4908802
100 3 1 1123202278 5064635
100 3 2 1120187659 5053404
100 3 3 1119443906 5067084
100 3 4 1118841476 5047714
101 3 1 1157350857 5230757
101 3 2 1153769058 5193436
101 3 3 1153866619 5202317
101 3 4 1154164024 5207676
102 3 1 1191659258 5355419
102 3 2 1189103385 5355129
102 3 3 1189025323 5388949
102 3 4 1187905985 5360209
103 3 1 1226455017 5549632
103 3 2 1223239183 5517012
103 3 3 1224903770 5520262
103 3 4 1224206859 5521641
104 3 1 1262708171 5735775
104 3 2 1267292336 5702895
104 3 3 1267758674 5703644
104 3 4 1267116933 5701965
105 3 1 1307092178 5861658
105 3 2 1303524799 5864878
105 3 3 1304232910 5891178
105 3 4 1303083512 5860457
106 3 1 1345369805 6011130
106 3 2 1334758968 6045601
106 3 3 1343080037 6025210
106 3 4 1340360671 6027681
107 3 1 1396184630 6227143
107 3 2 1389360717 6200654
107 3 3 1391832748 6177003
107 3 4 1390162920 6219993
108 3 1 1436257217 6750462
108 3 2 1435179769 6741813
108 3 3 1434360006 6586629
108 3 4 1435510825 6752963
109 3 1 1471435872 6570039
109 3 2 1468848830 6556619
109 3 3 1469471920 6568150
109 3 4 1470902953 6572720
110 3 1 1509549106 6737692
110 3 2 1506905503 6741182
110 3 3 1510188578 6766833
110 3 4 1506569027 6766093
111 3 1 1551589617 6940415
111 3 2 1550993517 6933735
111 3 3 1548904791 6944595
111 3 4 1551640867 6934366
112 3 1 1591766395 7195160
112 3 2 1591107894 7192539
112 3 3 1590919781 7191460
112 3 4 1591232096 7172979
113 3 1 1634345422 7298101
113 3 2 1633782463 7316252
113 3 3 1634419264 7309682
113 3 4 1633832344 7315242
114 3 1 1675860854 7530176
114 3 2 1674365018 7523785
114 3 3 1675336715 7521435
114 3 4 1676587586 7529835
115 3 1 1720064949 7700098
115 3 2 1719448009 7685897
115 3 3 1719759055 7713398
115 3 4 1718701007 7704518
116 3 1 1783859581 7991373
116 3 2 1784150766 7909021
116 3 3 1783961132 7899561
116 3 4 1783113919 7911401
117 3 1 1809402196 8114945
117 3 2 1810482834 8116375
117 3 3 1807987532 8119265
117 3 4 1808432500 8126805
118 3 1 1853663252 8331888
118 3 2 1855652765 8371870
118 3 3 1855058395 8321098
118 3 4 1855020525 8328549
119 3 1 1902305223 8647553
119 3 2 1900610784 8555872
119 3 3 1899225380 8531862
119 3 4 1902144239 8577374
120 3 1 1950191478 9211113
120 3 2 1949900673 8747445
120 3 3 1949911604 8773436
120 3 4 1948802055 8842057
121 3 1 1998211897 9405186
121 3 2 1997241502 9018460
121 3 3 1998047925 8977900
121 3 4 1998057765 8971179
122 3 1 2048037457 9693181
122 3 2 2048133379 9233563
122 3 3 2046865127 9188033
122 3 4 2046319758 9223363
123 3 1 2095582568 9930106
123 3 2 2096323390 9426256
123 3 3 2097433028 9405057
123 3 4 2097142793 9450117
124 3 1 2146774259 10151899
124 3 2 2148177272 9691031
124 3 3 2148772442 9670861
124 3 4 2149291941 9703051
125 3 1 2198204045 10365663
125 3 2 2199170090 9886045
125 3 3 2199399444 9926786
125 3 4 2199336153 9925876
126 3 1 2252232613 10635537
126 3 2 2251789146 10128599
126 3 3 2250567766 10135679
126 3 4 2249670351 10160749
127 3 1 2306362405 10891302
127 3 2 2304208929 10371312
127 3 3 2304967711 10400293
127 3 4 2304820319 10374193
128 3 1 2358498502 11186136
128 3 2 2358641664 10679568
128 3 3 2359532480 10696989
128 3 4 2360092778 10659237
129 3 1 2450342201 11382380
129 3 2 2447804837 10877852
129 3 3 2448231144 10891721
129 3 4 2447877490 10897171
130 3 1 2507315428 11710436
130 3 2 2507511371 11136565
130 3 3 2507270368 11127456
130 3 4 2504810236 11144945
131 3 1 2568244551 11921279
131 3 2 2564841385 11398529
131 3 3 2566391130 11403160
131 3 4 2565920693 11410389
132 3 1 2626525762 12161012
132 3 2 2626189276 11667154
132 3 3 2626347419 11635334
132 3 4 2625399523 11684594
133 3 1 2683921597 12872524
133 3 2 2683939517 11938299
133 3 3 2687487446 11912548
133 3 4 2684698069 12296345
134 3 1 2747753439 12718631
134 3 2 2747856500 12210363
134 3 3 2745408530 12192893
134 3 4 2747951922 12205874
135 3 1 2793970857 13291391
135 3 2 2792330600 12660870
135 3 3 2792836088 12677412
135 3 4 2790623911 12684701
136 3 1 2857946442 13340712
136 3 2 2857700648 12754472
136 3 3 2857938892 12772292
136 3 4 2855553592 12792722
137 3 1 2915169565 13640757
137 3 2 2914004545 13025997
137 3 3 2915563600 13013597
137 3 4 2914411341 13029686
138 3 1 2979972403 13907652
138 3 2 2975617470 13359013
138 3 3 2978011310 13349702
138 3 4 2977986589 13318432
139 3 1 3045095246 14196017
139 3 2 3045685596 13630066
139 3 3 3047250782 13622046
139 3 4 3045494543 13687857
140 3 1 3107387853 14485122
140 3 2 3106694430 13907921
140 3 3 3107215320 13870670
140 3 4 3106685011 13918791
141 3 1 3174926716 14809217
141 3 2 3172649538 14203146
141 3 3 3174103502 14223886
141 3 4 3173806407 14212006
142 3 1 3240101160 15100212
142 3 2 3235044486 14539342
142 3 3 3236509942 14527881
142 3 4 3235239700 14522671
143 3 1 3306835021 15411256
143 3 2 3305371327 14835187
143 3 3 3306405864 14822207
143 3 4 3307939879 14842946
144 3 1 3373983229 15751332
144 3 2 3374906033 15155512
144 3 3 3374296524 15143622
144 3 4 3374935094 15155602
145 3 1 3444782906 16052827
145 3 2 3444281498 15476188
145 3 3 3441980720 15446967
145 3 4 3443259331 15495918
146 3 1 3516720434 16376252
146 3 2 3516397617 15781724
146 3 3 3512328590 15767282
146 3 4 3514988675 15783173
147 3 1 3586564416 16731388
147 3 2 3584130034 16091078
147 3 3 3585546508 16111298
147 3 4 3586218869 16091157
148 3 1 3656075953 17074284
148 3 2 3656670111 16437524
148 3 3 3658372040 16433394
148 3 4 3659121782 16454144
149 3 1 3734254122 17430390
149 3 2 3736537900 18949466
149 3 3 3735964451 18970636
149 3 4 3737605638 18901314
150 3 1 3813710795 19514895
150 3 2 3814238604 19512404
150 3 3 3811051500 19527445
150 3 4 3811583239 19502845
151 3 1 3888060632 20119975
151 3 2 3887844138 20118284
151 3 3 3885511709 20094755
151 3 4 3886895292 20111664
152 3 1 3966508417 19905921
152 3 2 3965007832 19897121
152 3 3 3964288430 19927192
152 3 4 3968398939 19891781
153 3 1 4043319125 21257153
153 3 2 4040126252 21259984
153 3 3 4040593349 21264474
153 3 4 4040082451 21276284
154 3 1 4128217208 21125272
154 3 2 4120504000 21125011
154 3 3 4123831875 21101921
154 3 4 4124685998 21126302
155 3 1 4199386242 20977869
155 3 2 4196797938 20962899
155 3 3 4196760678 20905608
155 3 4 4198692470 20955409
156 3 1 4285753389 22362623
156 3 2 4281966735 22402003
156 3 3 4283748865 22296581
156 3 4 4285346472 22327462
157 3 1 4360258228 22160829
157 3 2 4362278952 22211320
157 3 3 4359406714 22177489
157 3 4 4363332809 22271491
158 3 1 4444866755 22799790
158 3 2 4439125851 22863781
158 3 3 4441291767 22838100
158 3 4 4439392166 22815779
159 3 1 4525554119 23471790
159 3 2 4525075731 23483000
159 3 3 4524312619 23546191
159 3 4 4525713802 23457800
160 3 1 4613594394 24113292
160 3 2 4607879138 24084931
160 3 3 4611967157 24090901
160 3 4 4612728119 24188933
161 3 1 4699248769 24103892
161 3 2 4695765391 24055330
161 3 3 4693918771 24355765
161 3 4 4693927610 24015349
162 3 1 4783265947 24714180
162 3 2 4778443137 24731192
162 3 3 4779512294 24802853
162 3 4 4777871197 24731181
163 3 1 4869594673 25360532
163 3 2 4866836847 25341442
163 3 3 4867865404 25396672
163 3 4 4867088542 25364142
164 3 1 4953971577 25291911
164 3 2 4953966887 25296561
164 3 3 4955576144 25246891
164 3 4 4955253328 25695847
165 3 1 5045498789 26418469
165 3 2 5042450609 26417109
165 3 3 5044419012 26435500
165 3 4 5045946718 26456180
166 3 1 5147347194 25809299
166 3 2 5144670150 25893630
166 3 3 5152851007 26316728
166 3 4 5149122784 26279598
167 3 1 5241339368 26851947
167 3 2 5241344119 27150922
167 3 3 5239272044 27065081
167 3 4 5239512057 27045210
168 3 1 5336387470 27664360
168 3 2 5338075429 27875304
168 3 3 5335427313 27690501
168 3 4 5335184640 27672610
169 3 1 5475239949 27666240
169 3 2 5472539225 27364886
169 3 3 5471879044 27638680
169 3 4 5474103462 27538149
170 3 1 5570908821 28246731
170 3 2 5571102845 28252239
170 3 3 5572007610 28229809
170 3 4 5572071670 28261580
171 3 1 5673947705 28888831
171 3 2 5675637474 28994263
171 3 3 5669823928 29017444
171 3 4 5672284128 29021043
172 3 1 5772260892 29813857
172 3 2 5771049102 29742245
172 3 3 5767546234 29805836
172 3 4 5771541790 29776696
173 3 1 5867215832 30532618
173 3 2 5863543680 30603019
173 3 3 5863678283 30559849
173 3 4 5873158330 30471287
174 3 1 5970436740 30639040
174 3 2 5971213913 30551329
174 3 3 5965876774 30558019
174 3 4 5965256883 30663499
175 3 1 6070638677 31462714
175 3 2 6072404936 31301631
175 3 3 6069126621 31448664
175 3 4 6069672500 31411542
176 3 1 6171755880 32215786
176 3 2 6170759543 32208926
176 3 3 6167596961 32316878
176 3 4 6171303181 32205496
177 3 1 6282297108 32017253
177 3 2 6280301355 32287367
177 3 3 6279088675 32265577
177 3 4 6280556099 32178005
178 3 1 6379640049 33105160
178 3 2 6379694599 33091730
178 3 3 6375340696 33107581
178 3 4 6376332133 33049189
179 3 1 6482167854 33028230
179 3 2 6483409064 33082871
179 3 3 6486085970 33061650
179 3 4 6483200022 33085991
180 3 1 6594441762 33876624
180 3 2 6588131707 33604969
180 3 3 6594023646 33917734
180 3 4 6591374731 33909184
181 3 1 6705659932 34798939
181 3 2 6703552417 34747779
181 3 3 6703740390 34545715
181 3 4 6697006679 34825900
182 3 1 6807818143 34774769
182 3 2 6806573401 34825039
182 3 3 6811001535 34535704
182 3 4 6807594168 34806500
183 3 1 6922233636 34798819
183 3 2 6921997331 34790908
183 3 3 6919446889 34796939
183 3 4 6922878857 34496624
184 3 1 7037581276 36319364
184 3 2 7035165225 36594138
184 3 3 7034842909 36574738
184 3 4 7037734568 36626950
185 3 1 7148345918 36482017
185 3 2 7140173173 36362045
185 3 3 7141775539 36589839
185 3 4 7142518351 36572498
186 3 1 7261566153 37492944
186 3 2 7259293174 37519004
186 3 3 7262929175 37476623
186 3 4 7254762240 37523955
187 3 1 7376800109 37309300
187 3 2 7384083100 37544595
187 3 3 7373654877 37256170
187 3 4 7375132031 37307291
188 3 1 7496065064 38218825
188 3 2 7489865381 38524431
188 3 3 7491187323 38526411
188 3 4 7495194919 38526491
189 3 1 7612991911 38333828
189 3 2 7612921008 38545781
189 3 3 7612839547 38561762
189 3 4 7610297574 38294997
190 3 1 7731664954 39593239
190 3 2 7730669227 39342464
190 3 3 7732556908 39607029
190 3 4 7731731655 39591449
191 3 1 7854302994 39670939
191 3 2 7852512905 39407755
191 3 3 7850668685 39398095
191 3 4 7848592179 39712821
192 3 1 7975195525 40642026
192 3 2 7974982602 40644787
192 3 3 7969770875 40501704
192 3 4 7971290401 40648356
193 3 1 8100232686 41630872
193 3 2 8096677427 41686254
193 3 3 8098934035 41377589
193 3 4 8096901211 41344498
194 3 1 8232035989 42598189
194 3 2 8231967508 42621218
194 3 3 8233010376 42637810
194 3 4 8233083967 42353405
195 3 1 8352854859 41899467
195 3 2 8350807775 41906697
195 3 3 8348745380 41835855
195 3 4 8350765555 41837796
196 3 1 8479156821 42560409
196 3 2 8471768499 42887273
196 3 3 8474331291 42612550
196 3 4 8475816565 42844063
197 3 1 8606605972 43933171
197 3 2 8605091756 43911821
197 3 3 8606841126 43948681
197 3 4 8602707697 43976052
198 3 1 8738306452 44932207
198 3 2 8734823275 44710704
198 3 3 8734278126 44721834
198 3 4 8739801458 45043810
199 3 1 8880412448 45259103
199 3 2 8877751993 45269674
199 3 3 8884089338 45225813
199 3 4 8880495639 45248903
200 3 1 8998068275 45426926
200 3 2 8998676874 45173041
200 3 3 9001905659 45386615
200 3 4 8994538997 45398025
201 3 1 9141302559 46455473
201 3 2 9139359747 46141578
201 3 3 9140075148 46429103
201 3 4 9138175017 46542355
202 3 1 9270163742 47521991
202 3 2 9265775869 47170465
202 3 3 9280593656 47198686
202 3 4 9271837450 47451150
203 3 1 9407817362 47731395
203 3 2 9404732211 47493830
203 3 3 9403825436 47752465
203 3 4 9405423283 47735325
204 3 1 9550082669 48847333
204 3 2 9545543934 48707660
204 3 3 9547608339 48887914
204 3 4 9547440766 48603918
205 3 1 9686559170 49072216
205 3 2 9683974526 48745070
205 3 3 9680234365 49172338
205 3 4 9682643996 49067016
206 3 1 9822720076 49169068
206 3 2 9823007570 49116747
206 3 3 9822995711 49256699
206 3 4 9820438198 49300050
207 3 1 9991476843 50799096
207 3 2 9972576529 50426029
207 3 3 9968206518 50526461
207 3 4 9967235461 50237386
208 3 1 10117524881 51408616
208 3 2 10109404305 51667370
208 3 3 10110610887 51821222
208 3 4 10110357301 51685540
209 3 1 10254507330 51686420
209 3 2 10250672258 51859723
209 3 3 10255526447 51950815
209 3 4 10251782334 51900134
210 3 1 10401515607 52793398
210 3 2 10398334754 52994902
210 3 3 10396714267 53202136
210 3 4 10399803018 52710846
211 3 1 10547379203 53439149
211 3 2 10544361383 53463830
211 3 3 10548883768 53497480
211 3 4 10548143755 53159144
212 3 1 10698028130 54689140
212 3 2 10692738711 54563827
212 3 3 10694227926 54620848
212 3 4 10689904295 54588398
213 3 1 10962165316 54931424
213 3 2 10960013730 55063536
213 3 3 10963446937 54712301
213 3 4 10960704380 54752791
214 3 1 11116185287 56163754
214 3 2 11119774346 56006522
214 3 3 11112202301 55940541
214 3 4 11113441721 56191265
215 3 1 11270460124 56479540
215 3 2 11272338486 56715224
215 3 3 11264839331 56461400
215 3 4 11267571326 56535440
216 3 1 11437180059 56829686
216 3 2 11426552081 56814326
216 3 3 11426924668 56875306
216 3 4 11424580159 56565031
217 3 1 11581049171 58076756
217 3 2 11574044865 58031735
217 3 3 11576053159 58140048
217 3 4 11572359237 58199769
218 3 1 11738816557 58482603
218 3 2 11738804707 58468173
218 3 3 11733443977 58459962
218 3 4 11735055745 58513973
219 3 1 11897109112 59767705
219 3 2 11888046420 59745914
219 3 3 11893456450 59828186
219 3 4 11895282770 59743504
220 3 1 12062366181 60031669
220 3 2 12061497366 59890536
220 3 3 12057599201 60191472
220 3 4 12062460492 60220611
221 3 1 12215229284 61631995
221 3 2 12217749526 61579784
221 3 3 12224423928 61163657
221 3 4 12214155467 61603916
222 3 1 12383655426 62810996
222 3 2 12373682310 62500200
222 3 3 12372727074 62425949
222 3 4 12377238799 62678852
223 3 1 12544743266 62349068
223 3 2 12542194843 62330998
223 3 3 12537827500 62422619
223 3 4 12540887041 62190445
224 3 1 12716173239 63439496
224 3 2 12705928598 63420245
224 3 3 12706457037 63376685
224 3 4 12710843928 63704330
225 3 1 12882994404 64278850
225 3 2 12874903340 64144178
225 3 3 12882094149 63998875
225 3 4 12878279936 64152067
226 3 1 13064286372 65610052
226 3 2 13061602506 65458280
226 3 3 13079407792 65462270
226 3 4 13065244747 65521901
227 3 1 13221761060 66055659
227 3 2 13212423436 65681833
227 3 3 13214887716 65784355
227 3 4 13219952811 65778635
228 3 1 13389192907 67175878
228 3 2 13391547926 67067666
228 3 3 13390496428 67405632
228 3 4 13378019951 67087996
229 3 1 13571159364 68182324
229 3 2 13566976813 68059962
229 3 3 13568628192 67817179
229 3 4 13568224726 67924261
230 3 1 13745349312 69050909
230 3 2 13737481612 69339774
230 3 3 13738001471 69382144
230 3 4 13733850101 69107680
231 3 1 13922609622 70315050
231 3 2 13920401876 70303370
231 3 3 13922737134 70281510
231 3 4 13911862994 70266128
232 3 1 14106472452 70195618
232 3 2 14111088457 70385061
232 3 3 14108628417 70396881
232 3 4 14107636961 70671815
233 3 1 14301260222 71905206
233 3 2 14292508057 71596681
233 3 3 14292595308 72116130
233 3 4 14291330898 71563410
234 3 1 14456598407 72429415
234 3 2 14454703425 72195351
234 3 3 14456155100 72436245
234 3 4 14452008731 72530647
235 3 1 14642555261 73640955
235 3 2 14639619192 73580664
235 3 3 14642769884 73675605
235 3 4 14638598806 73596175
236 3 1 14826780976 74229025
236 3 2 14832177646 74238485
236 3 3 14821173413 74532880
236 3 4 14817211257 74524340
237 3 1 15012501077 75168030
237 3 2 15006792741 75100649
237 3 3 15013898414 74889826
237 3 4 15004797478 75141001
238 3 1 15204919408 76764097
238 3 2 15191642428 76646304
238 3 3 15197023867 76784938
238 3 4 15201445939 76663555
239 3 1 15389538020 76338130
239 3 2 15389359917 76016305
239 3 3 15385137917 76389591
239 3 4 15385031895 76375041
240 3 1 15601079590 77786864
240 3 2 15598783982 77538349
240 3 3 15596906961 78029709
240 3 4 15598488997 78067388
241 3 1 15781235997 78679049
241 3 2 15787344368 78730200
241 3 3 15783502604 78775571
241 3 4 15771955143 78514076
242 3 1 15979837432 80053043
242 3 2 15973590317 80265866
242 3 3 15979136519 80204164
242 3 4 15980293689 80050861
243 3 1 16169087561 80636662
243 3 2 16165309597 80837975
243 3 3 16157814143 80581711
243 3 4 16156296348 80640602
244 3 1 16357677768 81525486
244 3 2 16361534742 81606428
244 3 3 16360671918 81557917
244 3 4 16361832028 81631598
245 3 1 16565780741 83089952
245 3 2 16552953237 83229805
245 3 3 16552005691 83043042
245 3 4 16559885902 83249396
246 3 1 16767872673 83879215
246 3 2 16757751535 84028498
246 3 3 16762611066 84130281
246 3 4 16754600343 83820684
247 3 1 16965958249 84746950
247 3 2 16958457224 84768290
247 3 3 16988045836 84813791
247 3 4 16962549862 84352273
248 3 1 17176125647 86501830
248 3 2 17172218992 86504229
248 3 3 17170900368 86792823
248 3 4 17172146239 86601221
249 3 1 17489465840 86719593
249 3 2 17478270344 87107889
249 3 3 17478980885 87133810
249 3 4 17477960538 86847734
250 3 1 17582354725 88809287
250 3 2 17573328295 88730966
250 3 3 17575860417 88865779
250 3 4 17570556529 88719696
251 3 1 17802250284 88502212
251 3 2 17789452091 88691526
251 3 3 17793683850 88657715
251 3 4 17792361749 88885648
252 3 1 18000225778 90310593
252 3 2 17992067822 90392103
252 3 3 17992870246 90411735
252 3 4 17991301279 90513746
253 3 1 18213161901 91864358
253 3 2 18212335307 91811217
253 3 3 18203684422 91737626
253 3 4 18207483096 91962970
254 3 1 18425416212 92144044
254 3 2 18424058570 92063502
254 3 3 18420302567 91850828
254 3 4 18427630750 91992960
255 3 1 18655135885 92771023
255 3 2 18643367527 92932017
255 3 3 18642805969 92607511
255 3 4 18644295964 92684072
256 3 1 18852752623 99535156
256 3 2 18855920275 99740759
256 3 3 18850484275 99607468
256 3 4 18847440334 99816221
257 3 1 19075843045 95160663
257 3 2 19072838725 95518879
257 3 3 19073690959 95332117
257 3 4 19073175330 95470878
258 3 1 19301252766 96640388
258 3 2 19297703076 97130437
258 3 3 19295517348 97024364
258 3 4 19295044672 96922502
259 3 1 19521490200 97959450
259 3 2 19512275675 98359626
259 3 3 19511670396 97855959
259 3 4 19511884439 98047971
260 3 1 19749201768 99200451
260 3 2 19739682871 99207731
260 3 3 19741710144 99163499
260 3 4 19735571222 98851565
261 3 1 20078626090 99815821
261 3 2 20067967262 99840602
261 3 3 20069033049 100189638
261 3 4 20064099687 99887073
262 3 1 20198235839 101617251
262 3 2 20192301151 101362466
262 3 3 20193939699 101650632
262 3 4 20191033379 101576950
263 3 1 20426955055 102943834
263 3 2 20419471880 102946392
263 3 3 20420412667 102609318
263 3 4 20416597563 102925743
264 3 1 20677938251 102806040
264 3 2 20669127195 102676499
264 3 3 20670470038 102694219
264 3 4 20670197503 102780420
265 3 1 20895168196 104659131
265 3 2 20885168558 104870594
265 3 3 20888013296 104807314
265 3 4 20888617947 104722923
266 3 1 21209373474 106720156
266 3 2 21200847991 106461661
266 3 3 21204996451 106492582
266 3 4 21197684139 106516722
267 3 1 21368369549 106672575
267 3 2 21358936901 106863487
267 3 3 21359093895 106890738
267 3 4 21355406323 106983540
268 3 1 21844005663 107727232
268 3 2 21835410150 107822274
268 3 3 21833595169 107671211
268 3 4 21832458441 107784483
269 3 1 22097844856 109778396
269 3 2 22080123722 109677165
269 3 3 22084270210 109802417
269 3 4 22082979329 109647154
270 3 1 22320230937 110563160
270 3 2 22314840455 110626250
270 3 3 22316654567 110613171
270 3 4 22318108721 110708421
271 3 1 22587804428 111821781
271 3 2 22587283009 111823641
271 3 3 22591137324 111873231
271 3 4 22583606489 111708019
272 3 1 22816353402 112771157
272 3 2 22808578812 113099002
272 3 3 22831397742 113163202
272 3 4 22808861416 112859538
273 3 1 23062405745 114071308
273 3 2 23052225306 113717632
273 3 3 23055585012 113970767
273 3 4 23050978055 114007157
274 3 1 23314366468 115744016
274 3 2 23307134807 115774237
274 3 3 23303262553 115865588
274 3 4 23300522067 116296885
275 3 1 23560684996 117035427
275 3 2 23552672862 117168020
275 3 3 23551461942 117213420
275 3 4 23551463242 117100439
276 3 1 23808367777 117149419
276 3 2 23803444486 117006437
276 3 3 23806725779 117070918
276 3 4 23802842744 117371693
277 3 1 24068927572 119234914
277 3 2 24065941882 119118782
277 3 3 24064701713 119398097
277 3 4 24062455533 119384856
278 3 1 24325154776 120203170
278 3 2 24326751002 120439455
278 3 3 24316777966 120636657
278 3 4 24314089812 120589297
279 3 1 24584102154 121930548
279 3 2 24584519650 121733736
279 3 3 24585676250 121849667
279 3 4 24591064950 121946908
280 3 1 24851123107 123667218
280 3 2 24837573527 123833480
280 3 3 24836060597 123734848
280 3 4 24838519257 123941292
281 3 1 25100616389 124648083
281 3 2 25093779344 124450570
281 3 3 25098474232 124208977
281 3 4 25097653789 123986064
282 3 1 25367367007 125399736
282 3 2 25357093176 125155832
282 3 3 25355777682 125453188
282 3 4 25358337507 125293124
283 3 1 25634768236 127075955
283 3 2 25626717172 126643728
283 3 3 25626873115 126692809
283 3 4 25627652148 126795130
284 3 1 25907022466 127802816
284 3 2 25893857086 128011021
284 3 3 25889749398 127900117
284 3 4 25889999872 127794026
285 3 1 26176158594 129013856
285 3 2 26169923079 129604976
285 3 3 26166824767 129321752
285 3 4 26163442143 129290132
286 3 1 26441889245 131794313
286 3 2 26433990494 131381846
286 3 3 26437234628 131558719
286 3 4 26443419301 131793253
287 3 1 26721608910 132502744
287 3 2 26704244350 132769430
287 3 3 26707328611 132360623
287 3 4 26712392596 132737118
288 3 1 26997878715 134180762
288 3 2 26979923067 134093541
288 3 3 26977870943 134127222
288 3 4 26984706327 133776505
289 3 1 27273564383 135245400
289 3 2 27265932886 135541875
289 3 3 27285334478 135591117
289 3 4 27260980783 135452024
290 3 1 27548100321 136933178
290 3 2 27532679864 137007180
290 3 3 27542790882 136696614
290 3 4 27538117234 136922638
291 3 1 27827247365 138211630
291 3 2 27821141324 138336241
291 3 3 27825747882 138155119
291 3 4 27826241409 138204729
292 3 1 28120900441 139951618
292 3 2 28106783037 139614502
292 3 3 28107759523 139389758
292 3 4 28110503918 139885368
293 3 1 28417907943 140826573
293 3 2 28406767698 140961845
293 3 3 28409141517 140866614
293 3 4 28407047432 141132798
294 3 1 28691510456 142235546
294 3 2 28680321069 142530851
294 3 3 28672066292 142469540
294 3 4 28683569723 142519942
295 3 1 28975975309 144855730
295 3 2 28951830077 144903201
295 3 3 28960889867 145097694
295 3 4 28966592974 144875691
296 3 1 29267622301 145334568
296 3 2 29252966417 145328789
296 3 3 29255805444 145364328
296 3 4 29253740860 145279447
297 3 1 29618490669 146450987
297 3 2 29610374544 146593680
297 3 3 29613389885 146896694
297 3 4 29616186641 146811572
298 3 1 29858642585 148260837
298 3 2 29847126193 147926862
298 3 3 29842050678 148671544
298 3 4 29832998098 148354269
299 3 1 30210516770 149726532
299 3 2 30199071169 149799602
299 3 3 30209831027 149573208
299 3 4 30204204775 149797213
300 3 1 30443272623 151355999
300 3 2 30434697079 151442700
300 3 3 30433630711 151084854
300 3 4 30436137843 151365858
301 3 1 30753075886 153228989
301 3 2 30740508788 153331611
301 3 3 30741000747 153311091
301 3 4 30743303803 153432973
302 3 1 31059280402 154533251
302 3 2 31038029539 154296457
302 3 3 31046649811 154336807
302 3 4 31034764934 154476310
303 3 1 31357867380 155926004
303 3 2 31349465510 156007445
303 3 3 31353175452 155800782
303 3 4 31351308491 155847224
304 3 1 31667323718 156480363
304 3 2 31652494992 156501234
304 3 3 31652865048 157092233
304 3 4 31651573676 156804429
305 3 1 31968286407 159136019
305 3 2 31957399405 158991446
305 3 3 31963134831 159151467
305 3 4 31968245005 158701661
306 3 1 32281183442 160788615
306 3 2 32273514045 160826736
306 3 3 32276334482 160609632
306 3 4 32270481894 160454969
307 3 1 32590198053 162521084
307 3 2 32580157797 162421872
307 3 3 32582931803 162167499
307 3 4 32586378280 162102407
308 3 1 32907108217 163891877
308 3 2 32900707241 163831326
308 3 3 32895255149 163908297
308 3 4 32899652023 163824987
309 3 1 33235025254 165372582
309 3 2 33216017516 165468363
309 3 3 33215918125 165632176
309 3 4 33215534028 165366902
310 3 1 33542704562 166623132
310 3 2 33535423232 166408059
310 3 3 33539618011 166342137
310 3 4 33537530756 166351118
311 3 1 33868330341 167992415
311 3 2 33855398215 168375091
311 3 3 33863476539 168020485
311 3 4 33853592345 168358811
312 3 1 34184764115 170384085
312 3 2 34182733081 170541978
312 3 3 34184689324 170210782
312 3 4 34170106430 170250273
313 3 1 34515672731 171784728
313 3 2 34502067034 171727897
313 3 3 34501669388 171706947
313 3 4 34505487091 171789898
314 3 1 34863367176 173612059
314 3 2 34852518906 173266973
314 3 3 34854197225 173545617
314 3 4 34848790594 173595529
315 3 1 35164335543 175286706
315 3 2 35155264783 175239546
315 3 3 35170004578 174978361
315 3 4 35167109430 175029032
316 3 1 35503080601 177116396
316 3 2 35495266348 177139538
316 3 3 35526029812 177094807
316 3 4 35522791857 176698880
317 3 1 35837381322 177507744
317 3 2 35835778355 177609774
317 3 3 35831727099 177695287
317 3 4 35830979955 178027612
318 3 1 36171283668 181237545
318 3 2 36169870675 180831808
318 3 3 36165593583 181344097
318 3 4 36151504139 180522804
319 3 1 36513440681 181420969
319 3 2 36507540724 181445229
319 3 3 36500592916 181492369
319 3 4 36505341486 181509131
320 3 1 36850169234 184043602
320 3 2 36838721493 184127353
320 3 3 36853260765 183992761
320 3 4 36837213707 184003281
321 3 1 37213576761 185348343
321 3 2 37204193684 185227861
321 3 3 37207830805 185150381
321 3 4 37209787537 185394715
322 3 1 37569964340 186133928
322 3 2 37553725510 186565644
322 3 3 37555674452 186210328
322 3 4 37559464156 186451072
323 3 1 37884330271 188904273
323 3 2 37870333478 189083496
323 3 3 37874080290 188771061
323 3 4 37882271637 188685050
324 3 1 38229659776 189699857
324 3 2 38213973484 190036972
324 3 3 38228374095 190102873
324 3 4 38223842379 190002501
325 3 1 38584143314 192318519
325 3 2 38571175959 191993115
325 3 3 38574181758 191641568
325 3 4 38565227409 191848861
326 3 1 38930773312 194224652
326 3 2 38915124471 193725623
326 3 3 38953671333 194006717
326 3 4 38926846747 193817655
327 3 1 39295761555 195038355
327 3 2 39278204221 195285600
327 3 3 39281149022 195029165
327 3 4 39286335188 194703479
328 3 1 39647108931 197097560
328 3 2 39631155515 196958377
328 3 3 39632546637 197236512
328 3 4 39627718768 197227511
329 3 1 40030289077 199097172
329 3 2 40013009299 199145323
329 3 3 40000010202 198751887
329 3 4 40008331181 198894140
330 3 1 40373999106 201268319
330 3 2 40348087524 200954413
330 3 3 40366315227 201223808
330 3 4 40358945555 200772341
331 3 1 40747014262 202944126
331 3 2 40731225879 202961997
331 3 3 40733583838 202937277
331 3 4 40736218891 203269573
332 3 1 41096762302 205465819
332 3 2 41086990979 205477109
332 3 3 41086785425 205091172
332 3 4 41081773782 205542330
333 3 1 41481014945 206251842
333 3 2 41466965629 206581417
333 3 3 41463929271 205827595
333 3 4 41466146067 206185501
334 3 1 41829795447 208613301
334 3 2 41817697357 208589360
334 3 3 41820806558 208226545
334 3 4 41810808682 208370047
335 3 1 42225816477 210554993
335 3 2 42214160093 210197878
335 3 3 42207444081 210739587
335 3 4 42205919766 210125367
336 3 1 42582021062 211618321
336 3 2 42578651508 212053059
336 3 3 42576619564 211668312
336 3 4 42572794790 211525780
337 3 1 42955162973 214586920
337 3 2 42949867194 214629150
337 3 3 42992029044 214320066
337 3 4 42946912895 214213134
338 3 1 43827058649 215103819
338 3 2 43811761914 215271711
338 3 3 43817894027 215318243
338 3 4 43810139408 215224691
339 3 1 44205251300 217439388
339 3 2 44185933990 217585650
339 3 3 44191147516 217472839
339 3 4 44184591768 217541919
340 3 1 44589379073 219610615
340 3 2 44580005485 219554823
340 3 3 44569280859 220036262
340 3 4 44571579577 219477362
341 3 1 44976192800 221772031
341 3 2 44952825720 221775570
341 3 3 44953393250 221611458
341 3 4 44953522102 221889342
342 3 1 45356789292 223598191
342 3 2 45334369079 223643621
342 3 3 45340640183 224191640
342 3 4 45344936215 223563839
343 3 1 45746736840 226182363
343 3 2 45734835111 225688845
343 3 3 45752782391 226312146
343 3 4 45734089670 226511869
344 3 1 46154811130 228055475
344 3 2 46138127350 227519796
344 3 3 46147683840 228291158
344 3 4 46143149705 228052954
345 3 1 46538339171 229481489
345 3 2 46524519551 229685591
345 3 3 46553052626 229399827
345 3 4 46526895041 229775623
346 3 1 46943795237 231559153
346 3 2 46923332367 231089745
346 3 3 46955216597 231587633
346 3 4 46918283862 231618083
347 3 1 47344699178 233809461
347 3 2 47324704795 233834270
347 3 3 47322359166 233897492
347 3 4 47323615297 233915441
348 3 1 47754693638 236260321
348 3 2 47729458679 236157839
348 3 3 47720178395 236265351
348 3 4 47728607006 236126878
349 3 1 48153267261 237904679
349 3 2 48129444145 237784577
349 3 3 48137366947 238162834
349 3 4 48129455295 237782647
350 3 1 48552278160 240000604
350 3 2 48523416591 239558485
350 3 3 48532360158 239595987
350 3 4 48530484817 239039798
351 3 1 48957483002 241549400
351 3 2 48954203608 242326602
351 3 3 48948599974 241403316
351 3 4 48944063098 241856355
352 3 1 49367182870 244189953
352 3 2 49355908031 244578070
352 3 3 49353675974 244647591
352 3 4 49349755368 244434347
353 3 1 49792565436 245521745
353 3 2 49774149961 245786730
353 3 3 49775041566 245518555
353 3 4 49779069003 245951863
354 3 1 50205400116 249130175
354 3 2 50202709301 248749299
354 3 3 50214366465 249125794
354 3 4 50188345432 248447153
355 3 1 50633751373 250769973
355 3 2 50612611153 249849997
355 3 3 50606503770 250189683
355 3 4 50598253022 250271445
356 3 1 51051189148 252215057
356 3 2 51029838273 251818119
356 3 3 51038704172 251881131
356 3 4 51028600332 252175576
357 3 1 51484146603 255105374
357 3 2 51463078852 255037973
357 3 3 51484250364 255499650
357 3 4 51466492188 255081733
358 3 1 51900780675 256579779
358 3 2 51880451855 257077698
358 3 3 51870475301 256642980
358 3 4 51874488686 257032846
359 3 1 52320786063 259234903
359 3 2 52304651885 258995739
359 3 3 52305517999 259039129
359 3 4 52300358432 259124351
360 3 1 52745690701 260927762
360 3 2 52741760707 260672478
360 3 3 52731295683 260898971
360 3 4 52723391601 260998512
361 3 1 53188197613 263512525
361 3 2 53164372859 263469653
361 3 3 53165971045 263328871
361 3 4 53156898565 263065427
362 3 1 53610540712 265023470
362 3 2 53596807235 265334905
362 3 3 53633070477 264819867
362 3 4 53603217921 264768935
363 3 1 54056712906 267454060
363 3 2 54034814708 267494711
363 3 3 54087873023 267621843
363 3 4 54076550765 267380528
364 3 1 54500336757 269624316
364 3 2 54494511999 269654257
364 3 3 54497561049 269603536
364 3 4 54487222359 269200869
365 3 1 54957012736 272632526
365 3 2 54939965752 272379042
365 3 3 54931830157 272283170
365 3 4 54929445647 272415492
366 3 1 55385749188 273698164
366 3 2 55362763047 273787066
366 3 3 55367398233 273595822
366 3 4 55364461595 273718184
367 3 1 55864472345 276224135
367 3 2 55859390499 276475850
367 3 3 55860258694 276612353
367 3 4 55853005531 276518080
368 3 1 56287168317 278260610
368 3 2 56270962918 278448133
368 3 3 56269775508 278642926
368 3 4 56257571933 278571705
369 3 1 56750999755 281419633
369 3 2 56748271170 281496483
369 3 3 56738204952 281136208
369 3 4 56731285747 281069386
370 3 1 57192273867 283349115
370 3 2 57174166167 283166041
370 3 3 57171025933 282773785
370 3 4 57180272777 282867196
371 3 1 57653884197 284925210
371 3 2 57627083292 285130394
371 3 3 57635480252 285441930
371 3 4 57631615558 284947170
372 3 1 58108268128 288565141
372 3 2 58091940116 287928191
372 3 3 58098416175 287879660
372 3 4 58087495222 287968521
373 3 1 58570084453 290401872
373 3 2 58546901726 290277020
373 3 3 58545637805 289495936
373 3 4 58549595051 289880143
374 3 1 59077715777 292700951
374 3 2 59073560519 293194478
374 3 3 59057042894 292356054
374 3 4 59053498566 292485657
375 3 1 59511795349 294517320
375 3 2 59497679355 295009298
375 3 3 59503351199 295149510
375 3 4 59551128995 294837776
376 3 1 59977615731 298105870
376 3 2 59953107843 298517287
376 3 3 59951864383 298266003
376 3 4 59950282937 298170442
377 3 1 60470050963 298406715
377 3 2 60441228345 298296873
377 3 3 60441715322 298570168
377 3 4 60447367397 298811102
378 3 1 60935004471 301733180
378 3 2 60914163193 301569187
378 3 3 60918034189 301088440
378 3 4 60915180051 301414925
379 3 1 61381153043 304012778
379 3 2 61347422213 304550937
379 3 3 61364136181 303845536
379 3 4 61361785213 303952397
380 3 1 61889679265 305668956
380 3 2 61871094566 305363841
380 3 3 61855895494 305477962
380 3 4 61862942622 305697106
381 3 1 62363474578 308899780
381 3 2 62328830992 309575510
381 3 3 62329502153 308602484
381 3 4 62318272916 308601365
382 3 1 62840697049 310867743
382 3 2 62801057160 311214189
382 3 3 62809239865 311167697
382 3 4 62815882525 311000575
383 3 1 63338892708 313592618
383 3 2 63315352506 313510636
383 3 3 63311077205 313477915
383 3 4 63298942061 313369244
384 3 1 63816461253 315966277
384 3 2 63792327343 316065788
384 3 3 63796472241 316366074
384 3 4 63790809189 316106300
385 3 1 64300885384 320608445
385 3 2 64285122232 320119616
385 3 3 64310083277 319892382
385 3 4 64295777109 319622218
386 3 1 64797196722 322192632
386 3 2 64767476058 322370804
386 3 3 64768148930 322447535
386 3 4 64780017366 322340733
387 3 1 65313162387 323267699
387 3 2 65284915966 323513473
387 3 3 65287356187 323110316
387 3 4 65289654086 323306290
388 3 1 66004809535 325893382
388 3 2 65977122374 325996764
388 3 3 66019455529 326150847
388 3 4 65972837003 325723480
389 3 1 66309864930 329147527
389 3 2 66281793035 329645226
389 3 3 66280173717 329191468
389 3 4 66295757966 329228218
390 3 1 66806775459 331838721
390 3 2 66788774729 331396143
390 3 3 66789046924 331198081
390 3 4 66786028524 331083379
391 3 1 67323540566 333156952
391 3 2 67296778961 333183523
391 3 3 67321829818 333120123
391 3 4 67292902623 333221494
392 3 1 67833971590 336850175
392 3 2 67800117736 337102029
392 3 3 67819619601 336936006
392 3 4 67800026923 336480448
393 3 1 68348393609 339140493
393 3 2 68309073986 338806167
393 3 3 68330517403 338316109
393 3 4 68321722056 339009260
394 3 1 68857285596 341272498
394 3 2 68832582415 341559563
394 3 3 68831029818 341534673
394 3 4 68827575842 341492822
395 3 1 69389991619 343870202
395 3 2 69340255922 343927212
395 3 3 69366155852 344036985
395 3 4 69351925936 344032014
396 3 1 69909726518 345880014
396 3 2 69888870480 346499485
396 3 3 69895362878 346744450
396 3 4 69894321361 346045888
397 3 1 70430762677 348935716
397 3 2 70404050953 349021947
397 3 3 70413869965 348751883
397 3 4 70391625765 348792073
398 3 1 70948042553 351487638
398 3 2 70936181207 351757923
398 3 3 70930534662 351457469
398 3 4 70932514504 352255631
399 3 1 71659529541 354844424
399 3 2 71638635854 354250274
399 3 3 71636748003 354858495
399 3 4 71626540422 354291186
400 3 1 71997137069 356742466
400 3 2 71979667308 356738456
400 3 3 72001672472 357224214
400 3 4 71978854464 357186453
