1 2 1 24078856 70711
1 2 2 16920 8420
1 2 3 11390 6640
1 2 4 10620 5880
2 2 1 23630 8211
2 2 2 19010 7111
2 2 3 17540 7191
2 2 4 17480 6170
3 2 1 39351 7090
3 2 2 28121 6310
3 2 3 27801 6360
3 2 4 27200 6361
4 2 1 42581 6750
4 2 2 41131 6321
4 2 3 40321 6150
4 2 4 40241 6280
5 2 1 66681 7250
5 2 2 61841 7161
5 2 3 58331 6410
5 2 4 58261 6280
6 2 1 89412 7580
6 2 2 85032 6870
6 2 3 80252 6530
6 2 4 78171 6640
7 2 1 102592 6970
7 2 2 107762 6880
7 2 3 103902 6480
7 2 4 102652 6490
8 2 1 144173 7590
8 2 2 134873 6790
8 2 3 133222 6710
8 2 4 131903 6650
9 2 1 166314 7440
9 2 2 167094 6970
9 2 3 164764 6780
9 2 4 165433 6910
10 2 1 207294 7940
10 2 2 200144 7030
10 2 3 196874 7010
10 2 4 198254 7040
11 2 1 254355 8101
11 2 2 284566 9290
11 2 3 241304 7410
11 2 4 243215 7240
12 2 1 284855 8220
12 2 2 282946 7740
12 2 3 282995 7601
12 2 4 282786 7410
13 2 1 342237 8341
13 2 2 328006 7780
13 2 3 328987 7900
13 2 4 328247 7730
14 2 1 401758 9020
14 2 2 381178 8021
14 2 3 382577 7960
14 2 4 380068 8000
15 2 1 469049 9371
15 2 2 445249 8370
15 2 3 446529 8010
15 2 4 443329 8210
16 2 1 507900 9380
16 2 2 534480 9690
16 2 3 505140 8751
16 2 4 497890 8340
17 2 1 565971 9491
17 2 2 560761 8910
17 2 3 559591 8710
17 2 4 562021 8840
18 2 1 645493 10880
18 2 2 616573 9150
18 2 3 615933 9240
18 2 4 621992 8950
19 2 1 700394 10430
19 2 2 696324 24470
19 2 3 716094 9771
19 2 4 691494 9430
20 2 1 777075 10751
20 2 2 758315 9741
20 2 3 764835 9801
20 2 4 750385 9150
21 2 1 803736 10040
21 2 2 758745 8830
21 2 3 761096 8920
21 2 4 763976 8950
22 2 1 869478 12790
22 2 2 603632 4440
22 2 3 382218 4440
22 2 4 379488 4370
23 2 1 416359 4920
23 2 2 416158 4560
23 2 3 412728 4500
23 2 4 419219 4680
24 2 1 453369 5140
24 2 2 445809 4810
24 2 3 445449 4680
24 2 4 447159 4640
25 2 1 487940 5240
25 2 2 490240 4830
25 2 3 485310 4950
25 2 4 485499 4890
26 2 1 530410 5590
26 2 2 518520 5130
26 2 3 520530 5070
26 2 4 521371 5160
27 2 1 566052 5740
27 2 2 564591 5291
27 2 3 561741 5210
27 2 4 566532 5510
28 2 1 605262 5931
28 2 2 598722 5480
28 2 3 599982 5380
28 2 4 597972 5401
29 2 1 669753 6410
29 2 2 673943 6911
29 2 3 661653 6640
29 2 4 661343 6520
30 2 1 735564 7080
30 2 2 748235 6770
30 2 3 720215 6540
30 2 4 733275 6850
31 2 1 768135 6990
31 2 2 768975 6840
31 2 3 767525 6750
31 2 4 771715 6751
32 2 1 825516 7271
32 2 2 816236 7010
32 2 3 812826 7030
32 2 4 814187 7110
33 2 1 875628 7580
33 2 2 868538 7210
33 2 3 866297 7190
33 2 4 860837 7210
34 2 1 913048 7600
34 2 2 918089 7730
34 2 3 909148 7500
34 2 4 912618 7451
35 2 1 965339 7890
35 2 2 977599 7951
35 2 3 959639 7671
35 2 4 959689 7740
36 2 1 1021480 8280
36 2 2 1025101 8350
36 2 3 1018330 8030
36 2 4 1016230 8061
37 2 1 1075281 8390
37 2 2 1080611 8480
37 2 3 1068301 8240
37 2 4 1066981 8181
38 2 1 1152533 8910
38 2 2 1123343 8571
38 2 3 1121952 8540
38 2 4 1125723 8530
39 2 1 1204405 9130
39 2 2 1184774 8830
39 2 3 1179704 8690
39 2 4 1185384 8971
40 2 1 1257785 9320
40 2 2 1256675 9040
40 2 3 1266846 9280
40 2 4 1258145 9041
41 2 1 1391248 9970
41 2 2 1435719 9991
41 2 3 1398158 9651
41 2 4 1398808 9650
42 2 1 1475349 10220
42 2 2 1463469 9911
42 2 3 1453789 9880
42 2 4 1481550 10110
43 2 1 1525140 10330
43 2 2 1531271 10270
43 2 3 1520911 10260
43 2 4 1517241 10270
44 2 1 1582212 10311
44 2 2 1607503 10300
44 2 3 1614282 10540
44 2 4 1613802 10340
45 2 1 1682084 11130
45 2 2 1694274 10700
45 2 3 1675253 10591
45 2 4 1679984 10981
46 2 1 1752256 11110
46 2 2 1749195 11210
46 2 3 1744815 10870
46 2 4 1753516 11230
47 2 1 1811686 11541
47 2 2 1820537 11510
47 2 3 1815656 11251
47 2 4 1807886 11300
48 2 1 1900458 11891
48 2 2 1888249 11710
48 2 3 1898618 11920
48 2 4 1889948 11540
49 2 1 1975779 12320
49 2 2 1962189 11950
49 2 3 1963979 12230
49 2 4 1961230 11980
50 2 1 2050741 12710
50 2 2 2040111 12410
50 2 3 2030201 12330
50 2 4 2048721 12570
51 2 1 2119633 12850
51 2 2 2130543 12840
51 2 3 2119533 12690
51 2 4 2121883 12840
52 2 1 2196714 13380
52 2 2 2208904 13281
52 2 3 2184924 13061
52 2 4 2196684 13131
53 2 1 2278455 13661
53 2 2 2278207 13460
53 2 3 2273986 13630
53 2 4 2270145 13410
54 2 1 2362627 14200
54 2 2 2363417 14000
54 2 3 2347277 13730
54 2 4 2359727 13940
55 2 1 2436099 14441
55 2 2 2444539 14450
55 2 3 2447679 14280
55 2 4 2439729 14170
56 2 1 2548851 14950
56 2 2 2547751 14740
56 2 3 2534240 14510
56 2 4 2554781 14760
57 2 1 2639713 15271
57 2 2 2628793 14931
57 2 3 2643664 15160
57 2 4 2649954 15140
58 2 1 2900098 16231
58 2 2 2826987 15220
58 2 3 2874968 15550
58 2 4 2886318 15481
59 2 1 2955420 15860
59 2 2 2963190 15940
59 2 3 2977700 16251
59 2 4 2966349 16021
60 2 1 3050002 16390
60 2 2 3053781 16450
60 2 3 3053891 16361
60 2 4 3054811 16441
61 2 1 3128662 16840
61 2 2 3144534 16880
61 2 3 3141444 16720
61 2 4 3133953 16710
62 2 1 3219814 17361
62 2 2 3228114 17160
62 2 3 3221365 17120
62 2 4 3242775 17611
63 2 1 3324896 17810
63 2 2 3340557 17670
63 2 3 3325847 17721
63 2 4 3326737 17630
64 2 1 3423189 18290
64 2 2 3414658 18051
64 2 3 3422499 18191
64 2 4 3422068 18340
65 2 1 3539281 18941
65 2 2 3525550 18960
65 2 3 3527651 18761
65 2 4 3565782 18590
66 2 1 3650233 19270
66 2 2 3630972 19030
66 2 3 3628564 19060
66 2 4 3623613 18850
67 2 1 3723834 19720
67 2 2 3732375 19570
67 2 3 3729945 19361
67 2 4 3734665 19590
68 2 1 3826606 20120
68 2 2 3827947 19970
68 2 3 3828858 19941
68 2 4 3829587 19960
69 2 1 3938789 20630
69 2 2 3937889 20481
69 2 3 3940850 20400
69 2 4 3944310 20460
70 2 1 4058932 21160
70 2 2 4036720 20880
70 2 3 4044442 20861
70 2 4 4038171 20931
71 2 1 4151943 21541
71 2 2 4153743 21421
71 2 3 4164434 21500
71 2 4 4149813 21600
72 2 1 4277276 22161
72 2 2 4258646 21871
72 2 3 4258225 22010
72 2 4 4268226 21790
73 2 1 4368818 22590
73 2 2 4381448 22440
73 2 3 4375437 22381
73 2 4 4377508 22431
74 2 1 4486001 23091
74 2 2 4488930 22921
74 2 3 4479519 22860
74 2 4 4479751 23040
75 2 1 4593812 23721
75 2 2 4608262 23630
75 2 3 4592973 23500
75 2 4 4601673 23530
76 2 1 4722304 23950
76 2 2 4715365 23981
76 2 3 4708655 23961
76 2 4 4719365 23930
77 2 1 4834977 24800
77 2 2 4835087 24741
77 2 3 4847758 24730
77 2 4 4872977 24830
78 2 1 4951591 25220
78 2 2 4939119 25300
78 2 3 4941899 25060
78 2 4 4945390 25110
79 2 1 5075882 25790
79 2 2 5053001 25511
79 2 3 5065032 26130
79 2 4 5091932 25940
80 2 1 5243045 26520
80 2 2 5232886 26290
80 2 3 5241505 26321
80 2 4 5239305 26451
81 2 1 5362978 27031
81 2 2 5360138 26860
81 2 3 5345527 26961
81 2 4 5372079 26961
82 2 1 5881488 27951
82 2 2 5471160 27040
82 2 3 5618193 27361
82 2 4 5608402 27631
83 2 1 5761276 28190
83 2 2 5736605 27951
83 2 3 5756565 27980
83 2 4 5742066 28091
84 2 1 5883198 28880
84 2 2 5876469 28571
84 2 3 5873467 28670
84 2 4 5867198 28611
85 2 1 6014371 29441
85 2 2 6003820 29231
85 2 3 6015071 29301
85 2 4 6000670 29270
86 2 1 6141363 30040
86 2 2 6131764 29731
86 2 3 6122682 29760
86 2 4 6134223 29870
87 2 1 6268317 30461
87 2 2 6267665 30460
87 2 3 6258776 37500
87 2 4 6256036 30491
88 2 1 6402509 31221
88 2 2 6397578 30991
88 2 3 6387058 31130
88 2 4 6398699 31141
89 2 1 6541621 31741
89 2 2 6529731 31690
89 2 3 6519601 31631
89 2 4 6518201 31690
90 2 1 6661944 32301
90 2 2 6669224 32561
90 2 3 6654454 32331
90 2 4 6654513 32181
91 2 1 6785557 33011
91 2 2 6815077 32971
91 2 3 6798357 32921
91 2 4 6797346 32741
92 2 1 6946030 33521
92 2 2 6934229 33451
92 2 3 6911539 33460
92 2 4 6933309 33370
93 2 1 7080393 34121
93 2 2 7089892 34050
93 2 3 7081922 34160
93 2 4 7062183 33931
94 2 1 7226305 34851
94 2 2 7237216 34731
94 2 3 7228055 34581
94 2 4 7227225 34580
95 2 1 7370758 35860
95 2 2 7382269 35301
95 2 3 7368878 35331
95 2 4 7384369 35411
96 2 1 7525751 36511
96 2 2 7525672 36411
96 2 3 7525381 36221
96 2 4 7512461 36460
97 2 1 7671583 36690
97 2 2 7660714 36871
97 2 3 7668464 36661
97 2 4 7669435 36801
98 2 1 7823007 37411
98 2 2 7815827 37150
98 2 3 7800366 37261
98 2 4 7810797 37240
99 2 1 7965290 38401
99 2 2 7961870 38221
99 2 3 7963030 38000
99 2 4 7957730 38140
100 2 1 8129863 38821
100 2 2 8105993 38790
100 2 3 8129083 38731
100 2 4 8124273 38991
101 2 1 8261246 39581
101 2 2 8275466 39540
101 2 3 8300057 39731
101 2 4 8282356 39410
102 2 1 8432169 40421
102 2 2 8436479 40100
102 2 3 8425119 40011
102 2 4 8412369 40341
103 2 1 8558382 41001
103 2 2 8589543 40900
103 2 3 8587052 40911
103 2 4 8568993 40761
104 2 1 8741145 41780
104 2 2 8745466 47211
104 2 3 8726556 41591
104 2 4 8767305 41620
105 2 1 8912179 42540
105 2 2 8893218 46631
105 2 3 8900300 42221
105 2 4 8898429 42661
106 2 1 9053882 43380
106 2 2 9062912 42930
106 2 3 9070741 43041
106 2 4 9059782 43001
107 2 1 9221575 43891
107 2 2 9227576 43671
107 2 3 9213185 43811
107 2 4 9226035 43951
108 2 1 9367339 44681
108 2 2 9381418 44611
108 2 3 9404149 44571
108 2 4 9384048 44630
109 2 1 9550681 45451
109 2 2 9543502 45310
109 2 3 9550101 45441
109 2 4 9573002 45461
110 2 1 9712606 46141
110 2 2 9738935 46201
110 2 3 9713005 45941
110 2 4 9719895 46000
111 2 1 9908029 46901
111 2 2 9918379 46741
111 2 3 9903998 46741
111 2 4 9891039 46770
112 2 1 10167144 47771
112 2 2 10154044 47571
112 2 3 10131454 47621
112 2 4 10150113 47591
113 2 1 10312158 48541
113 2 2 10335118 48241
113 2 3 10296286 48361
113 2 4 10333998 48521
114 2 1 10473101 49351
114 2 2 10482750 49251
114 2 3 10506792 49291
114 2 4 10494601 49181
115 2 1 11444079 50461
115 2 2 10616403 49721
115 2 3 10921030 50001
115 2 4 10926709 49891
116 2 1 11102383 51161
116 2 2 11104074 50871
116 2 3 11082132 50811
116 2 4 11115762 50801
117 2 1 11257046 51601
117 2 2 11259666 51461
117 2 3 11282776 51581
117 2 4 11288587 51621
118 2 1 11441490 52441
118 2 2 11476230 52331
118 2 3 11457770 52161
118 2 4 11467290 52371
119 2 1 11615354 53331
119 2 2 11644483 53321
119 2 3 11624153 53141
119 2 4 11657875 53081
120 2 1 11838198 54131
120 2 2 11825517 53941
120 2 3 11869559 54331
120 2 4 11832088 54111
121 2 1 12005621 54971
121 2 2 12003721 54941
121 2 3 12016872 54891
121 2 4 12044912 55011
122 2 1 12177994 56071
122 2 2 12195284 55611
122 2 3 12168764 55591
122 2 4 12189665 55881
123 2 1 12367358 56901
123 2 2 12369758 56891
123 2 3 12409988 56611
123 2 4 12381258 56691
124 2 1 12568153 57751
124 2 2 12570262 57761
124 2 3 12544371 57581
124 2 4 12608173 57941
125 2 1 12751686 58861
125 2 2 12751736 58342
125 2 3 12779917 58291
125 2 4 12764115 58281
126 2 1 12956850 59241
126 2 2 12919520 59701
126 2 3 12975521 66182
126 2 4 12958071 59112
127 2 1 13130904 60481
127 2 2 13150693 60111
127 2 3 13169425 59921
127 2 4 13122914 60281
128 2 1 13324628 61591
128 2 2 13346878 62281
128 2 3 13364757 61341
128 2 4 13333268 61651
129 2 1 13543502 62232
129 2 2 13566282 62091
129 2 3 13531512 61831
129 2 4 13554862 61982
130 2 1 13743986 62861
130 2 2 13741077 62911
130 2 3 13733476 62661
130 2 4 13754436 62621
131 2 1 13963540 63881
131 2 2 13978881 63831
131 2 3 13945030 63591
131 2 4 13935560 63682
132 2 1 14099873 64531
132 2 2 14136764 64602
132 2 3 14173294 64511
132 2 4 14127643 64741
133 2 1 14317918 65752
133 2 2 14389749 65431
133 2 3 14350709 65482
133 2 4 14316527 65421
134 2 1 14526942 66431
134 2 2 14561852 66441
134 2 3 14538512 66502
134 2 4 14581352 66571
135 2 1 14762336 67652
135 2 2 14740266 67602
135 2 3 14754756 67501
135 2 4 14760836 67471
136 2 1 14951581 68422
136 2 2 14955130 68181
136 2 3 14951920 68441
136 2 4 14976331 68141
137 2 1 15152104 69792
137 2 2 15184185 69282
137 2 3 15170225 69462
137 2 4 15157094 69411
138 2 1 15374179 70152
138 2 2 15367299 69912
138 2 3 15376919 70012
138 2 4 15377209 70282
139 2 1 15559102 71441
139 2 2 15591403 71261
139 2 3 15612474 71282
139 2 4 15592243 71661
140 2 1 15804547 72201
140 2 2 15787497 72041
140 2 3 15809597 72161
140 2 4 15771567 71992
141 2 1 15996771 73091
141 2 2 16024722 73172
141 2 3 16009071 72991
141 2 4 16012541 72961
142 2 1 16225245 74241
142 2 2 16260076 74141
142 2 3 16214236 74151
142 2 4 16248037 73972
143 2 1 16440580 75401
143 2 2 16428110 75081
143 2 3 16434690 74972
143 2 4 16432540 74931
144 2 1 16684055 76222
144 2 2 16668905 76212
144 2 3 16653124 76141
144 2 4 16677575 76122
145 2 1 16856048 77231
145 2 2 16897209 83021
145 2 3 16868268 77072
145 2 4 16882459 76902
146 2 1 17101453 78192
146 2 2 17111154 77951
146 2 3 17102303 77962
146 2 4 17100334 78262
147 2 1 17321948 79051
147 2 2 17318277 78801
147 2 3 17331148 78932
147 2 4 17330538 78901
148 2 1 17578143 80312
148 2 2 17556413 80481
148 2 3 17557383 80041
148 2 4 17585373 80152
149 2 1 17846199 81142
149 2 2 17778487 80831
149 2 3 17778077 81112
149 2 4 17798277 81042
150 2 1 18022301 82252
150 2 2 18060753 81972
150 2 3 18005582 82102
150 2 4 18018242 82201
151 2 1 18211726 83112
151 2 2 18226596 82981
151 2 3 18220216 82972
151 2 4 18197426 83062
152 2 1 18456650 84522
152 2 2 18486591 88501
152 2 3 18496651 84181
152 2 4 18474441 84032
153 2 1 18709876 85142
153 2 2 18750268 85312
153 2 3 18703695 85162
153 2 4 18717706 85392
154 2 1 18939070 86831
154 2 2 18934850 86101
154 2 3 18969301 86282
154 2 4 18921180 86362
155 2 1 19134904 87532
155 2 2 19165214 87012
155 2 3 19198056 87402
155 2 4 19156234 87192
156 2 1 19407130 88671
156 2 2 19417400 88302
156 2 3 19424300 88382
156 2 4 19446211 88411
157 2 1 19619184 89681
157 2 2 19619934 89492
157 2 3 19664605 89422
157 2 4 19650424 89202
158 2 1 19884700 90662
158 2 2 19923900 90502
158 2 3 19879669 90582
158 2 4 19942550 90332
159 2 1 20347989 91841
159 2 2 20294638 91782
159 2 3 20236436 91731
159 2 4 20291047 91722
160 2 1 20521802 93722
160 2 2 20587183 93992
160 2 3 20550513 94282
160 2 4 20569073 93712
161 2 1 20826688 93951
161 2 2 20825598 93892
161 2 3 20745466 93912
161 2 4 20798098 93932
162 2 1 21051673 95242
162 2 2 21062713 95072
162 2 3 21081223 95272
162 2 4 21104983 95022
163 2 1 22719766 97022
163 2 2 21221926 95732
163 2 3 21831718 96462
163 2 4 21876019 96292
164 2 1 22077454 97612
164 2 2 22164295 97412
164 2 3 22086254 97292
164 2 4 22115264 97512
165 2 1 22349938 98952
165 2 2 22377100 98552
165 2 3 22312738 98612
165 2 4 22424470 99032
166 2 1 22567323 99852
166 2 2 22613454 99742
166 2 3 22554543 99772
166 2 4 22638805 99742
167 2 1 22868699 100812
167 2 2 22897289 100962
167 2 3 22842538 101022
167 2 4 22851740 100732
168 2 1 23065623 102262
168 2 2 23097874 102082
168 2 3 23052683 102402
168 2 4 23103154 101932
169 2 1 23252127 103392
169 2 2 23350188 103292
169 2 3 23331468 103062
169 2 4 23342609 103172
170 2 1 23614734 104362
170 2 2 23596234 104252
170 2 3 23576113 104312
170 2 4 23618353 104392
171 2 1 23806758 105632
171 2 2 23866669 105942
171 2 3 23754948 105532
171 2 4 23835999 105272
172 2 1 24016222 106712
172 2 2 24100674 106732
172 2 3 24125364 106792
172 2 4 24078103 107232
173 2 1 24304018 108172
173 2 2 24413980 107982
173 2 3 24351948 108382
173 2 4 24349928 108032
174 2 1 24556293 109392
174 2 2 24590344 109272
174 2 3 24606184 108933
174 2 4 24576103 109132
175 2 1 24794648 110432
175 2 2 24852399 110412
175 2 3 24804878 110533
175 2 4 24906530 110542
176 2 1 25130254 111602
176 2 2 25166135 111412
176 2 3 25078503 111542
176 2 4 25118014 111563
177 2 1 25368779 112752
177 2 2 25407401 112543
177 2 3 25319968 112832
177 2 4 25387539 112902
178 2 1 25561533 113932
178 2 2 25711556 113952
178 2 3 25589553 113752
178 2 4 25701966 113872
179 2 1 25874680 115242
179 2 2 25970031 115153
179 2 3 25893520 115463
179 2 4 25881180 115083
180 2 1 26080174 116472
180 2 2 26223046 116452
180 2 3 26116444 116303
180 2 4 26217346 116642
181 2 1 26483632 118373
181 2 2 26482701 117573
181 2 3 26399830 117853
181 2 4 26483392 117552
182 2 1 26677035 119122
182 2 2 26696786 119262
182 2 3 26727776 118932
182 2 4 26719586 119322
183 2 1 26984881 120392
183 2 2 26999322 120202
183 2 3 26954691 120172
183 2 4 26983211 120242
184 2 1 27126024 121452
184 2 2 27239757 121423
184 2 3 27227136 121533
184 2 4 27251337 122362
185 2 1 27478231 122992
185 2 2 27550403 122693
185 2 3 27527532 123063
185 2 4 27499762 122702
186 2 1 27725486 124062
186 2 2 27779668 124302
186 2 3 27742576 124183
186 2 4 27809558 123912
187 2 1 28106955 125563
187 2 2 28124444 125772
187 2 3 28019412 125573
187 2 4 28089534 125532
188 2 1 28306798 126752
188 2 2 28341248 126583
188 2 3 28373000 126692
188 2 4 28338878 126993
189 2 1 28637154 128012
189 2 2 28665675 127872
189 2 3 28608674 127873
189 2 4 28587794 127762
190 2 1 28932320 129173
190 2 2 28981652 129203
190 2 3 28900190 129193
190 2 4 28972252 129473
191 2 1 29156105 131083
191 2 2 29251477 131143
191 2 3 29177595 130503
191 2 4 29191726 130843
192 2 1 29479191 133432
192 2 2 29460101 133772
192 2 3 29443600 133323
192 2 4 29545283 134043
193 2 1 29611634 133093
193 2 2 29821988 133232
193 2 3 29698987 133563
193 2 4 29853438 133243
194 2 1 30058122 134963
194 2 2 30122174 141462
194 2 3 29974002 135293
194 2 4 30057653 135033
195 2 1 30211346 140363
195 2 2 30335369 135883
195 2 3 30259557 135993
195 2 4 30283258 135532
196 2 1 30537783 137773
196 2 2 30662225 137352
196 2 3 30524722 137053
196 2 4 30601344 137483
197 2 1 30858279 138813
197 2 2 30948890 144843
197 2 3 30801377 138643
197 2 4 30812438 138763
198 2 1 31128275 139633
198 2 2 31328459 139972
198 2 3 31173085 139693
198 2 4 31145415 139563
199 2 1 31398811 141343
199 2 2 31476142 141152
199 2 3 31364299 141163
199 2 4 31546423 141453
200 2 1 31679507 142672
200 2 2 31767637 142843
200 2 3 31786448 142693
200 2 4 31828209 142893
201 2 1 32031793 144233
201 2 2 32059403 143853
201 2 3 32022752 143943
201 2 4 32144125 143913
202 2 1 32342259 145663
202 2 2 32410710 145543
202 2 3 32344849 145503
202 2 4 32273508 145553
203 2 1 32662625 147243
203 2 2 32696366 146993
203 2 3 32582264 146733
203 2 4 32686155 146633
204 2 1 32895829 148463
204 2 2 35244058 165443
204 2 3 33192546 149853
204 2 4 33052673 148943
205 2 1 33440241 150143
205 2 2 33444122 150833
205 2 3 33416760 149763
205 2 4 33421330 149453
206 2 1 33597964 151083
206 2 2 33714636 151423
206 2 3 33650236 151013
206 2 4 33747677 157543
207 2 1 33923180 152613
207 2 2 34006182 152683
207 2 3 34008223 152403
207 2 4 33969131 152643
208 2 1 34363040 154073
208 2 2 34404190 154284
208 2 3 34273998 153893
208 2 4 34308548 153893
209 2 1 34573044 155513
209 2 2 34773307 155563
209 2 3 34574254 155623
209 2 4 34680455 155303
210 2 1 34899190 156983
210 2 2 34981352 157034
210 2 3 34878690 156784
210 2 4 34956941 156823
211 2 1 35272317 158083
211 2 2 35204547 158294
211 2 3 35248877 158213
211 2 4 35256537 158203
212 2 1 35629445 160333
212 2 2 35571974 159783
212 2 3 35551964 160033
212 2 4 35597524 160083
213 2 1 35914020 162114
213 2 2 35851169 161133
213 2 3 35789178 161193
213 2 4 35789899 161413
214 2 1 36161505 162834
214 2 2 36086513 162974
214 2 3 36206306 162413
214 2 4 36223326 162824
215 2 1 36484843 164444
215 2 2 36531473 164133
215 2 3 36445231 165243
215 2 4 36562823 164023
216 2 1 36831809 165664
216 2 2 36778817 165483
216 2 3 36745297 165504
216 2 4 36828038 165644
217 2 1 37150675 167434
217 2 2 37175026 167603
217 2 3 37216166 167374
217 2 4 37076863 167094
218 2 1 37535703 168603
218 2 2 37436862 172813
218 2 3 37417461 168463
218 2 4 37287828 173043
219 2 1 37689466 170044
219 2 2 37778277 169894
219 2 3 37732716 169854
219 2 4 37766967 169964
220 2 1 38079414 171924
220 2 2 38145865 171583
220 2 3 38136655 171633
220 2 4 38094974 171604
221 2 1 38331809 173213
221 2 2 38485242 173103
221 2 3 38391400 173254
221 2 4 38420261 173164
222 2 1 38701576 179064
222 2 2 38765347 174443
222 2 3 38757068 175033
222 2 4 38604144 174404
223 2 1 38955042 176473
223 2 2 39171106 176424
223 2 3 39015042 175874
223 2 4 39181335 176524
224 2 1 39707046 180714
224 2 2 39766118 179563
224 2 3 39761249 179093
224 2 4 39757108 179853
225 2 1 40072943 179624
225 2 2 40013492 184394
225 2 3 40062294 179653
225 2 4 40118864 179794
226 2 1 40506132 181024
226 2 2 40441521 180354
226 2 3 40358629 180464
226 2 4 40438201 181184
227 2 1 40799038 183324
227 2 2 40868590 182544
227 2 3 40818159 182653
227 2 4 40851579 182223
228 2 1 41083244 184273
228 2 2 41248627 188734
228 2 3 41156365 183814
228 2 4 41129735 183824
229 2 1 41476912 185694
229 2 2 41560904 185333
229 2 3 41507343 185353
229 2 4 41653685 185764
230 2 1 44174555 187793
230 2 2 40876629 186564
230 2 3 42512752 187494
230 2 4 42305738 186974
231 2 1 42757217 189804
231 2 2 42667635 188974
231 2 3 42855139 193424
231 2 4 42728346 189153
232 2 1 43166925 191493
232 2 2 42942041 190673
232 2 3 43111965 190624
232 2 4 43005613 190484
233 2 1 43553273 192604
233 2 2 43448201 192164
233 2 3 43482192 192274
233 2 4 43407350 196514
234 2 1 43859260 194034
234 2 2 43739667 193574
234 2 3 43949151 194544
234 2 4 43739547 194124
235 2 1 44244457 195404
235 2 2 44452961 195704
235 2 3 44055723 194904
235 2 4 44259207 195304
236 2 1 44447731 197034
236 2 2 44507792 197144
236 2 3 44387780 196654
236 2 4 44548803 200834
237 2 1 44814408 198654
237 2 2 44852639 198384
237 2 3 44869049 198464
237 2 4 44889510 198594
238 2 1 45099654 200765
238 2 2 45204777 200044
238 2 3 45131075 200194
238 2 4 45237787 200024
239 2 1 45707446 202094
239 2 2 45567574 201774
239 2 3 45857880 202114
239 2 4 45534833 201884
240 2 1 45914141 204004
240 2 2 46023613 203554
240 2 3 45904140 204154
240 2 4 46198126 207884
241 2 1 46199866 205465
241 2 2 46311168 204774
241 2 3 46274297 204894
241 2 4 46267437 205254
242 2 1 46896440 214104
242 2 2 46512612 207074
242 2 3 46598434 206894
242 2 4 46702865 206894
243 2 1 46875539 208814
243 2 2 47226127 208324
243 2 3 46977532 209004
243 2 4 47000572 208634
244 2 1 47317829 210234
244 2 2 47335938 210214
244 2 3 47528603 210844
244 2 4 47166246 210014
245 2 1 47757358 211914
245 2 2 47789488 211894
245 2 3 47629145 212535
245 2 4 47902829 212105
246 2 1 48047513 214334
246 2 2 47978092 213574
246 2 3 48103415 213834
246 2 4 48008042 213815
247 2 1 48550682 215844
247 2 2 48448421 215825
247 2 3 48405700 215864
247 2 4 48434910 215094
248 2 1 48858070 217664
248 2 2 49000143 217794
248 2 3 48669376 217414
248 2 4 48881390 217374
249 2 1 49188766 219275
249 2 2 49153036 218214
249 2 3 49312458 218145
249 2 4 49156145 218225
250 2 1 49422901 219875
250 2 2 49666465 220564
250 2 3 49490682 224684
250 2 4 49801019 219914
251 2 1 49875059 222084
251 2 2 49878890 226775
251 2 3 50004603 221684
251 2 4 49881879 221964
252 2 1 50532142 224095
252 2 2 50110364 228225
252 2 3 50332318 224265
252 2 4 50334949 223855
253 2 1 50688836 225174
253 2 2 50853090 225374
253 2 3 50442181 225514
253 2 4 50553764 225305
254 2 1 50929491 227534
254 2 2 51028382 233154
254 2 3 51317069 226915
254 2 4 50968141 231944
255 2 1 51455351 231004
255 2 2 51429750 231435
255 2 3 51289308 230915
255 2 4 51692715 232515
256 2 1 51686736 234305
256 2 2 51770468 233915
256 2 3 51740216 233714
256 2 4 51699786 233435
257 2 1 52369389 236565
257 2 2 51928700 235335
257 2 3 52260128 235725
257 2 4 52235176 235865
258 2 1 52274238 234695
258 2 2 52736646 235064
258 2 3 52374399 234274
258 2 4 52568264 234945
259 2 1 52967950 236105
259 2 2 52984972 235905
259 2 3 53160635 236085
259 2 4 52790357 235545
260 2 1 53413881 238505
260 2 2 53363428 237914
260 2 3 53161596 237755
260 2 4 53517801 239225
261 2 1 53483952 240215
261 2 2 53658175 239505
261 2 3 53811268 240165
261 2 4 53611184 245385
262 2 1 54264957 241494
262 2 2 53996781 241105
262 2 3 54093083 241525
262 2 4 54188305 241365
263 2 1 54341250 243885
263 2 2 54602984 243135
263 2 3 54212476 243105
263 2 4 54401679 243914
264 2 1 54956351 245475
264 2 2 54887819 245085
264 2 3 54943751 245335
264 2 4 54832868 245665
265 2 1 55227217 248255
265 2 2 55294327 247405
265 2 3 55292038 246945
265 2 4 55388849 246845
266 2 1 55546723 248675
266 2 2 55607134 248405
266 2 3 55708016 248795
266 2 4 55467541 249225
267 2 1 56201496 251855
267 2 2 55981801 250495
267 2 3 55965401 250815
267 2 4 56172265 250905
268 2 1 56299637 252455
268 2 2 56703135 252545
268 2 3 56331808 252655
268 2 4 56471281 252305
269 2 1 56731956 254875
269 2 2 56777707 254405
269 2 3 56970732 255155
269 2 4 56778277 254065
270 2 1 57206295 256185
270 2 2 57242836 256175
270 2 3 57354388 256255
270 2 4 57351727 260705
271 2 1 57503671 258345
271 2 2 57769537 257715
271 2 3 57563292 257735
271 2 4 57554803 258185
272 2 1 58160205 260096
272 2 2 57969611 263655
272 2 3 58013402 259616
272 2 4 58031282 260535
273 2 1 58320058 262055
273 2 2 58513840 262765
273 2 3 58187705 261535
273 2 4 58367349 261935
274 2 1 58914620 263426
274 2 2 58760936 263745
274 2 3 59051603 264106
274 2 4 58715956 263585
275 2 1 59322847 265945
275 2 2 59342439 266006
275 2 3 59300598 265326
275 2 4 59386058 266145
276 2 1 59862289 267286
276 2 2 59812618 267476
276 2 3 59714275 268335
276 2 4 59766477 268385
277 2 1 59945311 269526
277 2 2 60135144 269675
277 2 3 60237865 269225
277 2 4 60058153 269655
278 2 1 60544382 272275
278 2 2 60480810 271765
278 2 3 60254237 271766
278 2 4 60524022 271375
279 2 1 61058592 273165
279 2 2 60958441 273455
279 2 3 60858178 273225
279 2 4 60969331 273356
280 2 1 61448539 275395
280 2 2 61231646 275856
280 2 3 61338068 276606
280 2 4 61424391 280516
281 2 1 61890928 277925
281 2 2 61760826 277146
281 2 3 61764546 277395
281 2 4 61800737 277375
282 2 1 62147884 279466
282 2 2 62300178 279115
282 2 3 62106882 279015
282 2 4 62200104 278986
283 2 1 62551462 281085
283 2 2 62587782 281165
283 2 3 62631423 281805
283 2 4 62577243 280986
284 2 1 63082042 283415
284 2 2 63004421 282526
284 2 3 63041222 282946
284 2 4 63047663 283165
285 2 1 63419899 284696
285 2 2 63399549 285316
285 2 3 63543623 284765
285 2 4 63593582 284866
286 2 1 63690574 287716
286 2 2 63978021 287716
286 2 3 63858209 287026
286 2 4 63831887 287005
287 2 1 64272927 289186
287 2 2 64331148 289046
287 2 3 64170854 289536
287 2 4 64270227 289126
288 2 1 64920259 294256
288 2 2 64844468 294656
288 2 3 64674085 294366
288 2 4 64638964 294145
289 2 1 64985121 292765
289 2 2 65177244 293426
289 2 3 65189836 297436
289 2 4 65098122 293296
290 2 1 65572652 295236
290 2 2 65544572 295186
290 2 3 65526881 295156
290 2 4 65610513 295496
291 2 1 65889398 297376
291 2 2 66026961 297576
291 2 3 65899099 297346
291 2 4 65924439 297016
292 2 1 66321597 299516
292 2 2 66511160 298886
292 2 3 66334288 298656
292 2 4 66448600 299216
293 2 1 66751906 300936
293 2 2 66792537 301606
293 2 3 66780486 301266
293 2 4 66943019 301186
294 2 1 67087633 302416
294 2 2 67201945 303216
294 2 3 67197734 303306
294 2 4 67300677 302886
295 2 1 67698655 304736
295 2 2 67817817 304996
295 2 3 67625653 304546
295 2 4 67540061 304446
296 2 1 68160384 307336
296 2 2 68078992 307676
296 2 3 68202094 307256
296 2 4 68252086 312487
297 2 1 68449069 309236
297 2 2 68484900 308816
297 2 3 68557372 309047
297 2 4 68632993 309137
298 2 1 69035810 316916
298 2 2 69090792 310946
298 2 3 69036780 315887
298 2 4 69031591 310836
299 2 1 69539542 314476
299 2 2 69680184 313387
299 2 3 69533971 313616
299 2 4 69363018 316856
300 2 1 69867147 315386
300 2 2 69919689 315327
300 2 3 69947769 315096
300 2 4 70050611 316577
301 2 1 70241876 317117
301 2 2 70431869 317686
301 2 3 70358808 317057
301 2 4 70436989 316986
302 2 1 70825246 320177
302 2 2 70946379 319076
302 2 3 70641573 319196
302 2 4 70723604 319526
303 2 1 71198294 321426
303 2 2 71135613 321756
303 2 3 71219515 321086
303 2 4 71180383 321026
304 2 1 71710905 323927
304 2 2 71594922 323436
304 2 3 71728074 323307
304 2 4 71819996 323757
305 2 1 72081191 326237
305 2 2 72213674 325516
305 2 3 72229244 325447
305 2 4 72298406 325626
306 2 1 72657063 327406
306 2 2 72768845 331666
306 2 3 72469199 327357
306 2 4 72588692 327596
307 2 1 73177593 330106
307 2 2 73080852 330487
307 2 3 73132723 330046
307 2 4 72972339 329907
308 2 1 73310876 331636
308 2 2 73494899 337946
308 2 3 73486729 331657
308 2 4 73577371 331846
309 2 1 74036721 334006
309 2 2 73837016 333726
309 2 3 73958490 333977
309 2 4 73998880 334487
310 2 1 74236255 336256
310 2 2 74359597 337817
310 2 3 74357647 335676
310 2 4 74342957 336676
311 2 1 74910658 340117
311 2 2 74983199 338667
311 2 3 75050491 339137
311 2 4 74822925 338597
312 2 1 75273405 340607
312 2 2 75303636 340956
312 2 3 75395687 340316
312 2 4 75369257 340577
313 2 1 75770905 342547
313 2 2 75994999 343477
313 2 3 75764254 342337
313 2 4 75808207 342256
314 2 1 76105032 348987
314 2 2 76194053 344577
314 2 3 76048790 344527
314 2 4 76374197 344197
315 2 1 76693763 347407
315 2 2 76705264 346787
315 2 3 76601981 347327
315 2 4 76825725 346897
316 2 1 77231924 350027
316 2 2 77124652 349297
316 2 3 77264555 349477
316 2 4 77193153 349287
317 2 1 78191543 351957
317 2 2 78138782 351567
317 2 3 78350436 351747
317 2 4 78311915 351257
318 2 1 78908037 354417
318 2 2 78875546 353907
318 2 3 78863526 355517
318 2 4 78830016 354927
319 2 1 79165172 356707
319 2 2 79102361 356928
319 2 3 79351797 356977
319 2 4 79376636 357067
320 2 1 79678883 363427
320 2 2 79834796 362088
320 2 3 79742294 363117
320 2 4 79576581 362307
321 2 1 80310624 361087
321 2 2 80172302 360827
321 2 3 80255034 360847
321 2 4 80301045 365407
322 2 1 80756064 363627
322 2 2 81006969 368847
322 2 3 80845186 363277
322 2 4 80801856 368857
323 2 1 81096250 366767
323 2 2 81347355 365487
323 2 3 81407137 366267
323 2 4 81383956 366187
324 2 1 81735803 368267
324 2 2 81705112 373868
324 2 3 81966998 369297
324 2 4 81846715 368447
325 2 1 85909497 374508
325 2 2 80737653 371047
325 2 3 83055560 374318
325 2 4 83096630 373567
326 2 1 83408596 382807
326 2 2 83378306 374947
326 2 3 83377856 375658
326 2 4 83524919 375608
327 2 1 83986988 379078
327 2 2 83829094 378697
327 2 3 83748723 377138
327 2 4 84054420 378368
328 2 1 84408246 380187
328 2 2 84353475 379827
328 2 3 84214503 380818
328 2 4 84382565 380497
329 2 1 84982018 383027
329 2 2 84610261 382848
329 2 3 84958427 382108
329 2 4 84834515 383327
330 2 1 85442906 385948
330 2 2 85303535 384688
330 2 3 85218292 385058
330 2 4 85302654 389838
331 2 1 85994898 386918
331 2 2 86071849 386318
331 2 3 85795703 386467
331 2 4 85854095 388018
332 2 1 86374055 387457
332 2 2 86404796 389748
332 2 3 86162161 396637
332 2 4 86500878 389197
333 2 1 86705082 390698
333 2 2 86726353 392418
333 2 3 86812704 390728
333 2 4 86927226 397628
334 2 1 86999127 394268
334 2 2 87237942 393758
334 2 3 87316714 393107
334 2 4 87101640 395108
335 2 1 87574140 397668
335 2 2 88001498 401998
335 2 3 87714462 394578
335 2 4 87982147 396228
336 2 1 88381456 406458
336 2 2 88256652 398908
336 2 3 88464407 398618
336 2 4 88495677 401148
337 2 1 88800063 402138
337 2 2 88752293 402018
337 2 3 88627729 401608
337 2 4 88697681 402449
338 2 1 89116580 402048
338 2 2 89333703 403528
338 2 3 89306154 403018
338 2 4 89315663 401659
339 2 1 89792152 406358
339 2 2 89488147 407318
339 2 3 89925776 405188
339 2 4 89922735 411198
340 2 1 90243922 407068
340 2 2 90262992 407828
340 2 3 90201802 407278
340 2 4 90392134 408708
341 2 1 90765062 411368
341 2 2 90714771 409088
341 2 3 90814023 411298
341 2 4 90968936 409778
342 2 1 91186410 414489
342 2 2 91270122 418028
342 2 3 91333573 415259
342 2 4 91131840 414558
343 2 1 91650610 414198
343 2 2 91919235 414449
343 2 3 91836394 415958
343 2 4 91876794 413948
344 2 1 92454086 417258
344 2 2 92333363 417979
344 2 3 92241032 418389
344 2 4 92330192 417578
345 2 1 92779913 420718
345 2 2 92889844 419998
345 2 3 92697471 420449
345 2 4 92814273 418688
346 2 1 93319342 423378
346 2 2 93419645 421638
346 2 3 93296443 420769
346 2 4 93241000 420788
347 2 1 93825293 423159
347 2 2 93859393 425308
347 2 3 93931935 426998
347 2 4 93725101 429888
348 2 1 94225611 429378
348 2 2 94310732 426368
348 2 3 94457144 427118
348 2 4 94478456 427329
349 2 1 94693870 430589
349 2 2 94971895 429999
349 2 3 94742351 430728
349 2 4 94800012 430878
350 2 1 95136749 436978
350 2 2 95307291 432079
350 2 3 95048866 431889
350 2 4 95260571 433278
351 2 1 95864083 433999
351 2 2 96010225 441109
351 2 3 95822203 433089
351 2 4 95836863 433319
352 2 1 96453644 442109
352 2 2 96369463 442619
352 2 3 96564307 448129
352 2 4 96509455 442689
353 2 1 96950775 446569
353 2 2 96852192 439448
353 2 3 97000125 439729
353 2 4 96830412 438719
354 2 1 97484315 440249
354 2 2 97548886 440919
354 2 3 97582806 441559
354 2 4 97411343 441958
355 2 1 97784700 444359
355 2 2 98136638 444419
355 2 3 97782950 449259
355 2 4 97920103 443708
356 2 1 98314271 445208
356 2 2 98462604 447839
356 2 3 98528415 449869
356 2 4 98537686 447029
357 2 1 98899133 449569
357 2 2 98883762 450899
357 2 3 99093166 450759
357 2 4 98963874 456489
358 2 1 99864012 454529
358 2 2 99841031 453129
358 2 3 99982265 460899
358 2 4 99864822 454469
359 2 1 99953614 456129
359 2 2 100367562 456659
359 2 3 99980724 456339
359 2 4 100364542 457259
360 2 1 100614886 460379
360 2 2 100848381 465589
360 2 3 100811730 459189
360 2 4 100735699 459439
361 2 1 101484694 461089
361 2 2 101328331 461789
361 2 3 101319570 461839
361 2 4 101718019 467000
362 2 1 101892831 465569
362 2 2 102231789 464119
362 2 3 101988954 464409
362 2 4 101990894 464510
363 2 1 102495274 466929
363 2 2 102500504 467730
363 2 3 102632486 466730
363 2 4 102739839 466640
364 2 1 102934473 469100
364 2 2 103036884 468659
364 2 3 103225929 474299
364 2 4 103181227 468819
365 2 1 103871942 472140
365 2 2 103721709 473440
365 2 3 103638326 471239
365 2 4 103523344 472199
366 2 1 104189458 476749
366 2 2 104223429 474059
366 2 3 103975273 473609
366 2 4 104008573 470849
367 2 1 104615056 475579
367 2 2 104847430 484420
367 2 3 104804150 478789
367 2 4 104781309 476529
368 2 1 105020223 477460
368 2 2 105430332 478790
368 2 3 105019454 479219
368 2 4 105179137 480430
369 2 1 105891891 483510
369 2 2 105547744 481030
369 2 3 105780179 481719
369 2 4 105887360 488010
370 2 1 106175357 491490
370 2 2 106235287 484509
370 2 3 105972262 483190
370 2 4 106345809 482460
371 2 1 106992052 486140
371 2 2 107041424 492519
371 2 3 106853060 529460
371 2 4 107299049 486709
372 2 1 107282498 488519
372 2 2 107362929 487670
372 2 3 107368890 488770
372 2 4 107544904 488559
373 2 1 107920501 490500
373 2 2 107993253 491410
373 2 3 108197876 493850
373 2 4 107892159 490760
374 2 1 108757648 494020
374 2 2 108449051 493260
374 2 3 108587374 493070
374 2 4 108466612 493460
375 2 1 109101773 496540
375 2 2 109209596 505670
375 2 3 108838708 496230
375 2 4 109116825 497310
376 2 1 109407990 505380
376 2 2 109894079 500120
376 2 3 109770287 498910
376 2 4 109617214 499880
377 2 1 110204016 503371
377 2 2 110393419 500740
377 2 3 110128164 501690
377 2 4 110114513 502250
378 2 1 110593493 505160
378 2 2 110999172 506810
378 2 3 110732346 504260
378 2 4 110514212 506360
379 2 1 111381559 505720
379 2 2 111346799 507220
379 2 3 111217386 516030
379 2 4 111301567 507840
380 2 1 111641945 510650
380 2 2 111898509 510890
380 2 3 111822857 510860
380 2 4 111770397 510270
381 2 1 112362749 517740
381 2 2 112451700 511360
381 2 3 112241055 513420
381 2 4 112451519 513761
382 2 1 112930769 521740
382 2 2 112861779 515890
382 2 3 112764966 515920
382 2 4 112980720 514890
383 2 1 113527901 519480
383 2 2 113504040 517101
383 2 3 113790317 517640
383 2 4 113506611 518650
384 2 1 113914478 535271
384 2 2 114026711 535821
384 2 3 113973160 535260
384 2 4 113978170 535441
385 2 1 114596282 525740
385 2 2 114728875 521950
385 2 3 114663114 522710
385 2 4 114611852 525160
386 2 1 114915548 525010
386 2 2 115233055 524080
386 2 3 115299826 525711
386 2 4 115207184 526231
387 2 1 115553501 529401
387 2 2 115898488 526741
387 2 3 115732895 528940
387 2 4 115789655 528940
388 2 1 116115472 537850
388 2 2 116285175 531451
388 2 3 116509050 538861
388 2 4 116299306 531420
389 2 1 117298765 533681
389 2 2 117118321 533221
389 2 3 116928138 534061
389 2 4 116928518 540301
390 2 1 117559961 536210
390 2 2 117197074 535210
390 2 3 117205143 536351
390 2 4 117790395 543271
391 2 1 117852887 540021
391 2 2 118189063 538410
391 2 3 118230724 539971
391 2 4 118050580 539841
392 2 1 118492759 544801
392 2 2 118578850 542431
392 2 3 118647502 543121
392 2 4 118714323 542391
393 2 1 119228813 558441
393 2 2 119261774 547211
393 2 3 119420337 550851
393 2 4 119417767 550291
394 2 1 119676992 558061
394 2 2 119931257 549771
394 2 3 119933617 549711
394 2 4 119793264 549871
395 2 1 120359885 552091
395 2 2 120496227 552031
395 2 3 120376475 552211
395 2 4 120443598 553621
396 2 1 120772524 555471
396 2 2 121076819 554981
396 2 3 121014118 562301
396 2 4 121122460 558301
397 2 1 121695632 559202
397 2 2 121669110 558892
397 2 3 121687871 557281
397 2 4 121578949 565751
398 2 1 122030368 561831
398 2 2 122281594 561731
398 2 3 122321954 561711
398 2 4 122394575 564211
399 2 1 122868076 573712
399 2 2 122843154 595252
399 2 3 122875755 566531
399 2 4 122983397 566441
400 2 1 123405806 567491
400 2 2 123677541 570492
400 2 3 123311413 568561
400 2 4 123363155 568461
1 3 1 11280 4320
1 3 2 4800 2480
1 3 3 4450 2490
1 3 4 4470 2420
2 3 1 13100 2770
2 3 2 12290 2551
2 3 3 12000 2520
2 3 4 11770 2501
3 3 1 36220 2940
3 3 2 33780 2660
3 3 3 33190 2601
3 3 4 31940 2740
4 3 1 72051 3420
4 3 2 71001 2940
4 3 3 71072 2900
4 3 4 72361 3691
5 3 1 137442 3400
5 3 2 135262 3190
5 3 3 133002 3190
5 3 4 143783 3440
6 3 1 234485 3900
6 3 2 229975 3720
6 3 3 231805 3580
6 3 4 230374 3440
7 3 1 367057 4350
7 3 2 367878 4260
7 3 3 367247 4100
7 3 4 364817 4100
8 3 1 538141 5080
8 3 2 535660 5060
8 3 3 549901 5390
8 3 4 533170 5150
9 3 1 819636 6640
9 3 2 772875 6020
9 3 3 782906 6120
9 3 4 775855 6390
10 3 1 1062181 7831
10 3 2 1042701 7360
10 3 3 1055301 7340
10 3 4 1055411 7720
11 3 1 1500730 9600
11 3 2 1414968 9031
11 3 3 1431548 9380
11 3 4 1413998 9080
12 3 1 1863027 11570
12 3 2 1818296 10880
12 3 3 1837586 10890
12 3 4 1818106 11040
13 3 1 2336827 13660
13 3 2 2280266 13200
13 3 3 2306096 13300
13 3 4 2286785 13150
14 3 1 3083812 17380
14 3 2 2910498 16911
14 3 3 2949088 16961
14 3 4 2914728 16671
15 3 1 3618402 19340
15 3 2 3548800 19000
15 3 3 3608052 18951
15 3 4 3559831 19060
16 3 1 4359716 22990
16 3 2 4271255 22581
16 3 3 4326086 22791
16 3 4 4268375 22480
17 3 1 5239874 28090
17 3 2 5085151 27931
17 3 3 5147922 27560
17 3 4 5090721 28050
18 3 1 6255425 32771
18 3 2 6006780 32311
18 3 3 6092241 32211
18 3 4 6056020 32250
19 3 1 7195763 38491
19 3 2 7077591 37811
19 3 3 7141972 37791
19 3 4 7088431 37831
20 3 1 8377127 44151
20 3 2 8219844 43631
20 3 3 8319786 43551
20 3 4 8227874 43601
21 3 1 9656952 50411
21 3 2 9481178 50131
21 3 3 9592390 50231
21 3 4 9494209 50031
22 3 1 11372556 57701
22 3 2 10900687 57081
22 3 3 11040420 57201
22 3 4 10919437 57361
23 3 1 12691232 64912
23 3 2 12437688 64531
23 3 3 12588121 64761
23 3 4 12450337 70142
24 3 1 14312815 73352
24 3 2 14079760 73032
24 3 3 14366176 73312
24 3 4 14087400 73042
25 3 1 16192702 82541
25 3 2 15958978 82062
25 3 3 16114861 82022
25 3 4 15926096 82082
26 3 1 18247702 92482
26 3 2 17894986 91682
26 3 3 18152470 91682
26 3 4 17819245 91542
27 3 1 21147001 103072
27 3 2 20022548 102622
27 3 3 20322054 102642
27 3 4 20011277 102452
28 3 1 22556949 114422
28 3 2 22387485 113932
28 3 3 22633971 113972
28 3 4 22286173 114223
29 3 1 25081809 126112
29 3 2 24795363 126182
29 3 3 25122301 126053
29 3 4 24794593 126223
30 3 1 27834654 139563
30 3 2 27374595 139572
30 3 3 27753063 139293
30 3 4 27367304 139473
31 3 1 30559408 153093
31 3 2 30234602 153613
31 3 3 30692651 153463
31 3 4 30215601 152933
32 3 1 33766381 169593
32 3 2 33202661 169103
32 3 3 33626468 168673
32 3 4 33328592 168763
33 3 1 36933644 184484
33 3 2 36398934 184423
33 3 3 36792401 184344
33 3 4 36435635 183914
34 3 1 41438154 201544
34 3 2 39953905 200524
34 3 3 40535426 200894
34 3 4 39863613 200664
35 3 1 44128268 219874
35 3 2 43355712 219254
35 3 3 43953984 219204
35 3 4 43583196 218995
36 3 1 47857752 237855
36 3 2 47330052 238974
36 3 3 48004095 237925
36 3 4 47344972 238094
37 3 1 52124266 258745
37 3 2 51388662 258825
37 3 3 52063855 258516
37 3 4 51374122 257905
38 3 1 56171427 279856
38 3 2 55551775 279386
38 3 3 56322269 279405
38 3 4 55759129 280036
39 3 1 60973173 302406
39 3 2 60208598 301936
39 3 3 60982203 302056
39 3 4 60095755 301706
40 3 1 69220027 325977
40 3 2 64922531 325697
40 3 3 65416771 325417
40 3 4 64814248 325227
41 3 1 70413321 350057
41 3 2 69776588 350207
41 3 3 70500782 350997
41 3 4 69775918 350257
42 3 1 77399760 376767
42 3 2 74817967 383158
42 3 3 76168995 376818
42 3 4 74735975 380017
43 3 1 83287616 417128
43 3 2 85415828 422729
43 3 3 86102042 421578
43 3 4 85139594 418509
44 3 1 91842836 443009
44 3 2 90932468 450049
44 3 3 91595661 446828
44 3 4 90698064 445889
45 3 1 97741263 477439
45 3 2 96761243 475590
45 3 3 97669262 470810
45 3 4 96721433 474050
46 3 1 104040948 508060
46 3 2 102992708 503910
46 3 3 104381825 509470
46 3 4 103246104 509800
47 3 1 110983846 537131
47 3 2 109529658 539251
47 3 3 110684031 532861
47 3 4 109713981 535511
48 3 1 117809912 568121
48 3 2 116402654 566551
48 3 3 117818082 569941
48 3 4 116492825 581411
49 3 1 124934204 612832
49 3 2 123735580 618012
49 3 3 125154258 605022
49 3 4 123580966 613733
50 3 1 132583615 645633
50 3 2 131064175 645523
50 3 3 132715417 645703
50 3 4 131118006 639143
51 3 1 140489053 698564
51 3 2 139068634 689044
51 3 3 140723687 688674
51 3 4 138946191 700174
52 3 1 148902799 730365
52 3 2 146738596 730574
52 3 3 148524532 728965
52 3 4 146838199 728724
53 3 1 158110331 777805
53 3 2 155904407 776955
53 3 3 158225155 774505
53 3 4 156232845 777986
54 3 1 173396235 820807
54 3 2 166800964 818946
54 3 3 168970098 817516
54 3 4 166910357 817636
55 3 1 177592938 861417
55 3 2 176146679 879068
55 3 3 177756182 863867
55 3 4 176136960 856997
56 3 1 188020475 910728
56 3 2 185441784 924599
56 3 3 187975094 910199
56 3 4 185317812 928338
57 3 1 197162377 958319
57 3 2 195342190 958699
57 3 3 197877200 962689
57 3 4 195363471 959999
58 3 1 208334858 1026571
58 3 2 205654825 1013290
58 3 3 207794787 1024161
58 3 4 205715426 1012020
59 3 1 218244683 1067541
59 3 2 215571661 1062941
59 3 3 218087391 1066271
59 3 4 215395197 1068042
60 3 1 230160850 1122832
60 3 2 226519108 1121162
60 3 3 229231111 1118872
60 3 4 226431486 1116112
61 3 1 240365403 1174084
61 3 2 237981914 1171713
61 3 3 240731130 1168603
61 3 4 237718099 1188433
62 3 1 251702397 1230734
62 3 2 249006643 1240065
62 3 3 251793499 1224884
62 3 4 248628795 1226364
63 3 1 264761695 1290046
63 3 2 261618383 1291456
63 3 3 264705605 1294876
63 3 4 261241926 1292726
64 3 1 276678931 1379198
64 3 2 272964787 1376097
64 3 3 276185830 1369818
64 3 4 273418467 1382127
65 3 1 289575346 1424308
65 3 2 286455425 1438129
65 3 3 289907302 1421428
65 3 4 286176608 1421328
66 3 1 304136165 1486830
66 3 2 299126665 1479660
66 3 3 302854578 1492130
66 3 4 299892520 1497550
67 3 1 316902917 1558961
67 3 2 318218403 1580192
67 3 3 322556058 1555561
67 3 4 318569400 1559221
68 3 1 340076156 1628322
68 3 2 328782700 1638833
68 3 3 336443912 1637653
68 3 4 332352072 1650083
69 3 1 350327397 1717014
69 3 2 345810767 1702013
69 3 3 350677134 1702324
69 3 4 346733136 1708023
70 3 1 365415245 1774015
70 3 2 361291912 1767735
70 3 3 366051876 1801966
70 3 4 361521078 1799275
71 3 1 381759848 1852247
71 3 2 376661546 1846077
71 3 3 382532522 1868977
71 3 4 376980992 1862697
72 3 1 397466199 1932318
72 3 2 392747504 1927248
72 3 3 398067079 1971350
72 3 4 392727772 1953299
73 3 1 414242109 2000410
73 3 2 404037837 2036790
73 3 3 414060304 2000540
73 3 4 409092765 2014430
74 3 1 431374997 2088971
74 3 2 420670764 2105462
74 3 3 430657331 2111522
74 3 4 425238884 2111242
75 3 1 448940232 2197833
75 3 2 437705730 2205284
75 3 3 448915501 2222774
75 3 4 442627826 2198183
76 3 1 465882536 2293555
76 3 2 455325296 2259505
76 3 3 466171340 2289375
76 3 4 460085240 2295956
77 3 1 484684745 2371057
77 3 2 474009144 2360187
77 3 3 484304027 2380227
77 3 4 478211626 2345136
78 3 1 502546808 2462958
78 3 2 491816704 2481479
78 3 3 503118187 2462718
78 3 4 496422513 2480979
79 3 1 522354017 2546770
79 3 2 510886688 2558301
79 3 3 521896706 2573511
79 3 4 515512549 2568481
80 3 1 541893269 2656502
80 3 2 530585565 2666813
80 3 3 542462401 2662103
80 3 4 535267737 2657832
81 3 1 561552956 2773915
81 3 2 550467345 2747995
81 3 3 562032524 2765544
81 3 4 555667347 2748584
82 3 1 581693682 2874357
82 3 2 570714033 2860476
82 3 3 582401043 2855276
82 3 4 575231991 2848067
83 3 1 604156472 2980438
83 3 2 591318867 2965749
83 3 3 604156580 2994469
83 3 4 596581079 2964658
84 3 1 624952290 3089031
84 3 2 613097833 3086641
84 3 3 626647191 3082161
84 3 4 617892847 3070680
85 3 1 656856665 3221694
85 3 2 641501942 3181222
85 3 3 650254793 3185554
85 3 4 642045119 3194433
86 3 1 673540910 3287465
86 3 2 665252425 3274045
86 3 3 673362386 3282895
86 3 4 663826556 3285584
87 3 1 695539620 3401877
87 3 2 688460449 3603521
87 3 3 696627520 3389577
87 3 4 686834195 3408438
88 3 1 720364605 3512559
88 3 2 709958580 3510219
88 3 3 719329382 3712084
88 3 4 711000657 3507339
89 3 1 745439736 3635522
89 3 2 735199883 3648481
89 3 3 744386883 3641962
89 3 4 734953815 3639681
90 3 1 770895812 3774335
90 3 2 760602398 3768234
90 3 3 770718456 3775184
90 3 4 760345771 3776614
91 3 1 795955741 3903767
91 3 2 785161716 3913837
91 3 3 795279554 3906657
91 3 4 785029600 3909838
92 3 1 822418567 4017469
92 3 2 809593002 4016708
92 3 3 820870432 4027229
92 3 4 810923075 4017489
93 3 1 848815840 4159052
93 3 2 837445354 4142321
93 3 3 848043991 4152412
93 3 4 836630135 4175632
94 3 1 874953478 4285394
94 3 2 863686744 4289115
94 3 3 875364642 4277704
94 3 4 863788542 4286794
95 3 1 914540090 4433658
95 3 2 891225268 4421897
95 3 3 903614311 4409487
95 3 4 888973540 4425017
96 3 1 932104978 4580950
96 3 2 919252952 4574120
96 3 3 931786597 4588561
96 3 4 918847521 4574030
97 3 1 959541860 4707842
97 3 2 947377818 4718113
97 3 3 959426033 4700122
97 3 4 948319702 4701932
98 3 1 990636763 4902876
98 3 2 975767278 4844845
98 3 3 988562017 4855545
98 3 4 976011918 4858766
99 3 1 1018781776 4991299
99 3 2 1004504013 4988958
99 3 3 1020177569 5012348
99 3 4 1005764154 5001649
100 3 1 1049280545 5159551
100 3 2 1039978881 5138041
100 3 3 1049140378 5123981
100 3 4 1035450097 5141581
101 3 1 1081773774 5321065
101 3 2 1066211826 5315314
101 3 3 1080623607 5307594
101 3 4 1066115989 5325326
102 3 1 1113792602 5460697
102 3 2 1098108392 5460687
102 3 3 1118847006 5459097
102 3 4 1098375441 5477678
103 3 1 1148044293 5632051
103 3 2 1130341944 5659890
103 3 3 1146305923 5608441
103 3 4 1130559663 5614300
104 3 1 1179917296 5779093
104 3 2 1171486870 5787423
104 3 3 1186379827 5810924
104 3 4 1171161196 5806713
105 3 1 1221470679 5937067
105 3 2 1204471802 5975526
105 3 3 1221368411 5935506
105 3 4 1204923895 5929306
106 3 1 1257726306 6127850
106 3 2 1234249823 6145800
106 3 3 1255768681 6148391
106 3 4 1238834016 6132910
107 3 1 1308090958 6289553
107 3 2 1286173536 6279273
107 3 3 1302250786 6294094
107 3 4 1286897833 6308494
108 3 1 1348204978 6878485
108 3 2 1329963329 6857724
108 3 3 1346611530 6674011
108 3 4 1328602433 6689921
109 3 1 1375586719 6668070
109 3 2 1358333748 6656610
109 3 3 1375294206 6669090
109 3 4 1360179636 6658280
110 3 1 1414176378 6853894
110 3 2 1395372225 6825873
110 3 3 1413165259 6852334
110 3 4 1398018459 6862234
111 3 1 1450852137 7054187
111 3 2 1432256970 7020207
111 3 3 1451914540 7053237
111 3 4 1433217051 7034247
112 3 1 1491432094 7285562
112 3 2 1471414108 7281792
112 3 3 1491189449 7274592
112 3 4 1473350846 7278712
113 3 1 1529239512 7417445
113 3 2 1509390111 7422914
113 3 3 1530569809 7437944
113 3 4 1509271530 7429355
114 3 1 1569142222 7609059
114 3 2 1547327282 7616388
114 3 3 1569512450 7636559
114 3 4 1549881812 7607378
115 3 1 1611434887 7823372
115 3 2 1588684809 7817942
115 3 3 1610132612 7822912
115 3 4 1588960175 7817672
116 3 1 1671488867 8046327
116 3 2 1647518894 8015416
116 3 3 1670485197 8021326
116 3 4 1649525403 8034276
117 3 1 1694991822 8245490
117 3 2 1672996430 8228700
117 3 3 1693863421 8232050
117 3 4 1671093452 8237570
118 3 1 1737663971 8453515
118 3 2 1713245991 8445805
118 3 3 1737354685 8442114
118 3 4 1714919443 8461374
119 3 1 1780796637 8758711
119 3 2 1757927248 8667818
119 3 3 1781617542 8674328
119 3 4 1756825044 8658188
120 3 1 1826278497 9263900
120 3 2 1805248004 8889563
120 3 3 1827048491 8880522
120 3 4 1804948687 8882742
121 3 1 1870001002 9499974
121 3 2 1845153334 9103146
121 3 3 1870473110 9115846
121 3 4 1846285524 9108866
122 3 1 1919367565 9739829
122 3 2 1892935077 9334011
122 3 3 1918825002 9335441
122 3 4 1893988074 9333970
123 3 1 1964276741 9984143
123 3 2 1935472576 9556915
123 3 3 1960170487 9551804
123 3 4 1937293589 9561535
124 3 1 2011874656 10211378
124 3 2 1983711884 9826431
124 3 3 2009311063 9789969
124 3 4 1983258472 9822340
125 3 1 2060571951 10466712
125 3 2 2030135686 10059015
125 3 3 2057718822 10016864
125 3 4 2030030550 10040224
126 3 1 2108833417 10718757
126 3 2 2078770169 10275169
126 3 3 2108513006 10282188
126 3 4 2080280374 10292749
127 3 1 2158994467 10952721
127 3 2 2131436118 10523853
127 3 3 2159668605 10532643
127 3 4 2130139637 10541934
128 3 1 2208885911 11353329
128 3 2 2177901196 10941401
128 3 3 2207177353 10907580
128 3 4 2180746205 10919571
129 3 1 2305372662 11503463
129 3 2 2275276504 11045333
129 3 3 2306904315 11049843
129 3 4 2275875169 11026383
130 3 1 2359542014 11743947
130 3 2 2326870656 11280888
130 3 3 2358920266 11279317
130 3 4 2328573713 11307278
131 3 1 2412837068 12023052
131 3 2 2378964446 11577053
131 3 3 2411682398 11574503
131 3 4 2380312596 11559612
132 3 1 2464398296 12552992
132 3 2 2431170067 12062162
132 3 3 2463886909 12048272
132 3 4 2433227070 11828678
133 3 1 2519522542 12955040
133 3 2 2486439096 12477420
133 3 3 2520091816 12477000
133 3 4 2486318416 12490231
134 3 1 2573348801 13248544
134 3 2 2545081888 12943279
134 3 3 2575085096 12734664
134 3 4 2540976671 12749565
135 3 1 2615036824 13120622
135 3 2 2579895290 12645044
135 3 3 2614231990 12642553
135 3 4 2582773848 12642962
136 3 1 2680231739 13453968
136 3 2 2648074002 12948848
136 3 3 2680820731 12925678
136 3 4 2647076174 12932978
137 3 1 2729780951 13725324
137 3 2 2693361253 13232294
137 3 3 2730129058 13214483
137 3 4 2694950124 13222463
138 3 1 2788475117 14017138
138 3 2 2750355767 13495999
138 3 3 2788117810 13509899
138 3 4 2752553208 13528069
139 3 1 2849480825 14316574
139 3 2 2810267855 13830325
139 3 3 2849143589 13783284
139 3 4 2812358075 13802895
140 3 1 2909957763 14642871
140 3 2 2869671411 14105470
140 3 3 2906534327 14112240
140 3 4 2870164420 14122640
141 3 1 2972261413 14972105
141 3 2 2929919113 14395205
141 3 3 2971207161 14417485
141 3 4 2932508002 14400916
142 3 1 3031343439 15266251
142 3 2 2997631765 14724561
142 3 3 3032140203 14735501
142 3 4 2991042598 14751192
143 3 1 3096093224 15609918
143 3 2 3058418304 15017336
143 3 3 3095575431 15042428
143 3 4 3055832531 15093328
144 3 1 3160973499 16040836
144 3 2 3117258612 15468525
144 3 3 3157311726 15472995
144 3 4 3120193736 15504186
145 3 1 3224292740 16257340
145 3 2 3181095146 15674469
145 3 3 3224170615 15708969
145 3 4 3185583389 16075726
146 3 1 3292235520 16588987
146 3 2 3246254163 15992034
146 3 3 3291755188 15961554
146 3 4 3246711129 16009984
147 3 1 3353529982 16906191
147 3 2 3313617749 16359732
147 3 3 3354371825 16338331
147 3 4 3317005831 16369661
148 3 1 3424565617 17257248
148 3 2 3377105152 16665637
148 3 3 3424438751 16646356
148 3 4 3379810790 16682437
149 3 1 3494370546 17574954
149 3 2 3452731703 19975689
149 3 3 3496485803 19965039
149 3 4 3451512077 19971749
150 3 1 3567681922 19760335
150 3 2 3523734326 19753175
150 3 3 3566870883 19752764
150 3 4 3524681378 19757876
151 3 1 3638146961 19430498
151 3 2 3589654359 19432109
151 3 3 3640757307 19404678
151 3 4 3592522209 19446629
152 3 1 3712774608 20955718
152 3 2 3662004243 20952467
152 3 3 3713911106 20915247
152 3 4 3664930574 20921816
153 3 1 3783705324 20742034
153 3 2 3732524172 20730283
153 3 3 3784141636 20730633
153 3 4 3733730429 20768993
154 3 1 3861649580 21233513
154 3 2 3807134255 21249362
154 3 3 3859597047 21230363
154 3 4 3809678269 21259892
155 3 1 3930609027 22000377
155 3 2 3876122492 21987946
155 3 3 3931299624 21977746
155 3 4 3879273257 22017137
156 3 1 4008130183 22200160
156 3 2 3954682948 22057788
156 3 3 4007884742 22214720
156 3 4 3957214502 22239401
157 3 1 4079033031 22438314
157 3 2 4025186861 22441764
157 3 3 4083645883 22423733
157 3 4 4028188543 22427325
158 3 1 4160559080 23484483
158 3 2 4100809129 23502633
158 3 3 4156217523 23498243
158 3 4 4103674918 23202278
159 3 1 4236683526 24148716
159 3 2 4178625307 24169506
159 3 3 4236453796 24180566
159 3 4 4178839846 24126645
160 3 1 4315113615 24806718
160 3 2 4254989687 24759357
160 3 3 4314467886 24746457
160 3 4 4256552142 24779167
161 3 1 4399316251 24669825
161 3 2 4335060156 25476280
161 3 3 4395493083 25495531
161 3 4 4338749270 25521350
162 3 1 4473479157 25356728
162 3 2 4409840264 25403828
162 3 3 4474470659 25385228
162 3 4 4411338697 25434979
163 3 1 4553436229 25229625
163 3 2 4491316277 25276356
163 3 3 4554954563 25238865
163 3 4 4494893049 25241875
164 3 1 4637701515 26748793
164 3 2 4573194408 26761914
164 3 3 4635055179 26733552
164 3 4 4586633055 26763843
165 3 1 4719890868 26669131
165 3 2 4654986144 26641461
165 3 3 4720794239 26644301
165 3 4 4657916444 26637641
166 3 1 4818492900 27280522
166 3 2 4752123009 27295413
166 3 3 4816595337 27289173
166 3 4 4756264371 27294163
167 3 1 4904262900 27155510
167 3 2 4838623103 27203422
167 3 3 4902181144 27190771
167 3 4 4840456241 27166980
168 3 1 4992058446 27905455
168 3 2 4930794263 27898625
168 3 3 4991760684 27946034
168 3 4 4924779684 27974455
169 3 1 5122915759 28646448
169 3 2 5055630374 28388073
169 3 3 5124737457 28411603
169 3 4 5059828217 28419904
170 3 1 5212285554 29379231
170 3 2 5150511202 29389131
170 3 3 5211261628 29397601
170 3 4 5154715304 29411551
171 3 1 5308801071 29395601
171 3 2 5237211546 29359789
171 3 3 5308108293 29323271
171 3 4 5239365191 29352091
172 3 1 5404511352 29307989
172 3 2 5331099963 29341551
172 3 3 5400388749 29279988
172 3 4 5340026626 29292959
173 3 1 5489594025 30068223
173 3 2 5418048942 30119815
173 3 3 5487786364 30086344
173 3 4 5419694977 30091983
174 3 1 5583667807 30940950
174 3 2 5508309342 30882398
174 3 3 5581231493 30902829
174 3 4 5507296548 30905328
175 3 1 5679592918 30849687
175 3 2 5614732402 30866108
175 3 3 5673752335 30854618
175 3 4 5611989277 30909708
176 3 1 5774700007 31689543
176 3 2 5697865208 31659713
176 3 3 5777164349 31682312
176 3 4 5697413125 31734413
177 3 1 5869473269 32523947
177 3 2 5802703979 32492068
177 3 3 5870749029 32505627
177 3 4 5805008518 32571709
178 3 1 5970503798 32552618
178 3 2 5887061327 32530248
178 3 3 5967923366 32472066
178 3 4 5889404968 32521257
179 3 1 6068221515 34151928
179 3 2 5984746604 34098247
179 3 3 6067942897 34234929
179 3 4 5988746525 34207429
180 3 1 6169731223 34151688
180 3 2 6082789198 34208398
180 3 3 6169858902 34195828
180 3 4 6098942907 34168798
181 3 1 6273456371 34232559
181 3 2 6187441395 34277860
181 3 3 6273652721 34262619
181 3 4 6190116992 34227789
182 3 1 6372978002 35131186
182 3 2 6287160029 35095195
182 3 3 6372110563 35141805
182 3 4 6298460359 35171526
183 3 1 6475071560 35972501
183 3 2 6387794322 35963771
183 3 3 6475580678 35982341
183 3 4 6388254699 35957351
184 3 1 6584770951 36044931
184 3 2 6496907962 36045451
184 3 3 6585424481 36035871
184 3 4 6496929262 35981011
185 3 1 6686207507 37015110
185 3 2 6604286740 36982900
185 3 3 6685623984 37007099
185 3 4 6599550221 36953069
186 3 1 6791899233 37037779
186 3 2 6699182585 37010329
186 3 3 6791508715 37047600
186 3 4 6702455046 37058230
187 3 1 6900975642 37920466
187 3 2 6818659389 37998517
187 3 3 6899308011 37919126
187 3 4 6810602019 37687612
188 3 1 7012479767 38132470
188 3 2 6914411241 38098719
188 3 3 7011445728 38128999
188 3 4 6917130103 38078489
189 3 1 7121114039 39057928
189 3 2 7027823083 39001186
189 3 3 7121451335 38971705
189 3 4 7025553231 38962745
190 3 1 7230921072 39904653
190 3 2 7135669481 39986674
190 3 3 7232584504 39949153
190 3 4 7139651567 39966103
191 3 1 7346351971 40209718
191 3 2 7247564535 40157547
191 3 3 7345629978 40181307
191 3 4 7250677714 40251848
192 3 1 7461488324 40772928
192 3 2 7357542324 40815158
192 3 3 7460448728 41096814
192 3 4 7359735706 41057893
193 3 1 7577262950 41257837
193 3 2 7473654577 41243947
193 3 3 7577087590 41065004
193 3 4 7479245412 41270938
194 3 1 7697206094 42129414
194 3 2 7600802183 42267926
194 3 3 7700246573 42189583
194 3 4 7597756972 42209855
195 3 1 7813122994 43075140
195 3 2 7711910236 43197582
195 3 3 7810716543 43034160
195 3 4 7710775888 43204692
196 3 1 7927032637 43398196
196 3 2 7820063363 43377485
196 3 3 7927865267 43393516
196 3 4 7818448117 43126801
197 3 1 8044750131 44455205
197 3 2 7940668090 44481606
197 3 3 8047526377 44426194
197 3 4 7940076654 44370343
198 3 1 8171779519 44678900
198 3 2 8061478163 44357653
198 3 3 8169952091 44604288
198 3 4 8081719445 44715389
199 3 1 8305686345 45638958
199 3 2 8191622190 45712738
199 3 3 8303970458 45378422
199 3 4 8191819750 45681168
200 3 1 8418578782 46455463
200 3 2 8299370121 46717187
200 3 3 8414306678 46717047
200 3 4 8303447403 46766568
201 3 1 8546553958 46952832
201 3 2 8429685812 46915441
201 3 3 8544031338 46923600
201 3 4 8436247061 46636195
202 3 1 8669559343 47097214
202 3 2 8551157700 47212916
202 3 3 8672386632 47166685
202 3 4 8552695066 47188175
203 3 1 8797348597 48239375
203 3 2 8691425657 48005600
203 3 3 8795133574 48200865
203 3 4 8684904384 48254976
204 3 1 8929871702 48554340
204 3 2 8804854286 48598491
204 3 3 8930390718 48561431
204 3 4 8807797718 48637001
205 3 1 9054849485 49553188
205 3 2 8939545561 49640491
205 3 3 9054634259 49808473
205 3 4 8932938547 49351255
206 3 1 9187196986 50792282
206 3 2 9055805134 50720361
206 3 3 9187774005 50795241
206 3 4 9063136839 50733890
207 3 1 9320244691 51889352
207 3 2 9199272742 51986913
207 3 3 9320862782 51897272
207 3 4 9200062777 51892855
208 3 1 9456539172 51485198
208 3 2 9343622150 51477156
208 3 3 9455961514 51500137
208 3 4 9327520632 51438905
209 3 1 9584741253 52283341
209 3 2 9458610947 52462074
209 3 3 9588921952 52505614
209 3 4 9459777786 52598187
210 3 1 9723752628 52943402
210 3 2 9590971533 52861349
210 3 3 9727774210 52920291
210 3 4 9598038817 52845430
211 3 1 9861616370 54788985
211 3 2 9735371895 54794506
211 3 3 9856060146 54790464
211 3 4 9742048156 54811955
212 3 1 10002455955 55237963
212 3 2 9867710136 55081239
212 3 3 10002250929 55200861
212 3 4 9869220955 55122109
213 3 1 10258066283 55567177
213 3 2 10141033101 55359714
213 3 3 10259404368 55585478
213 3 4 10125307609 55508285
214 3 1 10402897694 56887832
214 3 2 10259069156 56722758
214 3 3 10402057166 56513094
214 3 4 10268678936 56755588
215 3 1 10543281752 56953301
215 3 2 10401342034 57200716
215 3 3 10543797534 57040302
215 3 4 10401034943 57224286
216 3 1 10699035427 58426248
216 3 2 10563622386 58168513
216 3 3 10696727541 58208563
216 3 4 10573852528 58472627
217 3 1 10836438525 58849385
217 3 2 10689703905 58891915
217 3 3 10837625779 58848125
217 3 4 10705402606 58859764
218 3 1 10982867250 60225780
218 3 2 10832966305 60034395
218 3 3 10982836826 60062696
218 3 4 10842918783 59999865
219 3 1 11125588093 60547786
219 3 2 10976769574 60530375
219 3 3 11127267756 60528904
219 3 4 10985806208 60366911
220 3 1 11282924718 61928520
220 3 2 11137856454 61804948
220 3 3 11286663144 61538802
220 3 4 11135517849 61862398
221 3 1 11428670933 61556642
221 3 2 11286939475 61512701
221 3 3 11423411595 61269887
221 3 4 11293818616 61573311
222 3 1 11580991067 62777155
222 3 2 11422635943 62814895
222 3 3 11581391250 62784754
222 3 4 11431721079 62869356
223 3 1 11737502046 64079528
223 3 2 11580183305 63782892
223 3 3 11738698748 63994926
223 3 4 11579039005 63986985
224 3 1 11891022887 64595557
224 3 2 11729457629 64547226
224 3 3 11889211306 64463095
224 3 4 11737131880 64271051
225 3 1 12051923872 65474253
225 3 2 11884059039 65759379
225 3 3 12046648369 65822519
225 3 4 11906799542 65648506
226 3 1 12223474730 66277107
226 3 2 12061088723 66351989
226 3 3 12225973937 66281287
226 3 4 12066582358 66325568
227 3 1 12366537003 67707204
227 3 2 12200776066 67885426
227 3 3 12364692141 67761484
227 3 4 12208118278 67708463
228 3 1 12526465626 68215263
228 3 2 12356558714 68252943
228 3 3 12527881028 68045609
228 3 4 12375853443 68229052
229 3 1 12694064057 68917356
229 3 2 12519539402 68918695
229 3 3 12694586856 68881495
229 3 4 12546928935 68947485
230 3 1 12858072716 69521566
230 3 2 12689847552 69444434
230 3 3 12853285549 69410323
230 3 4 12690158521 69144919
231 3 1 13023440345 71182207
231 3 2 12848816943 71211167
231 3 3 13022822239 71245958
231 3 4 12849539604 71189807
232 3 1 13197480170 72252906
232 3 2 13027351865 72065133
232 3 3 13197699453 72207554
232 3 4 13022246420 72181034
233 3 1 13375967672 72906168
233 3 2 13195736241 72858518
233 3 3 13372408317 72866237
233 3 4 13196672610 72400138
234 3 1 13522853420 73241314
234 3 2 13339083465 73109321
234 3 3 13521466877 73232714
234 3 4 13343001341 73502498
235 3 1 13698905935 74020348
235 3 2 13505390629 73645672
235 3 3 13693052280 74070320
235 3 4 13536938902 74179961
236 3 1 13870937609 75613908
236 3 2 13677963954 75418554
236 3 3 13867624233 75546796
236 3 4 13694636483 75253861
237 3 1 14039544251 75896562
237 3 2 13865667094 76241579
237 3 3 14044343379 76154217
237 3 4 13858110393 76163518
238 3 1 14213164060 76908531
238 3 2 14038202715 76977372
238 3 3 14212945117 76845950
238 3 4 14056376244 76950282
239 3 1 14392186393 77991621
239 3 2 14194838942 78365718
239 3 3 14390446573 78431060
239 3 4 14199649945 78132454
240 3 1 14596688323 79031599
240 3 2 14395486712 78666334
240 3 3 14599472488 79152562
240 3 4 14411713638 79103621
241 3 1 14752996248 80631639
241 3 2 14565611375 80580749
241 3 3 14751460405 80700641
241 3 4 14557909298 79973448
242 3 1 14946156372 81009337
242 3 2 14733506760 81315463
242 3 3 14942797465 81122080
242 3 4 14773435358 80987306
243 3 1 15113501288 81665259
243 3 2 14906249047 81806641
243 3 3 15117008720 82032276
243 3 4 14912108984 81606077
244 3 1 15304473824 83731347
244 3 2 15088733297 83400271
244 3 3 15302488326 83583905
244 3 4 15093435004 83822509
245 3 1 15480547297 84232636
245 3 2 15269338365 84519951
245 3 3 15477536400 84159965
245 3 4 15298247621 84363419
246 3 1 15671864594 85257106
246 3 2 15456124947 85327816
246 3 3 15669810836 85255445
246 3 4 15460795196 85364788
247 3 1 15862757175 86411417
247 3 2 15660125023 86770323
247 3 3 15852166080 86754594
247 3 4 15674000673 86751833
248 3 1 16060545876 87780422
248 3 2 15854459390 87778931
248 3 3 16052027979 87768710
248 3 4 15846560871 87809570
249 3 1 16340496109 88502163
249 3 2 16134340015 88289907
249 3 3 16338470986 88346898
249 3 4 16125774365 88391187
250 3 1 16428035373 88924887
250 3 2 16233729275 89079238
250 3 3 16441247421 89320902
250 3 4 16218338906 89164608
251 3 1 16635432925 90812818
251 3 2 16412773585 90953660
251 3 3 16635436097 90597713
251 3 4 16436998329 90927708
252 3 1 16827898382 91340545
252 3 2 16625219955 91768272
252 3 3 16828750641 91631849
252 3 4 16623182482 91619539
253 3 1 17028266935 92326561
253 3 2 16815813093 92506174
253 3 3 17027089105 92068895
253 3 4 16831453750 92349429
254 3 1 17228792658 93889479
254 3 2 16994806111 94104592
254 3 3 17228646124 94154401
254 3 4 16996227556 94319575
255 3 1 17444650119 95058717
255 3 2 17231521620 95107698
255 3 3 17444093739 94775121
255 3 4 17210469545 95174008
256 3 1 17634816324 100106820
256 3 2 17392155048 100104540
256 3 3 17616144417 100347453
256 3 4 17416565437 100298782
257 3 1 17837795701 96772196
257 3 2 17601695880 96949788
257 3 3 17832962422 96606682
257 3 4 17600002519 97039390
258 3 1 18036182795 99098597
258 3 2 17801626077 98906714
258 3 3 18048929753 99124458
258 3 4 17809361037 99087317
259 3 1 18252127498 99735399
259 3 2 18000422281 99431883
259 3 3 18252189185 99519934
259 3 4 18015439053 99383320
260 3 1 18466446239 100771077
260 3 2 18211236033 100664144
260 3 3 18458520140 100395059
260 3 4 18214988191 100714355
261 3 1 18774699981 102324544
261 3 2 18519120721 102298243
261 3 3 18775758392 102542178
261 3 4 18545546770 102513936
262 3 1 18884642377 103067257
262 3 2 18613245359 103141308
262 3 3 18884923455 102908594
262 3 4 18637643233 103094937
263 3 1 19100405781 103652807
263 3 2 18826524365 103525375
263 3 3 19101266082 103790889
263 3 4 18860407776 103689837
264 3 1 19330118477 105134684
264 3 2 19062920261 105407069
264 3 3 19330376184 105605562
264 3 4 19067761629 105375128
265 3 1 19531433116 106704443
265 3 2 19257725465 107352975
265 3 3 19536806908 107262422
265 3 4 19273501826 107077529
266 3 1 19829484577 107192472
266 3 2 19558276288 107238752
266 3 3 19825069962 107369655
266 3 4 19573653925 107486166
267 3 1 19973834161 108137138
267 3 2 19699666241 108251200
267 3 3 19967704591 108446854
267 3 4 19703787276 108534365
268 3 1 20435595360 110777697
268 3 2 20165510659 109996822
268 3 3 20436458156 110030843
268 3 4 20162541256 109871890
269 3 1 20665199016 111691254
269 3 2 20422824277 111736545
269 3 3 20660809208 111279265
269 3 4 20414702432 111753464
270 3 1 20881868479 112753364
270 3 2 20604663833 112789444
270 3 3 20884402056 112465088
270 3 4 20611337808 112412247
271 3 1 21134633443 113789892
271 3 2 20866662704 113890524
271 3 3 21135954323 113992816
271 3 4 20888040237 113425455
272 3 1 21342034081 115605566
272 3 2 21051744536 115551674
272 3 3 21346629104 115749198
272 3 4 21064981921 115485294
273 3 1 21575542021 117052932
273 3 2 21281287754 116969041
273 3 3 21566917950 116784647
273 3 4 21329998563 116875559
274 3 1 21804677844 116935079
274 3 2 21526518499 117119114
274 3 3 21813276227 116884310
274 3 4 21552577719 117169454
275 3 1 22041132280 118261845
275 3 2 21736924850 118381687
275 3 3 22038857000 118404242
275 3 4 21790293960 118423591
276 3 1 22275945779 120304297
276 3 2 21967429873 120304626
276 3 3 22278835178 119826507
276 3 4 22019427826 119789196
277 3 1 22512272029 121488458
277 3 2 22229905641 121603980
277 3 3 22516121377 121072740
277 3 4 22221215378 121474107
278 3 1 22756294550 122688950
278 3 2 22447351152 122686840
278 3 3 22752871842 123087867
278 3 4 22453166588 122717690
279 3 1 23003076268 125085034
279 3 2 22715913721 124363840
279 3 3 23001189905 124557854
279 3 4 22693253632 124229688
280 3 1 23241235127 125398300
280 3 2 22925149964 125353739
280 3 3 23241097071 125082183
280 3 4 22929511695 125157585
281 3 1 23484538532 126793045
281 3 2 23185160804 126212305
281 3 3 23484462602 126700432
281 3 4 23190353254 126544190
282 3 1 23723101157 128929194
282 3 2 23422880066 127983096
282 3 3 23723901909 128796972
282 3 4 23427444079 128682219
283 3 1 23969547548 129501215
283 3 2 23672917856 129558006
283 3 3 23954411215 130007185
283 3 4 23691032944 129374932
284 3 1 24225549232 130716697
284 3 2 23916490431 130665006
284 3 3 24225484405 131342979
284 3 4 23931789420 131187276
285 3 1 24473012723 132101873
285 3 2 24176679140 131837138
285 3 3 24473167702 132741745
285 3 4 24172017150 131856678
286 3 1 24727522291 133746263
286 3 2 24393866114 133699932
286 3 3 24731080196 133456927
286 3 4 24407111210 133532600
287 3 1 24989019453 133836606
287 3 2 24654759146 134310284
287 3 3 24988839218 133814525
287 3 4 24669703565 134306834
288 3 1 25238150257 136479474
288 3 2 24933519445 136316682
288 3 3 25240854359 135916404
288 3 4 24909354445 136249459
289 3 1 25502528350 137493232
289 3 2 25185190240 137253559
289 3 3 25498210960 137368541
289 3 4 25186303155 137424802
290 3 1 25757437068 139033911
290 3 2 25423114553 139054033
290 3 3 25769742802 139207945
290 3 4 25428657601 139198985
291 3 1 26026351479 140257625
291 3 2 25698144709 140620351
291 3 3 26020303020 140922637
291 3 4 25723923136 140280065
292 3 1 26298341180 142206760
292 3 2 25941515637 142172719
292 3 3 26296507311 141420205
292 3 4 25998147728 141540538
293 3 1 26574482048 144026834
293 3 2 26213327926 143831161
293 3 3 26582268190 143733919
293 3 4 26239980238 143847131
294 3 1 26806633549 145090305
294 3 2 26455458832 145198927
294 3 3 26819609748 144865800
294 3 4 26505370960 144866230
295 3 1 27093623043 147824005
295 3 2 26718767066 147163024
295 3 3 27095175600 147900356
295 3 4 26770268015 147448049
296 3 1 27345951361 147873377
296 3 2 27026246015 147434312
296 3 3 27363767821 147350717
296 3 4 27030278042 147615177
297 3 1 27683630456 148692194
297 3 2 27318201387 149576687
297 3 3 27695434512 149385649
297 3 4 27367085792 148863264
298 3 1 27911488743 150632165
298 3 2 27533422307 150547240
298 3 3 27920825895 150647928
298 3 4 27540075200 150320900
299 3 1 28259201721 152010008
299 3 2 27870527230 152486575
299 3 3 28239259782 151762247
299 3 4 27909957212 151886618
300 3 1 28464906862 153416135
300 3 2 28080920447 153835810
300 3 3 28474625964 153571803
300 3 4 28120021735 153511610
301 3 1 28758989229 154848724
301 3 2 28359406383 155392272
301 3 3 28753643835 155068444
301 3 4 28377335905 155080162
302 3 1 29018297139 156547589
302 3 2 28645174666 156730601
302 3 3 29033040795 156871452
302 3 4 28645785934 156455622
303 3 1 29325774666 158424068
303 3 2 28924290176 158138921
303 3 3 29331877716 159072827
303 3 4 28975762734 158491435
304 3 1 29591248665 159735718
304 3 2 29256458350 159892260
304 3 3 29610274758 160147444
304 3 4 29215808134 159617084
305 3 1 29896277883 161436676
305 3 2 29520952577 161473376
305 3 3 29893857843 161694240
305 3 4 29514730057 161328132
306 3 1 30170497841 162586455
306 3 2 29760141815 162558853
306 3 3 30184114472 162197267
306 3 4 29779020523 162308708
307 3 1 30461792737 164048539
307 3 2 30085028542 163910436
307 3 3 30475627680 163833495
307 3 4 30066642234 164196711
308 3 1 30770223752 165542057
308 3 2 30339524171 165627187
308 3 3 30776284627 165476594
308 3 4 30356280477 165599315
309 3 1 31060426306 167692435
309 3 2 30694906116 167428419
309 3 3 31050008883 167462800
309 3 4 30682122048 167240265
310 3 1 31346670273 168989738
310 3 2 30949694689 169586879
310 3 3 31368008501 168905625
310 3 4 30945098660 169024607
311 3 1 31634734630 171610206
311 3 2 31225057022 171765759
311 3 3 31663764095 171380042
311 3 4 31294475228 171396482
312 3 1 31965043168 173199905
312 3 2 31538283790 173012912
312 3 3 31942895569 173414599
312 3 4 31553676358 173044792
313 3 1 32265653288 174180013
313 3 2 31860850798 174424818
313 3 3 32268790563 174207594
313 3 4 31828049751 174617438
314 3 1 32589033372 176516582
314 3 2 32148615711 175934128
314 3 3 32597037637 175970716
314 3 4 32164115653 176480314
315 3 1 32884180442 177145276
315 3 2 32472471976 176903412
315 3 3 32866084370 176829210
315 3 4 32485152213 177267140
316 3 1 33182160983 179505696
316 3 2 32757868161 179685822
316 3 3 33190071126 179460669
316 3 4 32772561008 179461383
317 3 1 33514604726 181185969
317 3 2 33056786755 181547380
317 3 3 33471704619 181554934
317 3 4 33107685544 181744613
318 3 1 33815958357 184162824
318 3 2 33348597674 184432074
318 3 3 33813139844 184232196
318 3 4 33391226740 184426955
319 3 1 34137016413 184967611
319 3 2 33694292808 185032448
319 3 3 34130495118 185576225
319 3 4 33678892382 185122753
320 3 1 34455753896 186600158
320 3 2 33969949429 186698507
320 3 3 34445601861 187014331
320 3 4 34019780322 187226193
321 3 1 34794663144 187831031
321 3 2 34348531542 187845459
321 3 3 34792232965 188901626
321 3 4 34327186669 188236142
322 3 1 35121888248 190153978
322 3 2 34656562891 190451381
322 3 3 35123613378 190166204
322 3 4 34663750075 189889397
323 3 1 35418948014 191010107
323 3 2 34962892598 191058346
323 3 3 35409107424 190879382
323 3 4 34947739187 191134505
324 3 1 35733057195 193394738
324 3 2 35271946608 192919517
324 3 3 35740209060 192890835
324 3 4 35268365388 193003207
325 3 1 36064910793 195323380
325 3 2 35574222949 194980053
325 3 3 36059408668 195129135
325 3 4 35633078605 195334478
326 3 1 36397227198 196148753
326 3 2 35927130980 195957768
326 3 3 36392582832 195947477
326 3 4 35942084766 196088250
327 3 1 36712961229 198955013
327 3 2 36218290727 198646757
327 3 3 36734849693 198802230
327 3 4 36308425104 198790109
328 3 1 37056636592 200809147
328 3 2 36544690668 200801587
328 3 3 37060207963 200830730
328 3 4 36617435284 200947016
329 3 1 37405934667 201940397
329 3 2 36926114219 202023502
329 3 3 37384986244 202098356
329 3 4 36956992913 202075468
330 3 1 37740861646 204074037
330 3 2 37247031172 203919277
330 3 3 37737858681 204169363
330 3 4 37298708831 204044273
331 3 1 38081191087 205630564
331 3 2 37631402777 205267140
331 3 3 38081557345 205590897
331 3 4 37650684243 205268423
332 3 1 38416707709 207686109
332 3 2 37917577401 208495206
332 3 3 38393995978 207457728
332 3 4 37907045021 207416177
333 3 1 38771446441 210068368
333 3 2 38249909243 210502887
333 3 3 38770530781 210073440
333 3 4 38244575210 210481569
334 3 1 39102438344 211939167
334 3 2 38569635242 211513970
334 3 3 39108412381 211832426
334 3 4 38586255128 211575952
335 3 1 39463796541 212936218
335 3 2 38962573724 213044852
335 3 3 39462463545 213034611
335 3 4 38945514487 212863668
336 3 1 39806471368 215675812
336 3 2 39306887185 216080809
336 3 3 39807303385 215615411
336 3 4 39296027259 216284174
337 3 1 40152708225 217777263
337 3 2 39594249137 217533368
337 3 3 40157407240 217202402
337 3 4 39613593729 218098020
338 3 1 40984524664 219672980
338 3 2 40486511173 219905845
338 3 3 40964319792 220174180
338 3 4 40474641841 220082989
339 3 1 41323060774 220830604
339 3 2 40856651918 221406434
339 3 3 41348242879 221031706
339 3 4 40826371070 221056678
340 3 1 41689182219 224297019
340 3 2 41173432031 223135727
340 3 3 41704435169 222983514
340 3 4 41191548884 223126337
341 3 1 42059366822 225887439
341 3 2 41566902500 225561423
341 3 3 42061717057 225605474
341 3 4 41501269893 225456931
342 3 1 42416063859 226652344
342 3 2 41893655720 226455721
342 3 3 42414862781 226510252
342 3 4 41885576287 226758356
343 3 1 42790569549 228775695
343 3 2 42264434931 228944968
343 3 3 42791824504 230520908
343 3 4 42243712551 230032488
344 3 1 43171973448 230880504
344 3 2 42593910895 230701511
344 3 3 43160961207 230883085
344 3 4 42603688525 230732883
345 3 1 43529956273 234200917
345 3 2 42940099614 234444872
345 3 3 43517809887 234420002
345 3 4 42950361110 233998604
346 3 1 43897482161 236400999
346 3 2 43323003420 234983643
346 3 3 43888908388 237266556
346 3 4 43307999806 236599413
347 3 1 44265474882 237422330
347 3 2 43744323369 237472210
347 3 3 44278819630 237626143
347 3 4 43753011710 237417429
348 3 1 44652742942 239075241
348 3 2 44040808458 238801015
348 3 3 44646891476 238968378
348 3 4 44095418888 239061859
349 3 1 45018817108 242630447
349 3 2 44423685682 241103439
349 3 3 44986930517 241311812
349 3 4 44459524855 242040347
350 3 1 45390262422 243619737
350 3 2 44813699679 242894012
350 3 3 45396831049 243413303
350 3 4 44839604621 242925143
351 3 1 45784769873 245260957
351 3 2 45178820991 245405590
351 3 3 45784883267 246017912
351 3 4 45216174600 245454642
352 3 1 46148811524 247015311
352 3 2 45558076751 247143483
352 3 3 46166473439 247392808
352 3 4 45579616369 247323123
353 3 1 46555050534 249376810
353 3 2 46003625178 249394340
353 3 3 46556962755 249350507
353 3 4 45965832058 249514227
354 3 1 46952984740 251660714
354 3 2 46311249417 251510498
354 3 3 46949621528 251491903
354 3 4 46411140130 251469597
355 3 1 47315458981 255019579
355 3 2 46750337865 254771979
355 3 3 47329927231 254790352
355 3 4 46752296219 254772486
356 3 1 47723859115 256570052
356 3 2 47095304579 256235630
356 3 3 47696263813 256327115
356 3 4 47119751502 256737585
357 3 1 48142885913 257988110
357 3 2 47509649076 258150266
357 3 3 48134168785 258049746
357 3 4 47556244036 258057998
358 3 1 48526617210 260357573
358 3 2 47889731350 260406424
358 3 3 48521498564 260365766
358 3 4 47919769789 261563219
359 3 1 48884115663 262741774
359 3 2 48318979332 262891836
359 3 3 48913022057 262919768
359 3 4 48316321002 262884488
360 3 1 49321864891 264681293
360 3 2 48661918720 264690394
360 3 3 49314779277 264982430
360 3 4 48708638815 265245016
361 3 1 49712445324 266345647
361 3 2 49092558891 266309167
361 3 3 49726730648 266267167
361 3 4 49145450416 266327637
362 3 1 50126271926 269061810
362 3 2 49482153151 269589351
362 3 3 50127166291 268961809
362 3 4 49493747635 269385607
363 3 1 50534662781 270795914
363 3 2 49869817901 270925577
363 3 3 50523253137 270930678
363 3 4 49902107443 271669792
364 3 1 50942543566 273866934
364 3 2 50339764541 273609451
364 3 3 50968242697 273647282
364 3 4 50333202313 273629863
365 3 1 51385610965 275383287
365 3 2 50740854547 275790824
365 3 3 51338733117 276852244
365 3 4 50723411854 276756604
366 3 1 51773544355 278570367
366 3 2 51117016561 278507566
366 3 3 51776995777 279273341
366 3 4 51108055144 277981458
367 3 1 52235593759 280205239
367 3 2 51591887491 281107407
367 3 3 52241259651 280125989
367 3 4 51557709593 279897954
368 3 1 52619035944 283165717
368 3 2 51932282237 282664197
368 3 3 52611200673 282569155
368 3 4 51950774107 282694358
369 3 1 53037544060 284635534
369 3 2 52401929399 285608004
369 3 3 53059246450 284548854
369 3 4 52402021466 284857530
370 3 1 53461325104 287358676
370 3 2 52762270988 287334566
370 3 3 53461939192 287373487
370 3 4 52783670976 287162633
371 3 1 53896103542 289164241
371 3 2 53177729436 289584898
371 3 3 53898827061 289258912
371 3 4 53167715050 289183192
372 3 1 54326538573 292840031
372 3 2 53675496234 293043575
372 3 3 54322622261 292841001
372 3 4 53650858499 292722299
373 3 1 54752203893 294178056
373 3 2 53990347398 294383141
373 3 3 54718923520 294032567
373 3 4 54095051634 293921919
374 3 1 55219339260 296057782
374 3 2 54497930978 297137485
374 3 3 55229780895 296257730
374 3 4 54504818206 296276532
375 3 1 55624005963 299200490
375 3 2 54874829097 299183921
375 3 3 55632051066 299133321
375 3 4 54953745961 299401898
376 3 1 56057034959 302404167
376 3 2 55364273697 302208213
376 3 3 56065859088 302206654
376 3 4 55350945762 302658385
377 3 1 56486327495 304282246
377 3 2 55784691183 304171364
377 3 3 56515776843 304267977
377 3 4 55848973934 304331788
378 3 1 56937494550 306048471
378 3 2 56187956589 306015581
378 3 3 56962885646 305861339
378 3 4 56279222697 306184466
379 3 1 57359823704 308190873
379 3 2 56692118151 308179273
379 3 3 57378191566 308474478
379 3 4 56654990452 308503119
380 3 1 57853835520 311275782
380 3 2 57077242729 311705611
380 3 3 57847290481 311222862
380 3 4 57087977568 311170481
381 3 1 58285060040 313785881
381 3 2 57488639049 313709439
381 3 3 58277054417 313747709
381 3 4 57540676743 313614527
382 3 1 58741740114 316791968
382 3 2 57959796513 316895477
382 3 3 58739252873 316694153
382 3 4 57978250841 316808565
383 3 1 59202000848 319503806
383 3 2 58452097243 319519827
383 3 3 59180292903 319587808
383 3 4 58483781865 320597828
384 3 1 59652380564 320701290
384 3 2 58829615994 321050807
384 3 3 59652550658 321414244
384 3 4 58905128892 322211019
385 3 1 60070138233 324055784
385 3 2 59335197558 324333990
385 3 3 60115693702 324125275
385 3 4 59373931202 323872120
386 3 1 60571127585 327407678
386 3 2 59790269675 327694753
386 3 3 60568578212 327092231
386 3 4 59888945908 327318226
387 3 1 61041825990 328350726
387 3 2 60255549013 328762384
387 3 3 61050562719 328496859
387 3 4 60328569023 328476738
388 3 1 61674004605 330680970
388 3 2 60838954903 331069197
388 3 3 61692332912 330821792
388 3 4 60926286231 331010736
389 3 1 61985877288 333282378
389 3 2 61173537422 333607595
389 3 3 61979823479 333334070
389 3 4 61198879546 333436961
390 3 1 62450362622 335539612
390 3 2 61619669080 335556502
390 3 3 62396022300 335937939
390 3 4 61624147143 336475061
391 3 1 62901767396 338823104
391 3 2 62053156161 339073296
391 3 3 62916977360 338842109
391 3 4 62160289532 339400857
392 3 1 63394410867 341304428
392 3 2 62590227531 341377293
392 3 3 63398923446 341866597
392 3 4 62669549180 342480223
393 3 1 63873002746 343479424
393 3 2 63041774865 343489337
393 3 3 63884685282 343446350
393 3 4 63079385532 343594484
394 3 1 64355749301 346707195
394 3 2 63511468671 346903700
394 3 3 64354275257 346914063
394 3 4 63519897853 346969806
395 3 1 64835875153 349619157
395 3 2 64010671625 349440844
395 3 3 64844893707 349683180
395 3 4 64036739295 349618919
396 3 1 65343810627 352106257
396 3 2 64522079628 352293061
396 3 3 65346331033 351720321
396 3 4 64482598221 351663231
397 3 1 65814425447 354777580
397 3 2 64955608610 354344512
397 3 3 65808869840 354270342
397 3 4 64975203476 354813492
398 3 1 66277746451 358072253
398 3 2 65447475957 358182055
398 3 3 66298611456 357848641
398 3 4 65447410710 358413122
399 3 1 66964733014 359963494
399 3 2 66140715713 359507448
399 3 3 66927829089 359514392
399 3 4 66118066746 359563028
400 3 1 67259884655 363784352
400 3 2 66418058413 365050973
400 3 3 67281034674 362523841
400 3 4 66512300481 362728472
