1 2 1 20304368 27727384
1 2 2 116652 16380
1 2 3 84212 14651
1 2 4 87872 14601
2 2 1 88402 33791
2 2 2 87592 14860
2 2 3 86072 14640
2 2 4 84672 14600
3 2 1 92021 32071
3 2 2 90892 15530
3 2 3 89402 15420
3 2 4 89221 15380
4 2 1 94792 15740
4 2 2 93082 15460
4 2 3 93352 15180
4 2 4 94372 15250
5 2 1 103763 18750
5 2 2 105052 15190
5 2 3 102692 15230
5 2 4 101802 15400
6 2 1 117672 15380
6 2 2 113052 15571
6 2 3 111712 15490
6 2 4 115012 15460
7 2 1 121643 15520
7 2 2 120342 15230
7 2 3 140043 16771
7 2 4 121872 15280
8 2 1 143633 15460
8 2 2 135703 15590
8 2 3 136693 15820
8 2 4 135162 15490
9 2 1 152303 16060
9 2 2 149173 15600
9 2 3 147913 15661
9 2 4 148873 15600
10 2 1 163654 15551
10 2 2 167304 15971
10 2 3 164033 16660
10 2 4 162764 15620
11 2 1 192884 15640
11 2 2 182224 15511
11 2 3 183463 15470
11 2 4 183253 15530
12 2 1 200734 16250
12 2 2 202215 15470
12 2 3 200754 15900
12 2 4 200325 15380
13 2 1 224855 15931
13 2 2 221485 15860
13 2 3 219755 15630
13 2 4 220635 15611
14 2 1 242825 15531
14 2 2 240115 15710
14 2 3 242745 15520
14 2 4 242015 15480
15 2 1 283666 15370
15 2 2 269505 15560
15 2 3 277806 15420
15 2 4 272906 15370
16 2 1 297196 15980
16 2 2 296597 16111
16 2 3 292106 15751
16 2 4 293656 15580
17 2 1 322067 15850
17 2 2 321867 15620
17 2 3 319777 15750
17 2 4 320636 15790
18 2 1 348317 15520
18 2 2 347648 15611
18 2 3 356328 15681
18 2 4 345567 15550
19 2 1 381718 15260
19 2 2 381138 15310
19 2 3 377118 15240
19 2 4 376908 15180
20 2 1 407378 15560
20 2 2 408449 15380
20 2 3 405859 15821
20 2 4 407569 15401
21 2 1 473400 15521
21 2 2 451360 15250
21 2 3 451390 15171
21 2 4 457479 15530
22 2 1 490430 15681
22 2 2 482760 15150
22 2 3 484340 15121
22 2 4 484500 15120
23 2 1 525921 15570
23 2 2 518881 15391
23 2 3 523381 15420
23 2 4 525461 15350
24 2 1 565412 15581
24 2 2 562782 15520
24 2 3 563282 15551
24 2 4 557502 15400
25 2 1 602033 15280
25 2 2 593873 15171
25 2 3 598933 15190
25 2 4 596013 15301
26 2 1 638693 15210
26 2 2 633393 15270
26 2 3 636474 15130
26 2 4 640333 15240
27 2 1 682884 15450
27 2 2 672875 15281
27 2 3 676795 15171
27 2 4 673034 15220
28 2 1 725435 15540
28 2 2 725395 15430
28 2 3 723945 15200
28 2 4 723995 15350
29 2 1 773556 15221
29 2 2 766336 15170
29 2 3 770156 15371
29 2 4 777546 15550
30 2 1 866319 15471
30 2 2 832448 15291
30 2 3 840118 15441
30 2 4 833018 15640
31 2 1 887799 15451
31 2 2 879659 15290
31 2 3 890059 15220
31 2 4 881068 15270
32 2 1 929029 15340
32 2 2 930619 15340
32 2 3 934610 15240
32 2 4 933660 15421
33 2 1 986451 15281
33 2 2 981771 15231
33 2 3 980651 15701
33 2 4 984290 15620
34 2 1 1038672 15451
34 2 2 1028382 15421
34 2 3 1038102 15551
34 2 4 1035832 16091
35 2 1 1096873 15541
35 2 2 1086582 15260
35 2 3 1102133 15281
35 2 4 1088353 15530
36 2 1 1143544 15500
36 2 2 1138043 17280
36 2 3 1138394 15581
36 2 4 1148914 15340
37 2 1 1206315 15170
37 2 2 1209546 15280
37 2 3 1197975 15170
37 2 4 1205726 15240
38 2 1 1268857 15540
38 2 2 1259366 15350
38 2 3 1252787 17761
38 2 4 1252156 15650
39 2 1 1326487 15590
39 2 2 1319118 15121
39 2 3 1322438 15210
39 2 4 1324588 15720
40 2 1 1388260 15680
40 2 2 1383169 15281
40 2 3 1381740 15271
40 2 4 1381789 15230
41 2 1 1545832 15631
41 2 2 1480232 15530
41 2 3 1502852 15580
41 2 4 1496312 15401
42 2 1 1562123 15361
42 2 2 1558503 16061
42 2 3 1551513 15180
42 2 4 1553882 15400
43 2 1 1623274 15411
43 2 2 1619784 15380
43 2 3 1621074 15400
43 2 4 1629424 15400
44 2 1 1700396 15481
44 2 2 1689136 15401
44 2 3 1694496 15410
44 2 4 1682455 15330
45 2 1 1765857 15900
45 2 2 1754807 15381
45 2 3 1755048 15420
45 2 4 1756597 15481
46 2 1 1830918 15510
46 2 2 1821078 15590
46 2 3 1820978 15730
46 2 4 1827478 15360
47 2 1 1899399 15590
47 2 2 1903970 15550
47 2 3 1903390 15741
47 2 4 1897240 15361
48 2 1 1971432 15300
48 2 2 1964752 15410
48 2 3 1968692 15421
48 2 4 1959221 15420
49 2 1 2062994 15430
49 2 2 2051513 15430
49 2 3 2057113 15350
49 2 4 2052713 15561
50 2 1 2132005 15470
50 2 2 2128965 15461
50 2 3 2125445 15561
50 2 4 2135495 15420
51 2 1 2229838 15661
51 2 2 2220437 15391
51 2 3 2215527 15850
51 2 4 2207277 15540
52 2 1 2311618 15560
52 2 2 2288348 15520
52 2 3 2291758 16200
52 2 4 3525084 20110
53 2 1 2413021 15751
53 2 2 2372820 15600
53 2 3 2378620 15760
53 2 4 2392400 15661
54 2 1 2484072 15840
54 2 2 2458852 15500
54 2 3 2459842 16630
54 2 4 2469722 15760
55 2 1 2566165 15921
55 2 2 2537713 15781
55 2 3 2549783 15810
55 2 4 2543813 16200
56 2 1 2661477 15750
56 2 2 2635125 15890
56 2 3 2638316 15820
56 2 4 2650035 15770
57 2 1 2730327 15900
57 2 2 2742367 15800
57 2 3 2727228 16131
57 2 4 2728987 15950
58 2 1 3015583 15871
58 2 2 3251669 17370
58 2 3 3269138 18870
58 2 4 3267839 18530
59 2 1 2984683 15761
59 2 2 2984603 15820
59 2 3 2983573 15821
59 2 4 2962962 15360
60 2 1 3069214 15790
60 2 2 3074225 15591
60 2 3 3080744 16040
60 2 4 3060615 15901
61 2 1 3184688 15631
61 2 2 3167386 15770
61 2 3 3187827 15621
61 2 4 3171978 16060
62 2 1 3277709 15791
62 2 2 3246899 15721
62 2 3 3271199 16201
62 2 4 3270319 16630
63 2 1 3381891 15900
63 2 2 3360461 16450
63 2 3 3370201 16291
63 2 4 3377041 16130
64 2 1 3479673 16250
64 2 2 3460463 16681
64 2 3 3466352 16260
64 2 4 3475222 16130
65 2 1 3578826 16231
65 2 2 3580526 16480
65 2 3 3582245 16510
65 2 4 3573725 16310
66 2 1 3690757 16660
66 2 2 3665727 16210
66 2 3 3662997 16371
66 2 4 3671727 16400
67 2 1 3770790 16421
67 2 2 3779189 16480
67 2 3 3788900 16440
67 2 4 3768329 16410
68 2 1 3907142 16450
68 2 2 3906232 16420
68 2 3 3895601 16370
68 2 4 3885521 16380
69 2 1 4020095 16270
69 2 2 3966064 17831
69 2 3 3993744 16511
69 2 4 3987744 16431
70 2 1 4138738 16501
70 2 2 4100196 16491
70 2 3 4099056 16570
70 2 4 4108377 16480
71 2 1 4244249 16500
71 2 2 4213089 16340
71 2 3 4221499 16540
71 2 4 4214559 16471
72 2 1 4324220 16450
72 2 2 4313260 16560
72 2 3 4333241 16600
72 2 4 4342551 16490
73 2 1 4459034 16791
73 2 2 4457014 16721
73 2 3 4465095 16741
73 2 4 4444293 17010
74 2 1 4566437 17141
74 2 2 4553716 17151
74 2 3 4557676 17710
74 2 4 4563606 16900
75 2 1 4671938 16880
75 2 2 4656239 16670
75 2 3 4673228 17310
75 2 4 4794311 17110
76 2 1 4820441 16910
76 2 2 4775561 17210
76 2 3 4805901 17141
76 2 4 4799552 16890
77 2 1 4939454 17441
77 2 2 4928615 16920
77 2 3 4917193 16980
77 2 4 4925894 19691
78 2 1 5028865 17550
78 2 2 5024926 17271
78 2 3 5048397 17410
78 2 4 5034966 17120
79 2 1 5196119 17280
79 2 2 5185209 17301
79 2 3 5162058 17031
79 2 4 5163639 18771
80 2 1 5289771 17240
80 2 2 5270231 18231
80 2 3 5294581 17191
80 2 4 5307712 16931
81 2 1 5432974 17561
81 2 2 5480576 17240
81 2 3 5407553 17300
81 2 4 5416504 17380
82 2 1 5741470 17760
82 2 2 5570257 18100
82 2 3 5568657 17660
82 2 4 5591509 17331
83 2 1 5704280 17551
83 2 2 5689071 17440
83 2 3 5695020 17630
83 2 4 5698021 17720
84 2 1 5852193 18141
84 2 2 5819022 17530
84 2 3 5808652 18060
84 2 4 5838563 17971
85 2 1 5974336 17871
85 2 2 5974656 17861
85 2 3 5984287 17780
85 2 4 5974905 17730
86 2 1 6102179 18061
86 2 2 6113289 17910
86 2 3 6119649 17880
86 2 4 6102488 17731
87 2 1 6231351 17891
87 2 2 6243362 17660
87 2 3 6262042 17901
87 2 4 6241332 17950
88 2 1 6399904 18171
88 2 2 6384044 18551
88 2 3 6415725 18130
88 2 4 6391355 18050
89 2 1 6459246 18461
89 2 2 6529367 18330
89 2 3 6510747 18210
89 2 4 6536117 18240
90 2 1 6668391 18500
90 2 2 6653280 18640
90 2 3 6628379 19260
90 2 4 6677231 21061
91 2 1 6810543 18570
91 2 2 6772963 18831
91 2 3 6820714 18431
91 2 4 6797992 18640
92 2 1 7116450 21620
92 2 2 6956916 19000
92 2 3 6940046 18911
92 2 4 6952937 18960
93 2 1 7114609 18560
93 2 2 7076680 18551
93 2 3 7128921 18760
93 2 4 7075119 18670
94 2 1 7243183 18961
94 2 2 7238922 18710
94 2 3 7217732 18890
94 2 4 7205663 19141
95 2 1 7392275 18890
95 2 2 7398606 18501
95 2 3 7370086 18711
95 2 4 7377575 18741
96 2 1 7561359 19970
96 2 2 7554049 19870
96 2 3 7490067 19850
96 2 4 7503798 19680
97 2 1 7720022 20060
97 2 2 7711262 20021
97 2 3 7705403 20000
97 2 4 7697503 20301
98 2 1 7839685 20081
98 2 2 7868216 19980
98 2 3 7835775 20031
98 2 4 7882846 19881
99 2 1 8001589 20231
99 2 2 8002078 28200
99 2 3 8004618 19990
99 2 4 8049380 20171
100 2 1 8181843 20001
100 2 2 8170022 20151
100 2 3 8155462 20071
100 2 4 8153122 20430
101 2 1 8319305 20480
101 2 2 8325485 20531
101 2 3 8335395 20560
101 2 4 8338466 20520
102 2 1 8487798 21700
102 2 2 8476798 21560
102 2 3 8436378 21361
102 2 4 8459009 21391
103 2 1 8632731 21611
103 2 2 8682952 21600
103 2 3 8649632 21850
103 2 4 8649802 21580
104 2 1 8785335 21970
104 2 2 8763275 21691
104 2 3 8777495 21860
104 2 4 8806875 21850
105 2 1 9006469 21880
105 2 2 8988519 22000
105 2 3 8991719 22211
105 2 4 8964809 22101
106 2 1 9163692 22500
106 2 2 9085152 22121
106 2 3 9126413 22181
106 2 4 9156923 22130
107 2 1 9313325 22440
107 2 2 9302836 22180
107 2 3 9337456 22070
107 2 4 9329967 22281
108 2 1 10079662 28081
108 2 2 9689804 22390
108 2 3 9441088 22460
108 2 4 9482490 22171
109 2 1 9646163 23321
109 2 2 9644973 22501
109 2 3 9650572 22450
109 2 4 9630573 22581
110 2 1 9963739 23330
110 2 2 9986611 23121
110 2 3 9948869 22860
110 2 4 9957190 23351
111 2 1 10134412 24141
111 2 2 10152464 22980
111 2 3 10102373 22801
111 2 4 10108463 22930
112 2 1 10376578 23370
112 2 2 10333998 23291
112 2 3 10340887 23110
112 2 4 10336578 22961
113 2 1 10488081 23591
113 2 2 10535602 23060
113 2 3 10497022 23821
113 2 4 10497981 23340
114 2 1 10696545 23770
114 2 2 10666694 23270
114 2 3 10735406 23351
114 2 4 10725896 23080
115 2 1 11558734 23721
115 2 2 12109875 24040
115 2 3 12060964 23321
115 2 4 12111775 23491
116 2 1 12250238 24031
116 2 2 12311949 24011
116 2 3 12231748 23501
116 2 4 12262369 23651
117 2 1 12423562 24150
117 2 2 12502083 23630
117 2 3 12463132 25880
117 2 4 12444322 23650
118 2 1 12632466 27050
118 2 2 12638126 24431
118 2 3 12612045 24040
118 2 4 12613195 23781
119 2 1 12860041 24120
119 2 2 12820230 24230
119 2 3 12836880 24021
119 2 4 12886412 24141
120 2 1 13021124 24121
120 2 2 13016035 25091
120 2 3 13058645 24170
120 2 4 13053255 24211
121 2 1 13190538 24280
121 2 2 13197298 25171
121 2 3 13270700 24431
121 2 4 13247159 24080
122 2 1 13450223 24781
122 2 2 13412453 24771
122 2 3 13436173 24170
122 2 4 13431982 24291
123 2 1 13655018 24701
123 2 2 13608247 24221
123 2 3 13619237 24490
123 2 4 14066736 30260
124 2 1 13861222 24771
124 2 2 13862232 24600
124 2 3 13838421 24790
124 2 4 13895113 24710
125 2 1 14067156 24890
125 2 2 14041575 25121
125 2 3 14067766 25601
125 2 4 14038966 26910
126 2 1 14244620 27461
126 2 2 14279220 24720
126 2 3 14255140 24741
126 2 4 14279781 25050
127 2 1 14463224 25981
127 2 2 14473774 24940
127 2 3 14450785 25151
127 2 4 14513616 24721
128 2 1 14658229 25560
128 2 2 14650318 25591
128 2 3 14654988 25860
128 2 4 14669429 26181
129 2 1 14881713 25490
129 2 2 14852723 25780
129 2 3 14855742 25840
129 2 4 14882113 26130
130 2 1 15120089 26081
130 2 2 15138009 29491
130 2 3 15084427 25530
130 2 4 15134338 25491
131 2 1 15334353 25720
131 2 2 15314932 26160
131 2 3 15320822 26300
131 2 4 15293951 25600
132 2 1 15539696 26401
132 2 2 15503357 26101
132 2 3 15544237 26531
132 2 4 15544967 26170
133 2 1 15746072 26201
133 2 2 15745071 26161
133 2 3 15770942 26120
133 2 4 15705990 26370
134 2 1 15877584 26871
134 2 2 15989856 26580
134 2 3 16025487 27320
134 2 4 15934545 26300
135 2 1 16238632 26420
135 2 2 16171611 26891
135 2 3 16184271 26670
135 2 4 16162190 26441
136 2 1 16417656 26931
136 2 2 16388234 27691
136 2 3 16384755 26381
136 2 4 16412586 26761
137 2 1 16657920 27150
137 2 2 16694452 27581
137 2 3 16671380 27130
137 2 4 16595260 26831
138 2 1 16815444 27661
138 2 2 16852224 27740
138 2 3 16877415 27211
138 2 4 16830445 26581
139 2 1 17138231 27531
139 2 2 17063839 27281
139 2 3 17716903 33081
139 2 4 17064919 27511
140 2 1 17303034 27401
140 2 2 17322265 27251
140 2 3 17351825 28541
140 2 4 17236443 27431
141 2 1 17527339 27370
141 2 2 17570310 27761
141 2 3 17527438 27960
141 2 4 17556530 27671
142 2 1 17778184 27510
142 2 2 17794114 27190
142 2 3 17775415 27361
142 2 4 17782314 27750
143 2 1 17998289 27600
143 2 2 17992539 27451
143 2 3 17979628 27421
143 2 4 18048770 27880
144 2 1 18245083 28271
144 2 2 18248214 28130
144 2 3 18240894 28941
144 2 4 18234993 28231
145 2 1 18473049 28571
145 2 2 18496999 29471
145 2 3 18438078 29130
145 2 4 18501519 28421
146 2 1 18809556 28300
146 2 2 18772765 28320
146 2 3 18726244 28870
146 2 4 18719853 28251
147 2 1 18924079 28351
147 2 2 18919178 30911
147 2 3 18917439 28370
147 2 4 18978109 28741
148 2 1 19194564 28731
148 2 2 19200664 28670
148 2 3 19214524 28651
148 2 4 19177364 29011
149 2 1 19452849 29461
149 2 2 19414168 29050
149 2 3 19459070 29811
149 2 4 19463759 28891
150 2 1 19754896 28531
150 2 2 19701595 28670
150 2 3 19691874 30580
150 2 4 19706935 28790
151 2 1 19916139 29080
151 2 2 19974571 28941
151 2 3 19916598 38711
151 2 4 19964180 28801
152 2 1 20190385 29210
152 2 2 20210886 29631
152 2 3 20170095 29121
152 2 4 20221426 29031
153 2 1 20446291 29381
153 2 2 20457920 30361
153 2 3 20433381 29511
153 2 4 20422579 29320
154 2 1 20842690 35121
154 2 2 20840548 32470
154 2 3 20877720 32261
154 2 4 20899689 32691
155 2 1 21095284 32611
155 2 2 21134255 33361
155 2 3 21099024 32500
155 2 4 21106945 33421
156 2 1 21415400 32331
156 2 2 21370519 32451
156 2 3 22033575 38401
156 2 4 21443421 32321
157 2 1 21672996 32641
157 2 2 21678806 33620
157 2 3 21552493 32441
157 2 4 21598314 33091
158 2 1 21850210 32851
158 2 2 21865740 32810
158 2 3 21813030 32541
158 2 4 21873461 32741
159 2 1 22172846 32580
159 2 2 22106206 36881
159 2 3 22102995 32951
159 2 4 22204327 32781
160 2 1 22362821 33191
160 2 2 22402271 32670
160 2 3 22373550 33281
160 2 4 22330831 33171
161 2 1 22665707 34061
161 2 2 22626856 33241
161 2 3 22626096 33541
161 2 4 22624746 34801
162 2 1 22886182 33761
162 2 2 22841660 33781
162 2 3 22897602 38431
162 2 4 22897522 33531
163 2 1 23678568 34150
163 2 2 24122198 33481
163 2 3 24082477 34621
163 2 4 24101277 33871
164 2 1 24309592 33680
164 2 2 24295861 34111
164 2 3 24255750 33741
164 2 4 24294531 33581
165 2 1 24591417 34791
165 2 2 24576017 34211
165 2 3 24506916 34161
165 2 4 24566827 33970
166 2 1 24818602 33380
166 2 2 24891663 35061
166 2 3 24793831 34271
166 2 4 24838143 33410
167 2 1 25007457 34331
167 2 2 25055998 34671
167 2 3 25131060 34281
167 2 4 25125419 34241
168 2 1 25361523 34140
168 2 2 25352003 34571
168 2 3 25359853 34921
168 2 4 25320543 34351
169 2 1 25609810 34621
169 2 2 25621229 34381
169 2 3 25565179 35560
169 2 4 25670781 34611
170 2 1 25900675 34971
170 2 2 25915455 35031
170 2 3 25838264 34590
170 2 4 25828614 34850
171 2 1 26163390 35241
171 2 2 26089419 35501
171 2 3 26079769 35071
171 2 4 26145280 35301
172 2 1 26435436 35001
172 2 2 26475917 35631
172 2 3 26557309 35911
172 2 4 26462517 35671
173 2 1 26724982 35971
173 2 2 26749383 35631
173 2 3 26636171 35901
173 2 4 26744903 35290
174 2 1 27257064 44131
174 2 2 27010279 35370
174 2 3 26890136 35721
174 2 4 26972468 36090
175 2 1 27195703 35411
175 2 2 27250773 35211
175 2 3 27197942 35681
175 2 4 27253074 35921
176 2 1 27336195 36131
176 2 2 27401537 37981
176 2 3 27357465 38961
176 2 4 27299794 36020
177 2 1 27617250 36671
177 2 2 27606011 36081
177 2 3 27657802 36111
177 2 4 27705163 36040
178 2 1 27955348 36561
178 2 2 27813015 36361
178 2 3 27936938 36721
178 2 4 27863237 36481
179 2 1 28166703 37941
179 2 2 28174813 36981
179 2 3 28199824 36420
179 2 4 28141122 37071
180 2 1 28506510 37171
180 2 2 28519060 37221
180 2 3 28499070 37231
180 2 4 28506929 37101
181 2 1 28802866 37431
181 2 2 28713595 37781
181 2 3 28740105 37071
181 2 4 28727025 37341
182 2 1 29102122 38191
182 2 2 29034591 37350
182 2 3 29065922 37911
182 2 4 29065831 42041
183 2 1 29304146 37341
183 2 2 29317997 38021
183 2 3 29308847 37580
183 2 4 29412139 38011
184 2 1 29553562 37981
184 2 2 29581123 38211
184 2 3 29706165 37811
184 2 4 29702396 38221
185 2 1 29943530 38361
185 2 2 30005201 38471
185 2 3 29833788 37970
185 2 4 29924260 41800
186 2 1 30169505 38141
186 2 2 30185135 38370
186 2 3 30172635 39151
186 2 4 30162595 38301
187 2 1 30447511 38390
187 2 2 30533402 39151
187 2 3 30494861 39400
187 2 4 30462972 38620
188 2 1 30824918 39281
188 2 2 30856060 38611
188 2 3 30720036 40261
188 2 4 30762048 39811
189 2 1 31124405 39851
189 2 2 31080324 39100
189 2 3 31157596 39851
189 2 4 31178976 39171
190 2 1 31394881 39810
190 2 2 31441392 40141
190 2 3 31473913 39571
190 2 4 31369110 39191
191 2 1 31701387 40281
191 2 2 31702917 40641
191 2 3 31732037 39681
191 2 4 31719737 39501
192 2 1 32039815 40221
192 2 2 31960422 39970
192 2 3 32106136 39880
192 2 4 31959573 39641
193 2 1 32292539 40130
193 2 2 32944994 46241
193 2 3 32355901 40381
193 2 4 32272799 39701
194 2 1 32545765 40371
194 2 2 32593726 40121
194 2 3 32672927 41631
194 2 4 32616646 39971
195 2 1 32905033 41161
195 2 2 32875932 40791
195 2 3 32912373 40581
195 2 4 32923642 40901
196 2 1 33269160 41611
196 2 2 33216669 41921
196 2 3 33243110 41421
196 2 4 33311141 40620
197 2 1 33511556 40881
197 2 2 33482714 40930
197 2 3 33497145 40911
197 2 4 33644628 40651
198 2 1 33846642 41211
198 2 2 33843372 40861
198 2 3 33866693 41711
198 2 4 33843723 41281
199 2 1 34030926 41131
199 2 2 34181629 40941
199 2 3 34220400 41261
199 2 4 34039527 41051
200 2 1 34671450 43141
200 2 2 37066480 41351
200 2 3 34476166 41061
200 2 4 34549426 41301
201 2 1 34785042 41481
201 2 2 34748291 41371
201 2 3 34743452 42431
201 2 4 34707160 41150
202 2 1 35145539 42761
202 2 2 35130299 42091
202 2 3 35152381 46051
202 2 4 35120849 41831
203 2 1 35444096 42871
203 2 2 35454167 42541
203 2 3 35472596 41920
203 2 4 35452636 41841
204 2 1 35681081 43051
204 2 2 35846774 43101
204 2 3 35775413 42991
204 2 4 35828634 47171
205 2 1 36024949 43941
205 2 2 36064799 43811
205 2 3 36106020 43441
205 2 4 36077090 46711
206 2 1 36449387 44141
206 2 2 36375756 43581
206 2 3 36441517 44201
206 2 4 36372765 43181
207 2 1 36711283 44041
207 2 2 36660532 43321
207 2 3 36668992 44421
207 2 4 36796595 43841
208 2 1 36953607 44281
208 2 2 37038849 44631
208 2 3 37045760 44921
208 2 4 36990329 43781
209 2 1 37289844 43751
209 2 2 37349106 43791
209 2 3 37432368 43251
209 2 4 37365786 43391
210 2 1 37628472 44001
210 2 2 37713165 44151
210 2 3 37676813 44371
210 2 4 37733084 44781
211 2 1 38115171 44631
211 2 2 38007741 44501
211 2 3 38027910 43971
211 2 4 37938399 44801
212 2 1 38393648 43831
212 2 2 38611803 44311
212 2 3 38752866 44931
212 2 4 38540591 44281
213 2 1 38959680 44321
213 2 2 38822607 44291
213 2 3 38864368 44381
213 2 4 38887009 44931
214 2 1 40021752 50742
214 2 2 39273907 44801
214 2 3 39279826 44471
214 2 4 39282157 44601
215 2 1 39608743 45121
215 2 2 39629104 44751
215 2 3 39582454 44431
215 2 4 39596843 45041
216 2 1 39898340 45221
216 2 2 39880649 45751
216 2 3 39922259 45171
216 2 4 39942961 47901
217 2 1 40350749 45561
217 2 2 40218156 45201
217 2 3 40272158 45450
217 2 4 40335469 45371
218 2 1 40690557 45841
218 2 2 40699167 46671
218 2 3 40606275 45641
218 2 4 40609575 47071
219 2 1 40940442 45791
219 2 2 40971012 46061
219 2 3 40999403 47111
219 2 4 40982192 45491
220 2 1 41337980 46031
220 2 2 41339510 45651
220 2 3 41268408 45991
220 2 4 41315359 45851
221 2 1 41739718 46001
221 2 2 41576524 46761
221 2 3 41651316 46851
221 2 4 41840350 45981
222 2 1 41990413 46551
222 2 2 42150926 46501
222 2 3 42071595 46611
222 2 4 42146547 46521
223 2 1 42486654 48171
223 2 2 42470043 50211
223 2 3 42395562 47621
223 2 4 42489395 47161
224 2 1 42770150 47371
224 2 2 42830442 48341
224 2 3 42790591 47631
224 2 4 42803171 51521
225 2 1 43119018 47251
225 2 2 43271221 47791
225 2 3 43154768 47431
225 2 4 43121178 47141
226 2 1 43665729 47261
226 2 2 43619869 47251
226 2 3 43555216 47351
226 2 4 43537796 47601
227 2 1 43842123 47591
227 2 2 43920064 47381
227 2 3 43861563 47511
227 2 4 43818972 48151
228 2 1 44234581 48011
228 2 2 44294002 48291
228 2 3 44299403 47961
228 2 4 44254432 48011
229 2 1 44659470 48781
229 2 2 44764252 48611
229 2 3 44684911 48121
229 2 4 44652260 48481
230 2 1 45538528 49521
230 2 2 45925836 49511
230 2 3 46001618 48481
230 2 4 46125500 50141
231 2 1 46450568 50211
231 2 2 46430428 49232
231 2 3 46495588 49441
231 2 4 46364235 49961
232 2 1 47176013 49721
232 2 2 46629432 49331
232 2 3 46767334 49241
232 2 4 46688173 49481
233 2 1 47182253 49841
233 2 2 47066411 50431
233 2 3 47122832 49241
233 2 4 47079290 49511
234 2 1 47535431 50411
234 2 2 47305496 49731
234 2 3 47611792 49521
234 2 4 47408218 49971
235 2 1 47773035 52871
235 2 2 47885698 49891
235 2 3 47755435 50281
235 2 4 47720764 51572
236 2 1 48339167 50791
236 2 2 48202715 50431
236 2 3 48874118 56741
236 2 4 48227286 50191
237 2 1 48620763 55411
237 2 2 48608553 51091
237 2 3 48624653 50461
237 2 4 48583403 51161
238 2 1 48929299 51461
238 2 2 49044022 52111
238 2 3 49200076 51121
238 2 4 48932970 55781
239 2 1 49460320 52381
239 2 2 49435340 51791
239 2 3 49343979 51691
239 2 4 49234976 51351
240 2 1 49668416 51331
240 2 2 49697616 52131
240 2 3 49789428 52111
240 2 4 49746847 51461
241 2 1 49968142 52721
241 2 2 50178866 52061
241 2 3 50046803 51821
241 2 4 50057214 52701
242 2 1 50400611 52461
242 2 2 50500213 52191
242 2 3 50435142 52721
242 2 4 50485312 51891
243 2 1 50865761 52011
243 2 2 50933762 52572
243 2 3 50800739 52291
243 2 4 50850961 53061
244 2 1 51296299 53231
244 2 2 51300639 53431
244 2 3 51273330 53171
244 2 4 51291750 53242
245 2 1 51675027 53941
245 2 2 52168149 53382
245 2 3 51669177 53581
245 2 4 52007584 54481
246 2 1 52065656 53631
246 2 2 51950354 53171
246 2 3 52073226 53331
246 2 4 51986444 54591
247 2 1 52517616 53321
247 2 2 52418963 53711
247 2 3 52343762 53371
247 2 4 52346271 54801
248 2 1 52783921 54851
248 2 2 52841753 54521
248 2 3 52717559 55051
248 2 4 52797711 53991
249 2 1 53209970 54611
249 2 2 53089737 54831
249 2 3 53232261 58631
249 2 4 53150299 55411
250 2 1 53589328 55601
250 2 2 53601718 55861
250 2 3 53484376 55661
250 2 4 53630219 54971
251 2 1 53959416 55521
251 2 2 53953006 58682
251 2 3 53751302 55981
251 2 4 53999026 56311
252 2 1 54348194 55511
252 2 2 54366863 57051
252 2 3 54340694 56201
252 2 4 54497027 55721
253 2 1 54688102 56751
253 2 2 54734322 56211
253 2 3 54674041 55821
253 2 4 54623190 55981
254 2 1 55064309 56131
254 2 2 55283622 56561
254 2 3 55096430 56101
254 2 4 58366698 55981
255 2 1 55530549 56441
255 2 2 55676811 57122
255 2 3 55476977 57281
255 2 4 55673642 56711
256 2 1 55904845 57482
256 2 2 56006778 58201
256 2 3 55955708 57582
256 2 4 55952867 57131
257 2 1 56392406 57301
257 2 2 56263654 58591
257 2 3 56488838 57001
257 2 4 56447947 57021
258 2 1 56748605 56681
258 2 2 56775675 56311
258 2 3 56641042 57201
258 2 4 56622502 59122
259 2 1 57157513 58521
259 2 2 57186953 57822
259 2 3 57092821 58311
259 2 4 57117072 57941
260 2 1 57650394 58822
260 2 2 57570952 57861
260 2 3 58352038 63652
260 2 4 57591952 58881
261 2 1 57793686 62342
261 2 2 58026462 58091
261 2 3 57946690 59672
261 2 4 57999711 58311
262 2 1 58358838 58511
262 2 2 58482330 58301
262 2 3 58428080 62641
262 2 4 58287306 58421
263 2 1 58851849 58932
263 2 2 58757077 59182
263 2 3 58793327 59191
263 2 4 59177376 60131
264 2 1 59427761 59032
264 2 2 59252527 62142
264 2 3 59145954 58781
264 2 4 59223346 58631
265 2 1 59726807 59302
265 2 2 59638105 59301
265 2 3 59413730 59001
265 2 4 59558734 59831
266 2 1 60165187 60191
266 2 2 60104175 60382
266 2 3 59865769 59572
266 2 4 60003063 59802
267 2 1 60442823 60431
267 2 2 60593485 61201
267 2 3 60615825 60421
267 2 4 60483503 60191
268 2 1 60851050 59631
268 2 2 60940822 61051
268 2 3 60892702 60691
268 2 4 60975463 60561
269 2 1 61364421 60591
269 2 2 61379492 64861
269 2 3 61331860 60402
269 2 4 61491504 60112
270 2 1 61774921 61221
270 2 2 61907653 61631
270 2 3 61873452 64362
270 2 4 61738290 60842
271 2 1 62113447 60941
271 2 2 62284102 61462
271 2 3 62289911 62151
271 2 4 62171778 60851
272 2 1 62751741 61641
272 2 2 62652049 63151
272 2 3 62692119 61401
272 2 4 62558346 62001
273 2 1 62932525 61251
273 2 2 63204270 62751
273 2 3 63010046 61371
273 2 4 62951085 61891
274 2 1 63582478 61541
274 2 2 63619318 61632
274 2 3 63424385 62711
274 2 4 63517627 62632
275 2 1 64108059 62501
275 2 2 64011576 66142
275 2 3 63960596 62082
275 2 4 63902225 63441
276 2 1 64462316 62801
276 2 2 64427486 62761
276 2 3 64499497 62772
276 2 4 64424236 63061
277 2 1 64854954 63172
277 2 2 64882296 63911
277 2 3 64814874 63421
277 2 4 64758033 64151
278 2 1 65248463 63521
278 2 2 65203162 63371
278 2 3 65468698 64102
278 2 4 65311414 63652
279 2 1 65700102 63831
279 2 2 65775065 63691
279 2 3 65714904 66371
279 2 4 65709383 63721
280 2 1 66200934 64961
280 2 2 66108291 65011
280 2 3 66171423 67492
280 2 4 66099232 64782
281 2 1 66719674 65162
281 2 2 66833326 65182
281 2 3 66642183 65901
281 2 4 66743255 64511
282 2 1 67214364 66631
282 2 2 67266205 64722
282 2 3 67188144 65152
282 2 4 67159213 64892
283 2 1 67635734 66071
283 2 2 67641833 67392
283 2 3 67804907 65632
283 2 4 67536742 65432
284 2 1 68054803 66621
284 2 2 67927290 65571
284 2 3 68046911 66671
284 2 4 68065862 66262
285 2 1 68539373 66461
285 2 2 68580054 66681
285 2 3 68357729 66752
285 2 4 68540272 66431
286 2 1 68707766 66481
286 2 2 68613014 66311
286 2 3 68599174 66511
286 2 4 69650496 71511
287 2 1 69524823 67261
287 2 2 69456392 68091
287 2 3 69441002 67461
287 2 4 69707997 66921
288 2 1 70015583 67531
288 2 2 69989903 67962
288 2 3 69899390 67531
288 2 4 69932782 72071
289 2 1 70543804 67852
289 2 2 70385131 68271
289 2 3 70402142 68331
289 2 4 70324019 68622
290 2 1 70982695 67882
290 2 2 70863011 72731
290 2 3 70968574 67911
290 2 4 70896942 68661
291 2 1 71132997 68042
291 2 2 71245499 68091
291 2 3 71375452 86812
291 2 4 71290380 68511
292 2 1 71798150 69321
292 2 2 71680309 69641
292 2 3 71916393 69711
292 2 4 71729720 68662
293 2 1 72174129 70042
293 2 2 72288232 68802
293 2 3 75319545 68651
293 2 4 72334463 69041
294 2 1 72796502 68941
294 2 2 72682510 70811
294 2 3 72751291 68832
294 2 4 72637269 70342
295 2 1 73166280 69692
295 2 2 73117548 69012
295 2 3 73249242 69011
295 2 4 73301123 69831
296 2 1 73677510 70891
296 2 2 73642750 69641
296 2 3 73540098 69702
296 2 4 73653810 69722
297 2 1 74155281 70612
297 2 2 74010717 70871
297 2 3 74134010 71112
297 2 4 74123240 70881
298 2 1 74335225 75001
298 2 2 74549369 70371
298 2 3 74433296 70022
298 2 4 74645731 70341
299 2 1 75083040 77332
299 2 2 74793114 70911
299 2 3 75036549 71862
299 2 4 74965608 71022
300 2 1 75600811 71992
300 2 2 75557370 71242
300 2 3 75580631 72902
300 2 4 75666953 72502
301 2 1 76021300 71812
301 2 2 76071001 71832
301 2 3 75912887 71701
301 2 4 76046341 72232
302 2 1 76357067 72772
302 2 2 76637253 72321
302 2 3 76362496 72622
302 2 4 76631182 73692
303 2 1 76989230 72081
303 2 2 76902748 71941
303 2 3 76813996 72842
303 2 4 76959370 72351
304 2 1 77304707 71801
304 2 2 77443350 74132
304 2 3 77213555 72322
304 2 4 77544831 72732
305 2 1 77881349 71962
305 2 2 77905639 73052
305 2 3 77974871 72821
305 2 4 77766657 72802
306 2 1 78298819 74352
306 2 2 78318418 73542
306 2 3 78487832 72391
306 2 4 78321478 74042
307 2 1 78705757 72832
307 2 2 78821498 72991
307 2 3 78800609 73061
307 2 4 78683946 72852
308 2 1 79441292 74042
308 2 2 79551154 73182
308 2 3 79224797 77122
308 2 4 79349261 73841
309 2 1 79808659 74232
309 2 2 79687037 74171
309 2 3 79954662 78012
309 2 4 79693998 74462
310 2 1 80487964 74572
310 2 2 80231449 73642
310 2 3 80129886 73912
310 2 4 80487673 74341
311 2 1 80764770 75452
311 2 2 80706079 74982
311 2 3 80904323 74771
311 2 4 80791840 74992
312 2 1 81085067 75322
312 2 2 81340152 74901
312 2 3 81435303 74831
312 2 4 81172139 75471
313 2 1 81797012 75891
313 2 2 81791591 76912
313 2 3 81883273 76001
313 2 4 81863313 75511
314 2 1 82384804 78102
314 2 2 82155848 78152
314 2 3 82158679 76202
314 2 4 82193070 77231
315 2 1 82738932 76591
315 2 2 82760852 76592
315 2 3 83444186 82292
315 2 4 82907334 77872
316 2 1 83300383 78372
316 2 2 83304603 77312
316 2 3 83236532 81862
316 2 4 83301914 77511
317 2 1 83842564 78602
317 2 2 83737172 79232
317 2 3 83996798 81651
317 2 4 84035518 77241
318 2 1 84304205 77701
318 2 2 84495638 77912
318 2 3 84239384 77961
318 2 4 84347435 78162
319 2 1 84850316 78512
319 2 2 84997059 79452
319 2 3 84723293 79022
319 2 4 84720133 77952
320 2 1 85203023 78992
320 2 2 85505649 79582
320 2 3 85395817 81242
320 2 4 85389077 79181
321 2 1 85855486 79412
321 2 2 85887978 80011
321 2 3 86034460 80012
321 2 4 85688853 80462
322 2 1 86343137 81342
322 2 2 86491070 82162
322 2 3 86518061 80502
322 2 4 86282886 80501
323 2 1 86941010 80861
323 2 2 86861448 80992
323 2 3 86946210 80641
323 2 4 87049542 80982
324 2 1 87727207 86762
324 2 2 87485151 80711
324 2 3 90500615 80132
324 2 4 87484831 79802
325 2 1 89181697 87592
325 2 2 89482193 83532
325 2 3 89705308 84282
325 2 4 89788599 84482
326 2 1 90319160 84542
326 2 2 90144927 86102
326 2 3 90259399 84752
326 2 4 89779439 84672
327 2 1 90723239 85622
327 2 2 90456384 85131
327 2 3 90608637 84661
327 2 4 90548626 85051
328 2 1 90842962 84722
328 2 2 91116308 85182
328 2 3 91071356 84242
328 2 4 91174008 84101
329 2 1 91817133 84712
329 2 2 91742640 84252
329 2 3 91704370 85482
329 2 4 91611277 86162
330 2 1 92318863 85842
330 2 2 92327833 86242
330 2 3 92264611 87102
330 2 4 92099398 84732
331 2 1 92669519 85201
331 2 2 92603499 87802
331 2 3 92486716 85572
331 2 4 92770592 85502
332 2 1 93376744 86441
332 2 2 93158541 89652
332 2 3 93236892 86211
332 2 4 93090559 87372
333 2 1 93742862 86852
333 2 2 93568609 87381
333 2 3 93866626 86011
333 2 4 93819224 90092
334 2 1 94189682 84722
334 2 2 94110520 87102
334 2 3 94039440 87602
334 2 4 94194822 86981
335 2 1 94694303 86572
335 2 2 94981888 88792
335 2 3 94721333 86731
335 2 4 94647462 86242
336 2 1 95382007 87022
336 2 2 95303575 87711
336 2 3 95408698 94092
336 2 4 95442229 86712
337 2 1 95947189 90312
337 2 2 95698724 87562
337 2 3 95828286 87012
337 2 4 95788476 87922
338 2 1 96309228 88042
338 2 2 96487361 90042
338 2 3 96104662 87622
338 2 4 96526982 86752
339 2 1 96964551 87412
339 2 2 96880160 88552
339 2 3 96717825 88312
339 2 4 96746706 87922
340 2 1 97180566 88201
340 2 2 97300848 87681
340 2 3 97424230 88042
340 2 4 97636995 88012
341 2 1 97972891 88722
341 2 2 97981843 89962
341 2 3 98179217 88282
341 2 4 97624585 88462
342 2 1 98494243 89252
342 2 2 98573373 89891
342 2 3 98513733 88962
342 2 4 98712028 89122
343 2 1 99194538 89252
343 2 2 99055775 93702
343 2 3 99145047 89972
343 2 4 99043255 91681
344 2 1 99836711 94162
344 2 2 99801870 109202
344 2 3 99512525 90922
344 2 4 99722619 91112
345 2 1 100366982 93232
345 2 2 100116826 90961
345 2 3 100356082 90652
345 2 4 100206749 91042
346 2 1 100723980 90292
346 2 2 101453376 96502
346 2 3 100527666 91512
346 2 4 100922604 91942
347 2 1 101293112 91042
347 2 2 101374234 92592
347 2 3 101188579 91912
347 2 4 101162959 92612
348 2 1 101657949 92072
348 2 2 101880424 92682
348 2 3 101495646 92762
348 2 4 101945246 92812
349 2 1 102395734 92162
349 2 2 102365214 94122
349 2 3 102373155 97842
349 2 4 102380635 93212
350 2 1 102785773 94062
350 2 2 102923636 94352
350 2 3 105852238 96062
350 2 4 102971847 92622
351 2 1 103371955 95102
351 2 2 103300064 93762
351 2 3 103518868 93992
351 2 4 103279523 95062
352 2 1 103973468 95402
352 2 2 103940747 95472
352 2 3 103717282 95052
352 2 4 103987839 94672
353 2 1 104310975 94892
353 2 2 104439188 96662
353 2 3 104453888 96532
353 2 4 104374166 95732
354 2 1 104944138 95202
354 2 2 105307876 95422
354 2 3 105231465 94082
354 2 4 105242164 95342
355 2 1 105686524 96602
355 2 2 105745396 96702
355 2 3 105987401 97952
355 2 4 105807947 98182
356 2 1 106485372 103812
356 2 2 106389309 99772
356 2 3 106426900 98452
356 2 4 106312787 102372
357 2 1 107139625 99272
357 2 2 106976932 99842
357 2 3 107064623 100262
357 2 4 106766337 100182
358 2 1 107541693 99952
358 2 2 107710097 101882
358 2 3 107465521 100552
358 2 4 107601364 99032
359 2 1 108212678 99622
359 2 2 108333440 100712
359 2 3 107888350 99092
359 2 4 108251439 100492
360 2 1 108848921 101222
360 2 2 108602946 99992
360 2 3 108551834 100622
360 2 4 109073416 102603
361 2 1 109368441 102162
361 2 2 109317041 101663
361 2 3 109372862 100582
361 2 4 109140716 103222
362 2 1 109874823 100722
362 2 2 109745270 99522
362 2 3 109827241 100492
362 2 4 109658288 100552
363 2 1 110310891 108212
363 2 2 110618468 102753
363 2 3 110272481 106652
363 2 4 110299501 101692
364 2 1 110977056 103932
364 2 2 111036547 103793
364 2 3 110783770 103202
364 2 4 110719540 103012
365 2 1 111630310 102673
365 2 2 111578808 103433
365 2 3 111709850 104202
365 2 4 111350534 101692
366 2 1 112302524 102132
366 2 2 112131850 101702
366 2 3 112282883 103442
366 2 4 112183141 102282
367 2 1 112674322 103692
367 2 2 112561229 101652
367 2 3 112680471 104212
367 2 4 112762623 103902
368 2 1 113809874 103153
368 2 2 113305195 103743
368 2 3 113333656 104402
368 2 4 113280915 105742
369 2 1 113984639 105492
369 2 2 113973879 106972
369 2 3 113617701 103472
369 2 4 113740503 105113
370 2 1 114487698 107912
370 2 2 114353397 104402
370 2 3 114259025 103502
370 2 4 115018731 104462
371 2 1 115601003 104632
371 2 2 115429329 105932
371 2 3 115354497 104912
371 2 4 114946239 105252
372 2 1 116171985 105412
372 2 2 115499631 104832
372 2 3 115696395 104592
372 2 4 115731496 103783
373 2 1 116254887 105742
373 2 2 119043985 105472
373 2 3 116234067 106242
373 2 4 116115593 105962
374 2 1 116811308 110652
374 2 2 116850029 104772
374 2 3 116885710 106462
374 2 4 116747767 104552
375 2 1 117377440 109913
375 2 2 117780559 106662
375 2 3 117610985 105842
375 2 4 117472692 111763
376 2 1 118062785 108632
376 2 2 117929592 107522
376 2 3 117863831 107032
376 2 4 118117186 106883
377 2 1 118589436 105833
377 2 2 118536085 107082
377 2 3 118784960 107453
377 2 4 118805841 107962
378 2 1 119357042 108563
378 2 2 119345812 107422
378 2 3 119193058 107403
378 2 4 119150578 108322
379 2 1 119888493 107552
379 2 2 119959824 109952
379 2 3 119813912 108073
379 2 4 120729060 116002
380 2 1 120663159 111912
380 2 2 120930275 110683
380 2 3 120408173 110732
380 2 4 120242050 108692
381 2 1 121130939 110882
381 2 2 120921145 111672
381 2 3 120885594 110282
381 2 4 121206921 111282
382 2 1 121724162 110493
382 2 2 121452307 111063
382 2 3 121639489 110322
382 2 4 121592509 112062
383 2 1 122007657 111692
383 2 2 122009007 110172
383 2 3 122192871 112283
383 2 4 122052419 112252
384 2 1 122596451 112562
384 2 2 122889266 112202
384 2 3 122816205 114562
384 2 4 122959977 111042
385 2 1 123949249 116492
385 2 2 124019700 112752
385 2 3 123523299 110092
385 2 4 124021630 112173
386 2 1 124497150 115303
386 2 2 124562561 112322
386 2 3 124241534 113242
386 2 4 124297166 111223
387 2 1 124841817 113723
387 2 2 124532161 113413
387 2 3 124966810 113252
387 2 4 124526270 113012
388 2 1 125751026 113212
388 2 2 125677565 113092
388 2 3 125117353 112993
388 2 4 125787377 111782
389 2 1 126060972 115472
389 2 2 125948750 113572
389 2 3 125959701 111832
389 2 4 126039013 116302
390 2 1 126477301 118153
390 2 2 126683426 121623
390 2 3 127745679 116073
390 2 4 126702077 114963
391 2 1 127401740 117393
391 2 2 127294329 116063
391 2 3 127294639 114982
391 2 4 127399402 117352
392 2 1 127960573 115723
392 2 2 127882380 118602
392 2 3 127757029 117032
392 2 4 127973644 114622
393 2 1 128640077 119002
393 2 2 128516655 116442
393 2 3 129359242 121322
393 2 4 130212260 116743
394 2 1 129249269 118212
394 2 2 129259109 117672
394 2 3 129227229 117982
394 2 4 129218440 119373
395 2 1 129855903 118593
395 2 2 129862833 118593
395 2 3 129944515 121453
395 2 4 129964155 118763
396 2 1 130312753 120643
396 2 2 130798072 118722
396 2 3 130643760 118662
396 2 4 130396604 119483
397 2 1 131127540 120352
397 2 2 131332854 117723
397 2 3 131091629 117233
397 2 4 131009077 120002
398 2 1 131558749 121402
398 2 2 131863015 119383
398 2 3 131704041 120632
398 2 4 131758903 119973
399 2 1 132178321 120792
399 2 2 132250403 120553
399 2 3 132656722 122583
399 2 4 132411177 123983
400 2 1 132849826 123763
400 2 2 132892776 122773
400 2 3 132913037 123512
400 2 4 132971559 119522
1 3 1 91172 28391
1 3 2 85152 16330
1 3 3 81991 15460
1 3 4 85682 15361
2 3 1 92862 25460
2 3 2 90972 15671
2 3 3 90512 15471
2 3 4 89542 15401
3 3 1 115332 16090
3 3 2 113443 15991
3 3 3 112032 16150
3 3 4 113242 16240
4 3 1 156393 17670
4 3 2 153144 16270
4 3 3 153314 16150
4 3 4 151314 16270
5 3 1 220505 16331
5 3 2 227755 16441
5 3 3 218495 16301
5 3 4 217505 16610
6 3 1 323127 16431
6 3 2 321596 17130
6 3 3 323686 16130
6 3 4 317116 16180
7 3 1 472770 16471
7 3 2 465830 16261
7 3 3 461969 16350
7 3 4 463970 16550
8 3 1 645963 16270
8 3 2 644474 16241
8 3 3 642894 17171
8 3 4 638654 16100
9 3 1 936270 16190
9 3 2 898439 16220
9 3 3 890078 16300
9 3 4 898028 16100
10 3 1 1201785 16080
10 3 2 1190086 16180
10 3 3 1174484 16170
10 3 4 1180835 16151
11 3 1 1632484 16660
11 3 2 1578433 16450
11 3 3 1581363 16470
11 3 4 1579543 16540
12 3 1 2019172 16611
12 3 2 2003392 16591
12 3 3 1996252 16621
12 3 4 2004022 18000
13 3 1 2521233 16810
13 3 2 2502963 16760
13 3 3 2490342 16810
13 3 4 2481722 16931
14 3 1 3295400 17841
14 3 2 3176077 17121
14 3 3 3160956 17220
14 3 4 3162907 17130
15 3 1 3869101 17671
15 3 2 3855921 17600
15 3 3 3859852 17321
15 3 4 3835261 17880
16 3 1 4657188 18810
16 3 2 4626357 17940
16 3 3 4630628 18031
16 3 4 4610597 18000
17 3 1 5533226 18390
17 3 2 5491495 18200
17 3 3 5487346 18171
17 3 4 5516256 18261
18 3 1 6694642 19201
18 3 2 6469506 18790
18 3 3 6485017 18811
18 3 4 6485516 18780
19 3 1 7633081 19821
19 3 2 7603250 19491
19 3 3 7621699 19410
19 3 4 7605800 19740
20 3 1 8867987 20330
20 3 2 8855485 20250
20 3 3 8792805 20130
20 3 4 8816656 20031
21 3 1 10387089 22320
21 3 2 10336297 21380
21 3 3 10339207 21240
21 3 4 10346658 21291
22 3 1 12312709 22481
22 3 2 11785698 22590
22 3 3 11841089 22410
22 3 4 11830649 22491
23 3 1 13527925 23591
23 3 2 13461193 23631
23 3 3 13417122 24720
23 3 4 13403592 23320
24 3 1 15321422 24650
24 3 2 15244141 24390
24 3 3 15256981 24180
24 3 4 15218270 24201
25 3 1 17185542 26161
25 3 2 17136700 26270
25 3 3 17205172 25660
25 3 4 17180252 25701
26 3 1 19502550 30261
26 3 2 19380918 29940
26 3 3 19380468 30271
26 3 4 19294936 30350
27 3 1 22519934 29961
27 3 2 21799288 30051
27 3 3 21807919 30011
27 3 4 21733057 30141
28 3 1 24290662 31531
28 3 2 24186830 31711
28 3 3 24075947 31480
28 3 4 24236679 31700
29 3 1 26618920 34451
29 3 2 26647241 33930
29 3 3 26631171 33481
29 3 4 26624020 33531
30 3 1 29394648 34941
30 3 2 29417230 34911
30 3 3 29470849 34720
30 3 4 29439750 36481
31 3 1 32279339 37081
31 3 2 32336240 38061
31 3 3 32326701 37301
31 3 4 32329810 37781
32 3 1 35602909 39231
32 3 2 35440176 39311
32 3 3 35620009 39140
32 3 4 35528038 39311
33 3 1 39080383 41071
33 3 2 39152714 41471
33 3 3 39065932 40500
33 3 4 39125543 41141
34 3 1 43708000 42861
34 3 2 42969415 42591
34 3 3 42867412 42891
34 3 4 42875972 42121
35 3 1 46524580 44301
35 3 2 46725883 44291
35 3 3 46632252 44791
35 3 4 46526520 44161
36 3 1 50861350 47011
36 3 2 50717298 46241
36 3 3 50731817 45941
36 3 4 50498423 47551
37 3 1 55097690 47991
37 3 2 55029748 47821
37 3 3 55023368 48261
37 3 4 54955956 47691
38 3 1 59418611 51971
38 3 2 59736857 49901
38 3 3 59273737 50921
38 3 4 59554314 50581
39 3 1 64369565 54232
39 3 2 64449416 58312
39 3 3 64556488 53352
39 3 4 64196551 53991
40 3 1 69601105 58781
40 3 2 69561604 62541
40 3 3 69518863 58381
40 3 4 69555213 58491
41 3 1 74941178 60402
41 3 2 75046409 60761
41 3 3 74428916 61651
41 3 4 75184952 60411
42 3 1 80501314 63642
42 3 2 80609156 63331
42 3 3 80303160 63932
42 3 4 79829060 63622
43 3 1 88650506 66941
43 3 2 91275611 67471
43 3 3 91104447 67251
43 3 4 90825381 68621
44 3 1 97095923 72282
44 3 2 97354479 72522
44 3 3 97550543 71931
44 3 4 97518831 73872
45 3 1 103999399 77811
45 3 2 103915657 79282
45 3 3 103807875 78551
45 3 4 104183143 76822
46 3 1 110481686 79911
46 3 2 110480744 81012
46 3 3 110701770 81052
46 3 4 110786511 83511
47 3 1 117861700 88562
47 3 2 117779679 87031
47 3 3 117379400 87262
47 3 4 117505463 88422
48 3 1 125120163 94422
48 3 2 125082442 92112
48 3 3 128046655 95092
48 3 4 124954139 93672
49 3 1 132536109 96032
49 3 2 132858276 96092
49 3 3 133050110 96312
49 3 4 132692442 94911
50 3 1 140226592 101412
50 3 2 140440655 102822
50 3 3 140417686 102012
50 3 4 140563388 104132
51 3 1 148481074 107093
51 3 2 148884083 108312
51 3 3 149451655 114383
51 3 4 149461375 108113
52 3 1 157605296 112912
52 3 2 157305511 115172
52 3 3 157954845 115213
52 3 4 158733871 121582
53 3 1 166706678 295756
53 3 2 166936733 205815
53 3 3 166645188 207245
53 3 4 166416432 208394
54 3 1 178510027 226925
54 3 2 178954626 231454
54 3 3 178343743 229344
54 3 4 178517687 229554
55 3 1 187965396 235785
55 3 2 188222312 234635
55 3 3 188546498 237725
55 3 4 187796441 240365
56 3 1 198045028 248246
56 3 2 198116019 246176
56 3 3 198190791 246566
56 3 4 198374506 247885
57 3 1 208756563 257816
57 3 2 209372036 258986
57 3 3 208175571 259205
57 3 4 208726973 260075
58 3 1 219755344 269355
58 3 2 219791885 273016
58 3 3 218834184 272225
58 3 4 219351396 272216
59 3 1 230519771 281546
59 3 2 230732495 282476
59 3 3 231046522 281386
59 3 4 231273676 285186
60 3 1 242340981 296646
60 3 2 241968462 295466
60 3 3 242097615 296436
60 3 4 241817818 296836
61 3 1 253423083 307186
61 3 2 254032436 308226
61 3 3 253504755 311236
61 3 4 256873506 304157
62 3 1 267018988 321157
62 3 2 266838045 320097
62 3 3 266180702 320477
62 3 4 266879157 320577
63 3 1 278953740 331667
63 3 2 278412759 332817
63 3 3 279117074 333717
63 3 4 278868339 335258
64 3 1 292026985 347758
64 3 2 292050406 349288
64 3 3 291802730 348738
64 3 4 292292391 348677
65 3 1 306120863 359788
65 3 2 305604401 360178
65 3 3 305077630 361828
65 3 4 304808064 362797
66 3 1 319324701 376558
66 3 2 318824899 374368
66 3 3 319227028 377558
66 3 4 319038974 377668
67 3 1 333970328 414988
67 3 2 332647990 417219
67 3 3 333932787 418119
67 3 4 333419787 415519
68 3 1 352357296 426569
68 3 2 351928866 423869
68 3 3 353435477 425489
68 3 4 353377106 424359
69 3 1 368040434 432779
69 3 2 367818130 429689
69 3 3 367278769 433389
69 3 4 368328711 431439
70 3 1 385522794 462990
70 3 2 383947780 460419
70 3 3 384085033 462350
70 3 4 383793497 462920
71 3 1 399857215 476870
71 3 2 399664131 475280
71 3 3 399083579 473960
71 3 4 399763013 475390
72 3 1 416756790 483411
72 3 2 416368712 483320
72 3 3 416685648 483031
72 3 4 416413963 483850
73 3 1 434147566 515161
73 3 2 434790039 510940
73 3 3 433594265 512880
73 3 4 434455403 512791
74 3 1 450577022 525641
74 3 2 450558501 526712
74 3 3 451417439 527811
74 3 4 450465430 529102
75 3 1 468961509 579423
75 3 2 470511712 536652
75 3 3 469021890 541342
75 3 4 472184037 537991
76 3 1 487782435 573502
76 3 2 487860297 574342
76 3 3 488908008 574782
76 3 4 487461517 577422
77 3 1 506845306 587702
77 3 2 507016209 586703
77 3 3 505680831 584922
77 3 4 506368667 588492
78 3 1 525687933 599553
78 3 2 526426478 604873
78 3 3 525000858 604252
78 3 4 525148812 605343
79 3 1 545632103 634943
79 3 2 545814976 629583
79 3 3 544999808 632243
79 3 4 545501150 636913
80 3 1 565306996 646234
80 3 2 565994091 644653
80 3 3 565453140 646714
80 3 4 567054634 643813
81 3 1 586931862 679494
81 3 2 587714668 677684
81 3 3 588483254 680784
81 3 4 589329763 677505
82 3 1 607948683 707055
82 3 2 607732778 695785
82 3 3 608374382 694414
82 3 4 609263841 708035
83 3 1 631154692 712695
83 3 2 629927785 716375
83 3 3 630039099 713305
83 3 4 630444907 719415
84 3 1 653293748 748376
84 3 2 653239936 743506
84 3 3 653696236 742706
84 3 4 658151429 741626
85 3 1 685387712 759096
85 3 2 686083477 759016
85 3 3 685164989 761596
85 3 4 683646246 757506
86 3 1 707741293 791486
86 3 2 709685104 793756
86 3 3 709863598 792286
86 3 4 710396150 792477
87 3 1 733858723 809487
87 3 2 734368503 812608
87 3 3 732531735 807298
87 3 4 731272919 812907
88 3 1 759690137 843597
88 3 2 760247289 843378
88 3 3 757010530 849147
88 3 4 758293427 852968
89 3 1 783236222 865228
89 3 2 784151821 863228
89 3 3 782718720 873879
89 3 4 782866074 863828
90 3 1 809334591 901669
90 3 2 808573035 899639
90 3 3 808255568 896458
90 3 4 808609586 901369
91 3 1 837120756 914570
91 3 2 837024295 915989
91 3 3 836077754 916309
91 3 4 836376299 915269
92 3 1 864717367 957960
92 3 2 861880687 956640
92 3 3 861793735 957480
92 3 4 862346036 955830
93 3 1 890697443 986841
93 3 2 890231944 980371
93 3 3 889616430 978791
93 3 4 889512969 985221
94 3 1 919391906 1008101
94 3 2 918166211 1011572
94 3 3 921092032 1015061
94 3 4 917669990 1011852
95 3 1 946650601 1044722
95 3 2 946230632 1040362
95 3 3 947183562 1038872
95 3 4 945501956 1039742
96 3 1 980071953 1066713
96 3 2 977400788 1067762
96 3 3 978707625 1080073
96 3 4 977258835 1068862
97 3 1 1008571403 1106263
97 3 2 1005518449 1110184
97 3 3 1005910098 1106234
97 3 4 1006088291 1107593
98 3 1 1036447290 1128704
98 3 2 1035039400 1128934
98 3 3 1036023599 1133014
98 3 4 1037687566 1126804
99 3 1 1067890923 1168215
99 3 2 1067060324 1169394
99 3 3 1072261303 1170445
99 3 4 1068085776 1179064
100 3 1 1102460720 1207556
100 3 2 1101795225 1204305
100 3 3 1100868945 1214436
100 3 4 1101437307 1201506
101 3 1 1133831079 1233116
101 3 2 1133104804 1233977
101 3 3 1137570657 1230856
101 3 4 1139778223 1234346
102 3 1 1166377933 1273227
102 3 2 1164055955 1272286
102 3 3 1167846845 1272757
102 3 4 1169927548 1273197
103 3 1 1201763889 1315398
103 3 2 1199543822 1308367
103 3 3 1212295000 1311208
103 3 4 1503359724 1306678
104 3 1 1493439326 1349948
104 3 2 1599714222 1347199
104 3 3 1914036926 1373349
104 3 4 2290207751 1370289
105 3 1 2252458797 1423550
105 3 2 2205750554 1406780
105 3 3 2139459289 1434200
105 3 4 2164439375 1423020
106 3 1 2298313323 1416329
106 3 2 2364359722 1473381
106 3 3 2375576218 1415389
106 3 4 2278983876 1456670
107 3 1 2272496519 1477311
107 3 2 2235681204 1463111
107 3 3 2139644283 1444310
107 3 4 1964180521 1453601
108 3 1 2170310968 1494751
108 3 2 2287214988 1508382
108 3 3 2225146002 1518232
108 3 4 2071009988 1503572
109 3 1 1925541087 1544262
109 3 2 2302091261 1550153
109 3 3 2409093302 1564023
109 3 4 2586777631 1546682
110 3 1 2699158966 1611053
110 3 2 2736302948 1603554
110 3 3 2816578256 1642655
110 3 4 2831670224 1612114
111 3 1 2902552345 1644895
111 3 2 2946113041 1651125
111 3 3 2933248471 1657495
111 3 4 2917665503 1697115
112 3 1 2973452007 1730066
112 3 2 3007854311 1698346
112 3 3 2993706283 1733607
112 3 4 2978586635 1751146
113 3 1 3079039308 1728806
113 3 2 3088903006 1734527
113 3 3 3062258544 1730526
113 3 4 3041392475 1740177
114 3 1 3110335176 1819868
114 3 2 3095826780 1782088
114 3 3 3070701081 1814818
114 3 4 3056319179 1795228
115 3 1 3122450380 1834258
115 3 2 3133001682 1830069
115 3 3 3125599076 1828109
115 3 4 3147119159 1853159
116 3 1 3219677215 1865440
116 3 2 3212801211 1876729
116 3 3 3190493072 1856040
116 3 4 3166718142 1901099
117 3 1 3282726142 1911230
117 3 2 3307100934 1924150
117 3 3 3268016463 1913311
117 3 4 3242754171 1901419
118 3 1 3330906345 1975382
118 3 2 3321080479 1950781
118 3 3 3295212534 1966371
118 3 4 3350673250 1958051
119 3 1 3399904126 1999242
119 3 2 3340756101 1999842
119 3 3 3362639772 2000262
119 3 4 3348559097 1997902
120 3 1 3399858915 2040443
120 3 2 3410859086 2061794
120 3 3 3430073441 2054443
120 3 4 3405038803 2053053
121 3 1 3442947392 2107844
121 3 2 3489194395 2104445
121 3 3 3492273539 2107974
121 3 4 3508842647 2116545
122 3 1 3553017217 2156385
122 3 2 3561759331 2151836
122 3 3 3551646888 2185375
122 3 4 3521152616 2166425
123 3 1 3534922515 2234167
123 3 2 3635224627 2225447
123 3 3 3550966584 2206637
123 3 4 3574600730 2224566
124 3 1 3641201071 2265297
124 3 2 3666441302 2262148
124 3 3 3619966265 2255617
124 3 4 3697930385 2259397
125 3 1 3759336717 2317588
125 3 2 3681151721 2361669
125 3 3 3624707794 2315989
125 3 4 3669282691 2310988
126 3 1 3778306705 2381270
126 3 2 3761117974 2391960
126 3 3 3799238916 2366650
126 3 4 3783732618 2385901
127 3 1 3848539303 2435121
127 3 2 3813259930 2420781
127 3 3 3874700663 2438552
127 3 4 3919219139 2447322
128 3 1 3967821862 2488963
128 3 2 3964840498 2472682
128 3 3 4014162976 2524963
128 3 4 4017911994 2471813
129 3 1 4102495885 2525233
129 3 2 4076603899 2558945
129 3 3 4076117590 2544433
129 3 4 4010313475 2525053
130 3 1 4146661384 2577874
130 3 2 4150798791 2593125
130 3 3 4262251845 2597714
130 3 4 4167924420 2608915
131 3 1 4280688643 2644955
131 3 2 4261905257 2650516
131 3 3 4211733492 2631915
131 3 4 4173826835 2649906
132 3 1 4294848480 2697307
132 3 2 4338189052 2711986
132 3 3 4241497557 2703127
132 3 4 4244324157 2706217
133 3 1 4385558228 2762458
133 3 2 4403711770 2769908
133 3 3 4348681642 2801179
133 3 4 4432535606 2808919
134 3 1 4430866501 2841460
134 3 2 4498877331 2815810
134 3 3 4408314307 2809629
134 3 4 4392997923 2813079
135 3 1 4822522500 2879800
135 3 2 4818143618 2900541
135 3 3 4780590539 2883710
135 3 4 4722962386 2890580
136 3 1 4864208517 2983363
136 3 2 4929842387 2974973
136 3 3 4921839189 2961612
136 3 4 4930257186 2994593
137 3 1 5060768672 3024684
137 3 2 5073737735 3013764
137 3 3 5045680834 3031265
137 3 4 4934308290 3026944
138 3 1 5085233446 3072775
138 3 2 5090933306 3101935
138 3 3 5104106362 3088786
138 3 4 5210778078 3127326
139 3 1 5250191596 3158366
139 3 2 5261183080 3175206
139 3 3 5264221691 3152275
139 3 4 5288926082 3156316
140 3 1 5366664010 3203136
140 3 2 5344218111 3214768
140 3 3 5270194595 3229097
140 3 4 5302159851 3201827
141 3 1 5483222342 3270187
141 3 2 5405903262 3280958
141 3 3 5456101771 3280498
141 3 4 5369588068 3267288
142 3 1 5532477202 3359550
142 3 2 5521659241 3367910
142 3 3 5563507424 3345899
142 3 4 5598143079 3359950
143 3 1 5716885013 3547284
143 3 2 5728194196 3552815
143 3 3 5682797781 3541864
143 3 4 5694812222 3544254
144 3 1 5855053490 3591275
144 3 2 5803910659 3581985
144 3 3 5784000710 3603615
144 3 4 5798838081 3583496
145 3 1 5885161427 3662376
145 3 2 5861412576 3664187
145 3 3 5827752379 3693378
145 3 4 5831783008 3654927
146 3 1 6025700262 3744029
146 3 2 5962018127 3777289
146 3 3 6009187792 3773190
146 3 4 5896910379 3779240
147 3 1 6033457731 3828291
147 3 2 5982641368 3795670
147 3 3 5937531814 3812770
147 3 4 5921757559 3802280
148 3 1 6075959215 3898743
148 3 2 6049119688 3913733
148 3 3 6020374871 3898493
148 3 4 6047643503 3899513
149 3 1 6037051310 3970054
149 3 2 6077067499 3980745
149 3 3 6131388478 3966974
149 3 4 6135589860 3978445
150 3 1 6138562727 4033466
150 3 2 6139388062 4015125
150 3 3 6102273192 4022176
150 3 4 6049308160 4019006
151 3 1 6097316937 4115918
151 3 2 5954148368 4124198
151 3 3 5912542986 4131478
151 3 4 5888193707 4119199
152 3 1 6048501999 4202089
152 3 2 6005843125 4173669
152 3 3 5940356183 4185000
152 3 4 5830907572 4171809
153 3 1 5914304207 4272021
153 3 2 5774031382 4273781
153 3 3 5616000961 4253961
153 3 4 5553241354 4252591
154 3 1 5509548767 4359523
154 3 2 5478280725 4349343
154 3 3 5459588099 4350353
154 3 4 5359480915 4359363
155 3 1 5428227636 4411195
155 3 2 5325179170 4416285
155 3 3 5204286225 4401034
155 3 4 5150755557 4422445
156 3 1 5236412987 4502596
156 3 2 5148016067 4494546
156 3 3 5114600659 4495996
156 3 4 5187646037 4490496
157 3 1 5152795559 4578388
157 3 2 5111275052 4569138
157 3 3 5109723174 4572398
157 3 4 5093915337 4585539
158 3 1 5159517224 4648790
158 3 2 5168862385 4648950
158 3 3 4775973397 4647529
158 3 4 4402829165 4641471
159 3 1 4431438068 4752893
159 3 2 4420825123 4744161
159 3 3 4445671623 4754522
159 3 4 4422386170 4749622
160 3 1 4482973944 4828784
160 3 2 4489860427 4825414
160 3 3 4493231271 4828534
160 3 4 4493996415 4829234
161 3 1 4576672670 4916916
161 3 2 4572142004 4919475
161 3 3 4575975594 4930176
161 3 4 4560375740 4918216
162 3 1 4656767495 5009868
162 3 2 4654843847 4997018
162 3 3 4643802020 5007678
162 3 4 4654470816 5003588
163 3 1 4746752357 5088530
163 3 2 4743871750 5084989
163 3 3 5209333490 5170441
163 3 4 7671477708 5163871
164 3 1 7709492987 5269943
164 3 2 7473218099 5240594
164 3 3 7408755630 5262653
164 3 4 7264236824 5228402
165 3 1 6004838583 5272693
165 3 2 4947246981 5271323
165 3 3 4914475394 5272814
165 3 4 4926829683 5264574
166 3 1 5010006068 5374815
166 3 2 5015754368 5372806
166 3 3 5018695373 5370097
166 3 4 5000408539 5370235
167 3 1 5094585482 5451318
167 3 2 5105458073 5461308
167 3 3 5114082752 5459847
167 3 4 5093042852 5465708
168 3 1 5195080474 5559830
168 3 2 5181291829 5567000
168 3 3 5193164959 5560980
168 3 4 5201137904 5553330
169 3 1 5345127230 5657342
169 3 2 5342867772 5653552
169 3 3 5358866787 5651961
169 3 4 5343694473 5651672
170 3 1 5430827506 5753984
170 3 2 5434576299 5760764
170 3 3 5422189761 5752714
170 3 4 5432540662 5762614
171 3 1 5516694100 5849406
171 3 2 5524033623 5852176
171 3 3 5518960548 5846626
171 3 4 5527381601 5861937
172 3 1 5613801446 5963849
172 3 2 5621186130 5953289
172 3 3 5620411851 5951309
172 3 4 5634615719 5957939
173 3 1 5717308772 6058711
173 3 2 5728481451 6058101
173 3 3 5713942357 6061741
173 3 4 5716021134 6059081
174 3 1 5802947463 6157414
174 3 2 5802802976 6160154
174 3 3 5825612146 6151282
174 3 4 5808846465 6159383
175 3 1 5916025242 6268365
175 3 2 5920706561 6260495
175 3 3 5915899269 6263896
175 3 4 5913718420 6264625
176 3 1 6035342098 6364397
176 3 2 6006076846 6356347
176 3 3 6027070143 6361658
176 3 4 6027727868 6357957
177 3 1 6115714505 6475580
177 3 2 6121741210 6478570
177 3 3 6108813633 6472480
177 3 4 6131162796 6474309
178 3 1 6220330638 6582402
178 3 2 6208481703 6570341
178 3 3 6204649568 6565632
178 3 4 6226999841 6569641
179 3 1 6312287166 6486551
179 3 2 6339817963 6685395
179 3 3 6315912224 6683245
179 3 4 6325090031 6680524
180 3 1 6433979354 6788137
180 3 2 6415439391 6782316
180 3 3 6426957805 6790697
180 3 4 6419851463 6779637
181 3 1 6529137885 6897210
181 3 2 6553722422 6893860
181 3 3 6528832191 6901670
181 3 4 6521281629 6905929
182 3 1 6618699634 7020082
182 3 2 6641385532 7014322
182 3 3 6630128834 7013742
182 3 4 6625070632 7015652
183 3 1 6732403528 7124784
183 3 2 6740331978 7122223
183 3 3 6747392200 7121173
183 3 4 6736408426 7122763
184 3 1 6848758596 7229375
184 3 2 7729418692 7233485
184 3 3 12632440555 7253746
184 3 4 12084856472 7239207
185 3 1 10225527036 7342679
185 3 2 9817251331 7317558
185 3 3 11233918063 7364379
185 3 4 12216807082 7374820
186 3 1 12964501700 7468142
186 3 2 13820216588 7470712
186 3 3 12833080067 7523243
186 3 4 12807193099 7490632
187 3 1 12758901662 7587215
187 3 2 12647224143 7645926
187 3 3 12641407573 7650826
187 3 4 12434729611 7598775
188 3 1 12772444416 7724767
188 3 2 12623280511 7726198
188 3 3 12440705540 7725398
188 3 4 12701438116 7739048
189 3 1 12517966861 7839100
189 3 2 12521976613 7852730
189 3 3 12789483927 7861390
189 3 4 12455498665 7822869
190 3 1 12701139340 7970972
190 3 2 12813903497 7968133
190 3 3 12947096392 7985622
190 3 4 13241575821 7995623
191 3 1 12991945336 8081075
191 3 2 12924953188 8111985
191 3 3 13195037936 8097206
191 3 4 13093528780 8066574
192 3 1 12919775164 8210908
192 3 2 13121864162 8231018
192 3 3 13150558332 8237728
192 3 4 13064760558 8219478
193 3 1 13301989724 8350902
193 3 2 13186194715 8321380
193 3 3 13194443291 8359961
193 3 4 13333869303 8341361
194 3 1 13805400320 8501264
194 3 2 13514019877 8458654
194 3 3 13521821213 8486354
194 3 4 13346197205 8455424
195 3 1 13566687037 8589436
195 3 2 13773025420 8602107
195 3 3 13657277697 8595656
195 3 4 13855952141 8590826
196 3 1 13731255032 8700328
196 3 2 13867536495 8737339
196 3 3 14171568012 8742309
196 3 4 14083152274 8737009
197 3 1 13974809675 8865043
197 3 2 14094112768 8883773
197 3 3 13969560884 8865201
197 3 4 14083704339 8858592
198 3 1 14259945171 8999115
198 3 2 14211918814 8974124
198 3 3 14449903814 8988534
198 3 4 14221160752 8992845
199 3 1 14416821260 9109147
199 3 2 14336584188 9130868
199 3 3 14023721442 8888143
199 3 4 13940615116 9116148
200 3 1 14156286623 9248180
200 3 2 13882590666 9293911
200 3 3 13981162433 9209470
200 3 4 13667630884 9206480
201 3 1 13760722407 9378283
201 3 2 13480157471 9393834
201 3 3 13508695004 9396383
201 3 4 13153166662 9131328
202 3 1 12785621122 7398822
202 3 2 12112255224 9503676
202 3 3 12054068916 9498535
202 3 4 11780143055 9518357
203 3 1 11417449685 9631518
203 3 2 11192242793 9637789
203 3 3 11553998217 9631208
203 3 4 10992449170 8995276
204 3 1 11365998390 8334088
204 3 2 11061585462 9547428
204 3 3 10311841697 9771213
204 3 4 9331918946 9783833
205 3 1 9456982542 9910944
205 3 2 9455647104 9905414
205 3 3 9440143841 7787842
205 3 4 9430716159 9073522
206 3 1 9549806537 10065027
206 3 2 9568596765 10067807
206 3 3 9564197655 10066575
206 3 4 9575744071 10076795
207 3 1 9725237014 9262535
207 3 2 9714598029 10225788
207 3 3 9684243305 10214966
207 3 4 9745073245 10224007
208 3 1 9893533654 7955361
208 3 2 14718158374 10410229
208 3 3 14388123170 10352178
208 3 4 10874961345 10357897
209 3 1 10019731865 10512860
209 3 2 9994688489 10517540
209 3 3 10001638923 10519500
209 3 4 10007999982 10504329
210 3 1 10164911925 10667761
210 3 2 10159313074 10663201
210 3 3 10193542420 10667831
210 3 4 10137767857 10237220
211 3 1 10347255629 10805764
211 3 2 10275621295 8046448
211 3 3 10272893826 10805982
211 3 4 10272002579 10807343
212 3 1 10416360725 10962806
212 3 2 10404733785 10969945
212 3 3 10417998302 10962424
212 3 4 10406892410 10971424
213 3 1 10668029766 8795983
213 3 2 10671223063 11126967
213 3 3 10683436137 11271759
213 3 4 10686982298 9575550
214 3 1 10813843721 9811845
214 3 2 10826951958 11280389
214 3 3 10823251635 11276378
214 3 4 10816515162 11281098
215 3 1 11017233957 11425462
215 3 2 10979520440 11427771
215 3 3 10969233299 9291301
215 3 4 11000770379 8879712
216 3 1 11121057600 11570683
216 3 2 11158277741 11578063
216 3 3 11141568414 8820260
216 3 4 11136974039 11572442
217 3 1 11249876539 8274467
217 3 2 11276847136 11728345
217 3 3 11264831978 11741586
217 3 4 11272885640 9403431
218 3 1 11417834869 8701916
218 3 2 11463441610 10338812
218 3 3 11424593647 11899956
218 3 4 11417860543 11907617
219 3 1 11618857661 12102772
219 3 2 11596391989 12120762
219 3 3 18662391716 12044609
219 3 4 19181752144 9310097
220 3 1 22539689215 12253983
220 3 2 20573376665 12252492
220 3 3 20872741422 12230201
220 3 4 20957350085 12239641
221 3 1 20939868803 11631807
221 3 2 21243500565 11420742
221 3 3 21107761321 12136608
221 3 4 21593384620 11656327
222 3 1 21806103726 11698128
222 3 2 21398540611 12560497
222 3 3 21071908013 12537315
222 3 4 20734720909 12559115
223 3 1 20993599122 12718848
223 3 2 20679288220 12713749
223 3 3 20711935976 11629044
223 3 4 20349549546 12746579
224 3 1 20867786220 11777048
224 3 2 21230955635 12893752
224 3 3 20947399973 12900061
224 3 4 20779505172 12598724
225 3 1 21484600779 13080714
225 3 2 21355433738 12749537
225 3 3 21347113682 13077604
225 3 4 21446558290 12230425
226 3 1 21294851750 11626992
226 3 2 21578686991 13237948
226 3 3 21297091362 11663762
226 3 4 21589820933 13237497
227 3 1 21776570382 13422771
227 3 2 21739395649 13413390
227 3 3 21765050531 12768166
227 3 4 23446451119 13424840
228 3 1 26520750380 12119432
228 3 2 22965723127 11907667
228 3 3 24174274149 13571523
228 3 4 23595672069 12963059
229 3 1 22395983872 12784225
229 3 2 24937006267 12566231
229 3 3 24333824504 13766996
229 3 4 23662769187 13749366
230 3 1 22439708525 13007680
230 3 2 22091629634 13948590
230 3 3 21819209712 12735024
230 3 4 21574396907 13963789
231 3 1 21741303531 12752354
231 3 2 21320781906 14123433
231 3 3 20561368990 14143453
231 3 4 20189419894 13346938
232 3 1 20161789823 12003407
232 3 2 19268839196 12188862
232 3 3 18922673392 13681834
232 3 4 19028572727 13677224
233 3 1 19029472871 14501311
233 3 2 17826589030 14503202
233 3 3 17582298960 12961548
233 3 4 17240582282 14171444
234 3 1 17357959035 12467788
234 3 2 17068936175 14682516
234 3 3 17056014709 13138312
234 3 4 15219619835 12053188
235 3 1 14334654850 14913849
235 3 2 14297312237 11742782
235 3 3 14253223341 12068168
235 3 4 14261879507 13317335
236 3 1 14445453962 15066753
236 3 2 14409754099 15071899
236 3 3 14430882334 15077228
236 3 4 14441262757 15070538
237 3 1 20934476692 14556888
237 3 2 17662054870 15260513
237 3 3 14607769103 15275603
237 3 4 14636118517 15273263
238 3 1 14845877289 15456267
238 3 2 14800064109 15461207
238 3 3 14830335942 15458028
238 3 4 14851010698 12033935
239 3 1 15030829583 12021914
239 3 2 15023742249 12146427
239 3 3 15003927602 12011315
239 3 4 14995953825 11837451
240 3 1 15192542103 14356324
240 3 2 15199734454 15874757
240 3 3 15188236650 15858755
240 3 4 15179790327 15208502
241 3 1 15353934005 12569767
241 3 2 15325022596 16048401
241 3 3 15356767403 14071878
241 3 4 15330345013 12185838
242 3 1 15552884496 16262805
242 3 2 15513348196 13050306
242 3 3 15591506203 12776241
242 3 4 15591838046 12835042
243 3 1 15743685847 16145122
243 3 2 15730232917 13227371
243 3 3 15739725060 16473881
243 3 4 15764756105 14916457
244 3 1 15925324328 13250501
244 3 2 15950785479 16687824
244 3 3 15973583454 15303625
244 3 4 15955981617 13580809
245 3 1 16707133823 15197692
245 3 2 27112493521 13469436
245 3 3 23418859523 13697031
245 3 4 68132520229 16759807
246 3 1 28966103590 14635632
246 3 2 27727829459 17004112
246 3 3 27719049321 15207243
246 3 4 27653613408 14648782
247 3 1 28362844016 15352477
247 3 2 28207010966 17160726
247 3 3 28380158206 15508060
247 3 4 27859158345 14947949
248 3 1 28824906415 14549850
248 3 2 28850227300 14543700
248 3 3 28999717147 15387538
248 3 4 29023058105 15879608
249 3 1 29515830661 14756024
249 3 2 29598560292 15269945
249 3 3 28991292596 17002273
249 3 4 29125735031 14939748
250 3 1 29504852509 14801786
250 3 2 29403244541 14063700
250 3 3 29511539254 16632135
250 3 4 29019771807 15442429
251 3 1 29000599740 14435898
251 3 2 29376460449 14888667
251 3 3 29724376771 14822256
251 3 4 29526546622 18042315
252 3 1 29471174186 15897649
252 3 2 29904055329 15425549
252 3 3 29656950050 15404498
252 3 4 29587399532 15037151
253 3 1 34121005985 15618063
253 3 2 29780775036 16162604
253 3 3 30608117272 15924800
253 3 4 30117923079 15876008
254 3 1 29858080135 15219734
254 3 2 29310017134 14786666
254 3 3 28509931909 18769251
254 3 4 27499618458 15134023
255 3 1 27418750935 16165285
255 3 2 25640277682 15969700
255 3 3 24831405632 15813308
255 3 4 23786231104 19016556
256 3 1 23458441949 16406590
256 3 2 22857059261 15462500
256 3 3 22193034826 18254889
256 3 4 22157407022 17044163
257 3 1 20784766915 14363276
257 3 2 18749888734 16928851
257 3 3 18555752908 15383657
257 3 4 18573159182 14454437
258 3 1 18840919055 14837606
258 3 2 18818086180 14722454
258 3 3 18796664177 14589372
258 3 4 21144890183 15805319
259 3 1 24287952896 14780617
259 3 2 19122222435 15360470
259 3 3 19118946231 14546751
259 3 4 19018349705 14743275
260 3 1 19329877584 16747880
260 3 2 19385040459 16093046
260 3 3 19252781129 16287449
260 3 4 19250852936 17160578
261 3 1 19508276742 16207937
261 3 2 19515365955 16790970
261 3 3 19478205784 18718381
261 3 4 19513348000 16337651
262 3 1 19720629716 16861431
262 3 2 19686746030 15318488
262 3 3 19679594138 15224426
262 3 4 19667829438 15894180
263 3 1 19897518818 17397783
263 3 2 19903366758 15555402
263 3 3 19951117827 15785598
263 3 4 19921038551 15776498
264 3 1 20157349148 15707216
264 3 2 20120300385 16336389
264 3 3 20148790046 15719646
264 3 4 20100626941 16389011
265 3 1 20337951811 17243579
265 3 2 20363115236 19695181
265 3 3 20324037517 17178517
265 3 4 20407016818 17125767
266 3 1 20627996172 17514344
266 3 2 31766820126 18640768
266 3 3 85454859546 16903141
266 3 4 38008560303 19115099
267 3 1 30138698423 18353152
267 3 2 20876271346 17146696
267 3 3 20833266336 17345950
267 3 4 20878997044 17972194
268 3 1 21350802255 17123406
268 3 2 21302358321 17835831
268 3 3 21339659441 16989573
268 3 4 21394829721 16905431
269 3 1 21594236725 16301498
269 3 2 21606689854 16308898
269 3 3 21556511346 17305100
269 3 4 21574699790 16355920
270 3 1 21786503900 17535534
270 3 2 21813819398 17560105
270 3 3 21767000955 19385254
270 3 4 21761529884 17715769
271 3 1 21978278922 17762610
271 3 2 22041457029 17713668
271 3 3 22069977387 17954153
271 3 4 22072010699 18868413
272 3 1 22240714971 20040549
272 3 2 22260881271 18829042
272 3 3 22268853141 18635478
272 3 4 32059687830 19403664
273 3 1 80494357448 20754613
273 3 2 48952767039 18155087
273 3 3 29796895916 21274114
273 3 4 22471013812 18931734
274 3 1 22720291876 19357933
274 3 2 22653755519 19590208
274 3 3 22702157667 19307152
274 3 4 22703181754 19323492
275 3 1 22955277099 19259341
275 3 2 22897733215 19289232
275 3 3 22947314509 19977877
275 3 4 22930996495 19291952
276 3 1 23200960065 19017316
276 3 2 23210491434 19011765
276 3 3 23149856294 19695781
276 3 4 23176176432 19014146
277 3 1 23399710970 18966175
277 3 2 32654741071 20515828
277 3 3 37504041277 18255310
277 3 4 41320758302 20070929
278 3 1 41212490493 18347592
278 3 2 41702940813 18108587
278 3 3 40289273047 17779830
278 3 4 40383188712 20251585
279 3 1 41667596827 18671571
279 3 2 42388826480 18015765
279 3 3 42545044379 19845241
279 3 4 42526083093 18287350
280 3 1 42099555149 17540349
280 3 2 41954534359 20699843
280 3 3 42406825692 17384382
280 3 4 41907793362 17523862
281 3 1 42634381521 18256630
281 3 2 41888388977 17877951
281 3 3 42402209059 22943080
281 3 4 42684061794 20839081
282 3 1 42110403737 18926263
282 3 2 41775202810 18139104
282 3 3 39928935907 20537851
282 3 4 38150264258 17683643
283 3 1 37652874629 19452369
283 3 2 33772355299 19074735
283 3 3 31153149745 19659568
283 3 4 29456178017 19634640
284 3 1 25353524632 19264664
284 3 2 25233102556 19101453
284 3 3 36582093956 18993723
284 3 4 33510116553 19021606
285 3 1 25462090277 19750990
285 3 2 25462002531 19705421
285 3 3 25679787893 19697213
285 3 4 25552501630 19331457
286 3 1 25740900614 20261545
286 3 2 25944993025 20073933
286 3 3 26011877465 20033284
286 3 4 25745200189 20143237
287 3 1 25971752749 20422284
287 3 2 25968442582 20341123
287 3 3 26020936063 20458846
287 3 4 26036924791 20572929
288 3 1 26253628945 20114491
288 3 2 26283068616 20366067
288 3 3 26282205495 20301086
288 3 4 26240297243 20215825
289 3 1 31714526633 20171195
289 3 2 41782814665 19782139
289 3 3 46298687206 20117686
289 3 4 45648139432 20054985
290 3 1 46014965645 20900782
290 3 2 46625328253 19912595
290 3 3 46779030801 25939135
290 3 4 46346550917 20506827
291 3 1 46417756161 22292803
291 3 2 46151556976 20184232
291 3 3 46087363488 20202703
291 3 4 46406715236 20960809
292 3 1 47651360501 20624702
292 3 2 47944287215 27503750
292 3 3 48198861572 19685654
292 3 4 48379753653 25179641
293 3 1 48326979977 20365635
293 3 2 48398418641 25054785
293 3 3 46623284968 19971950
293 3 4 46334202503 22207328
294 3 1 45087729558 23683808
294 3 2 43867653437 21380556
294 3 3 40563682098 19126498
294 3 4 36651285767 19133024
295 3 1 36783048138 21091377
295 3 2 35350572011 22355993
295 3 3 32884488838 22483292
295 3 4 28267524725 22623013
296 3 1 31379112899 21788462
296 3 2 45353584406 22943374
296 3 3 34554759874 22701917
296 3 4 28562807785 22960151
297 3 1 29019632961 23981022
297 3 2 28898932059 24191175
297 3 3 28811329593 24166912
297 3 4 28792745846 24174271
298 3 1 29089887200 24505677
298 3 2 28997356315 24546136
298 3 3 29017135600 24498853
298 3 4 28992078393 24482722
299 3 1 29310968746 24805987
299 3 2 29359524653 24767046
299 3 3 29361302870 24791874
299 3 4 29326638781 24771714
300 3 1 29667547006 25007958
300 3 2 44961869001 23923412
300 3 3 61545813487 23977643
300 3 4 54043109622 24480671
301 3 1 53709348518 24896949
301 3 2 52645856229 25874630
301 3 3 51059894544 25644363
301 3 4 50722692368 27094034
302 3 1 50767384401 24773613
302 3 2 51470382329 25059638
302 3 3 51298044747 24777301
302 3 4 51154198929 24766091
303 3 1 51506878069 25191799
303 3 2 51322845945 26043527
303 3 3 51573465771 24846661
303 3 4 57292427910 24694497
304 3 1 55420600045 27806923
304 3 2 53903302298 24728446
304 3 3 61284902011 24813300
304 3 4 53057054584 24904921
305 3 1 50604758992 23885951
305 3 2 48106776226 23945769
305 3 3 46380418866 26631977
305 3 4 42809912596 23554904
306 3 1 39378008293 24163005
306 3 2 36722442767 24301636
306 3 3 31509928774 24519771
306 3 4 31357784588 24512439
307 3 1 31745146750 25070030
307 3 2 35925790973 23660887
307 3 3 49274108677 24017362
307 3 4 39223128432 24914511
308 3 1 32202251388 24565643
308 3 2 32151819814 24523561
308 3 3 32196483752 24518919
308 3 4 32093256562 24363415
309 3 1 32449391889 24986638
309 3 2 32373371739 24982107
309 3 3 32319672598 24999417
309 3 4 32310385681 24958545
310 3 1 32671112337 25725441
310 3 2 32662948289 25708570
310 3 3 32670997218 25696169
310 3 4 32692581568 25703929
311 3 1 33012280671 25705558
311 3 2 32941445200 25851441
311 3 3 52733968238 24302257
311 3 4 83037366055 24099932
312 3 1 58514504333 27408992
312 3 2 58240063040 24699073
312 3 3 58439446220 27379921
312 3 4 58707203511 25974541
313 3 1 58487654628 25296135
313 3 2 58055137753 24837955
313 3 3 58224358351 27099914
313 3 4 57292253920 26623442
314 3 1 57730213637 25990069
314 3 2 56615974301 25714293
314 3 3 57121405006 25563220
314 3 4 57762559575 26167062
315 3 1 58560594160 27164964
315 3 2 64952130912 25893245
315 3 3 59367484941 25228661
315 3 4 56276057112 25750033
316 3 1 55623482924 26386735
316 3 2 53029451893 27713574
316 3 3 50416568839 27029109
316 3 4 46541085723 26647131
317 3 1 42779441783 27056831
317 3 2 41953025380 27373626
317 3 3 34961057655 27369848
317 3 4 34821060330 27522419
318 3 1 36223015692 25716132
318 3 2 54064637606 25846083
318 3 3 47840765645 27515280
318 3 4 35353969964 27654223
319 3 1 35590889690 28299726
319 3 2 35773896401 27810347
319 3 3 35567426841 28149303
319 3 4 35693064927 28161883
320 3 1 35862957973 29097913
320 3 2 35878046173 29077663
320 3 3 36011308927 29094913
320 3 4 35797630650 29133955
321 3 1 36268576791 28735245
321 3 2 36180380314 28709265
321 3 3 36191296421 28757096
321 3 4 36272002346 28767546
322 3 1 36537189011 28452740
322 3 2 46169458107 26759493
322 3 3 108381206105 26437116
322 3 4 77504993790 29678796
323 3 1 35843263351 28583733
323 3 2 35852017001 28570182
323 3 3 35867213790 28559722
323 3 4 35835745767 28573212
324 3 1 36091387758 27732175
324 3 2 36135387715 27732354
324 3 3 36171604895 27745684
324 3 4 36122555480 27730724
325 3 1 36449376994 28471079
325 3 2 36464065784 28447779
325 3 3 42543350057 27630681
325 3 4 112893582673 39601758
326 3 1 53819031441 30213797
326 3 2 37422655920 28854238
326 3 3 37338494196 28842467
326 3 4 37427356085 28877509
327 3 1 37865475996 29177225
327 3 2 37800438202 29144454
327 3 3 37762183980 29143404
327 3 4 37766552071 29156145
328 3 1 38141098176 30235003
328 3 2 38097530673 30230812
328 3 3 38112569981 30221188
328 3 4 38127115357 30241604
329 3 1 38518348461 30099106
329 3 2 38578346041 30108500
329 3 3 38551424957 30092253
329 3 4 38552287814 30104074
330 3 1 38934090756 30483672
330 3 2 38878363547 30488112
330 3 3 38780129238 30460891
330 3 4 38795714799 30488600
331 3 1 39221234239 31112119
331 3 2 39209260782 31120537
331 3 3 39168469817 30959672
331 3 4 39155110659 30948568
332 3 1 39583203377 31655346
332 3 2 39516963800 31653613
332 3 3 39591819710 31674268
332 3 4 39605417300 31694873
333 3 1 39927075002 31531325
333 3 2 39885222217 31499560
333 3 3 39922821299 31512504
333 3 4 39892138929 31469266
334 3 1 40240849028 30981960
334 3 2 40337663942 31024014
334 3 3 40303195855 31009667
334 3 4 40228383701 31042472
335 3 1 40597075517 31486881
335 3 2 40646719122 31484404
335 3 3 40607219406 31485516
335 3 4 152768376544 31537884
336 3 1 41285833355 31776439
336 3 2 41063589478 31813382
336 3 3 41048959372 31783264
336 3 4 41121224699 31815124
337 3 1 41411901114 32265605
337 3 2 41438216575 32266516
337 3 3 41488903171 32277516
337 3 4 41520724251 32253257
338 3 1 42397196886 31712468
338 3 2 42335462851 31732728
338 3 3 42329597133 31750659
338 3 4 42234188284 31736510
339 3 1 42624764431 33240380
339 3 2 42684931376 33221590
339 3 3 42596463856 33241281
339 3 4 42638077805 33301513
340 3 1 43007579455 33602100
340 3 2 42986285153 33590755
340 3 3 43056214035 33608356
340 3 4 43038172111 33576887
341 3 1 43448973052 35103904
341 3 2 43357340248 35178823
341 3 3 43348935444 35160300
341 3 4 43367843782 35148433
342 3 1 43729824719 35564333
342 3 2 43757136253 35551247
342 3 3 43821427263 35551969
342 3 4 43745149953 35553810
343 3 1 44120302574 34447953
343 3 2 44102879302 34410073
343 3 3 44107533404 34395039
343 3 4 44119955560 34436218
344 3 1 44499260400 35348120
344 3 2 44480173998 35331087
344 3 3 44506604472 35305762
344 3 4 44501103110 35280667
345 3 1 44866493159 35502566
345 3 2 167391420746 34987684
345 3 3 45183498323 35502896
345 3 4 45012953457 35484427
346 3 1 45416540897 36245055
346 3 2 45412474411 36253178
346 3 3 45450979264 36238750
346 3 4 45461176226 36284973
347 3 1 45776809884 36706202
347 3 2 45895762106 36664983
347 3 3 45810597801 36668186
347 3 4 45806587230 36675408
348 3 1 46299692521 36505166
348 3 2 46280481705 36519488
348 3 3 46175170871 36509719
348 3 4 46169628755 36517769
349 3 1 46596585080 37756423
349 3 2 46619069527 37788064
349 3 3 46676683482 37809215
349 3 4 46586647926 37761256
350 3 1 46969116944 38167753
350 3 2 47146606887 38182705
350 3 3 47023562867 38189166
350 3 4 47085842884 38164633
351 3 1 47377454982 38347331
351 3 2 47362124339 38370727
351 3 3 47355365029 38340051
351 3 4 47324636496 38389166
352 3 1 47746858121 39022651
352 3 2 47778491098 38975182
352 3 3 47821869479 39044607
352 3 4 47768562253 39025329
353 3 1 48272713664 38726418
353 3 2 48255061101 38799191
353 3 3 51579044114 36110327
353 3 4 144757330998 40105831
354 3 1 51168996901 39506343
354 3 2 50979024755 39517394
354 3 3 50962317275 39522826
354 3 4 51005597370 39428616
355 3 1 51238956251 38815555
355 3 2 51416432809 38749735
355 3 3 51234608850 38748206
355 3 4 51382483331 38796608
356 3 1 51811138404 39353678
356 3 2 51786484824 39319048
356 3 3 51830003138 39385060
356 3 4 51883272888 39389091
357 3 1 52280175094 40023193
357 3 2 52091889276 40031794
357 3 3 52119463645 39996113
357 3 4 52234183067 40026984
358 3 1 52684658650 41014763
358 3 2 52500381297 41004843
358 3 3 52632747377 40959102
358 3 4 52552045520 40977022
359 3 1 53128049373 40293160
359 3 2 53084793826 40197219
359 3 3 53119221982 40327420
359 3 4 53200230957 40311542
360 3 1 53586809334 40703178
360 3 2 53351736531 40723046
360 3 3 53381675872 40782583
360 3 4 53600803550 40774017
361 3 1 53878032373 43825545
361 3 2 53905123143 43806118
361 3 3 53852521613 43928135
361 3 4 54011908814 43859146
362 3 1 54494586873 41398048
362 3 2 54456872911 41546752
362 3 3 159762129527 40334857
362 3 4 51541005007 41379098
363 3 1 51903060048 41271428
363 3 2 51763584697 41268630
363 3 3 51816515824 41272001
363 3 4 51812387382 41243161
364 3 1 52319450357 41392255
364 3 2 52270968006 41342005
364 3 3 52128508161 41361486
364 3 4 52226821251 41341486
365 3 1 52544384535 44713407
365 3 2 52785462119 44698777
365 3 3 52629666204 44698379
365 3 4 52663786875 44675139
366 3 1 53100887828 44523827
366 3 2 53099876799 44370414
366 3 3 53060489876 44539648
366 3 4 53083128751 44522448
367 3 1 53501972213 43005961
367 3 2 53504599299 43006901
367 3 3 53618152886 43142954
367 3 4 53500237119 42951010
368 3 1 53934143088 43545631
368 3 2 53931715313 43564993
368 3 3 54061083570 43595033
368 3 4 53948068821 43600782
369 3 1 54342133530 44473819
369 3 2 54351813115 44473979
369 3 3 54492650426 44515654
369 3 4 54335544692 44563895
370 3 1 54753223750 45906860
370 3 2 54938140027 45920520
370 3 3 54926805155 45908609
370 3 4 54798176839 45930220
371 3 1 55218322455 45428890
371 3 2 55360118151 45447210
371 3 3 55254777160 45359028
371 3 4 55243845559 45403289
372 3 1 55850596557 44097275
372 3 2 55833509770 44057074
372 3 3 55667009408 44066764
372 3 4 55804048665 44040663
373 3 1 56076854980 44601973
373 3 2 56119919116 44215758
373 3 3 56194170117 44164916
373 3 4 56176871096 44173386
374 3 1 56489528281 46005099
374 3 2 56567295901 46019069
374 3 3 56596209978 45994798
374 3 4 56669977799 45969569
375 3 1 56989815888 48502553
375 3 2 57023994916 48564415
375 3 3 57072072052 48563005
375 3 4 57072929578 48560275
376 3 1 57619997010 48255480
376 3 2 57504759343 48263189
376 3 3 57486157671 48258769
376 3 4 57848941809 48252378
377 3 1 57920527798 47295842
377 3 2 57923542013 47317102
377 3 3 57951487178 47253461
377 3 4 57940059837 47295982
378 3 1 58345916731 45110902
378 3 2 58351995589 45113083
378 3 3 58406726874 45133849
378 3 4 58516551563 45129278
379 3 1 58876075655 45636266
379 3 2 58804040843 45674595
379 3 3 58802594624 45694035
379 3 4 58884000013 45703444
380 3 1 59503424302 47393624
380 3 2 59304706614 47397693
380 3 3 59467495328 47357241
380 3 4 59351751604 47426893
381 3 1 59889313608 49885435
381 3 2 59737952839 49934536
381 3 3 59738978654 49914506
381 3 4 59740734760 49884954
382 3 1 60186033666 50249710
382 3 2 60191078498 50383443
382 3 3 60354452923 50222460
382 3 4 60202111263 50215300
383 3 1 60869778848 50192249
383 3 2 60832790575 50216069
383 3 3 60899539260 50218769
383 3 4 60713690551 50212668
384 3 1 61175828550 50361881
384 3 2 61110968954 50365421
384 3 3 61345477843 50395672
384 3 4 61136062111 50388252
385 3 1 61598672527 49444424
385 3 2 61587208630 49439053
385 3 3 61795705435 49415413
385 3 4 61776599063 49417234
386 3 1 62209981333 48306033
386 3 2 62072952098 48261062
386 3 3 62147708279 48293903
386 3 4 62099550565 48259602
387 3 1 62613224733 46786995
387 3 2 62603553478 46721421
387 3 3 62549985918 46750540
387 3 4 62730436675 46728298
388 3 1 62930023641 47524212
388 3 2 63070879659 47614782
388 3 3 63047533108 47527969
388 3 4 63110185983 47570589
389 3 1 63707427512 49541034
389 3 2 63601784846 49540084
389 3 3 63509368676 49544423
389 3 4 63564916623 49535241
390 3 1 64050417287 51366195
390 3 2 64052085732 51350554
390 3 3 64166306099 51309403
390 3 4 64104254168 51348464
391 3 1 64646853930 51036908
391 3 2 64658927752 51075737
391 3 3 64643251787 51058687
391 3 4 64642788790 51034016
392 3 1 65177693443 50969695
392 3 2 65009421527 50994716
392 3 3 64986085440 51000585
392 3 4 65004296863 50999525
393 3 1 65452058637 50675380
393 3 2 65517573568 50694680
393 3 3 65457544429 50667799
393 3 4 65611824143 50706129
394 3 1 66133358775 51173457
394 3 2 65972962717 51172177
394 3 3 66161142948 51136216
394 3 4 66148677584 51168567
395 3 1 66508510427 52586700
395 3 2 66443911002 52604832
395 3 3 66515503103 52559883
395 3 4 66604931082 52572286
396 3 1 66972948727 51833564
396 3 2 67129154867 51801784
396 3 3 66947852968 51800396
396 3 4 66965769507 51855039
397 3 1 67527426933 52410260
397 3 2 67426833475 52237147
397 3 3 67641930850 52416491
397 3 4 67497916741 52454183
398 3 1 67987592168 52173317
398 3 2 67985150167 52070967
398 3 3 68291675365 52100447
398 3 4 67972316709 52051818
399 3 1 68586047309 53388292
399 3 2 68482295587 53246470
399 3 3 68683464612 53444914
399 3 4 68521102842 53235480
400 3 1 69126680024 52417455
400 3 2 68949103962 52325244
400 3 3 68977736303 52351954
400 3 4 69086343540 52403916
