1 2 1 4251709 159603
1 2 2 31291 51731
1 2 3 28461 50861
1 2 4 26841 50031
2 2 1 33120 50961
2 2 2 32180 49701
2 2 3 32080 51181
2 2 4 31940 212264
3 2 1 45871 51331
3 2 2 37711 50081
3 2 3 36791 49321
3 2 4 39751 49261
4 2 1 43951 49321
4 2 2 45410 50351
4 2 3 45581 50851
4 2 4 45671 51471
5 2 1 59771 53931
5 2 2 55321 53821
5 2 3 55661 53131
5 2 4 55491 51461
6 2 1 71712 53021
6 2 2 69791 50181
6 2 3 66281 53231
6 2 4 65891 52811
7 2 1 79041 52011
7 2 2 80351 51471
7 2 3 85192 50241
7 2 4 85202 51451
8 2 1 106882 52631
8 2 2 105662 52091
8 2 3 98482 49731
8 2 4 96321 50731
9 2 1 111642 52671
9 2 2 122453 52851
9 2 3 113592 53291
9 2 4 112072 51621
10 2 1 128513 52581
10 2 2 141013 52591
10 2 3 136222 51171
10 2 4 137942 52231
11 2 1 179503 56571
11 2 2 155613 51781
11 2 3 156253 51901
11 2 4 155623 51121
12 2 1 179943 51851
12 2 2 193074 53541
12 2 3 188093 51971
12 2 4 188304 51431
13 2 1 210834 121683
13 2 2 224894 51751
13 2 3 226764 51161
13 2 4 223935 51221
14 2 1 268365 53851
14 2 2 243524 53041
14 2 3 236514 51131
14 2 4 239415 51331
15 2 1 282335 52301
15 2 2 273785 52631
15 2 3 266785 54021
15 2 4 267325 51271
16 2 1 301266 53501
16 2 2 305555 52141
16 2 3 299665 49951
16 2 4 297995 51741
17 2 1 327346 52361
17 2 2 350087 54211
17 2 3 353317 52801
17 2 4 348617 53771
18 2 1 381677 53741
18 2 2 400807 54071
18 2 3 396567 50781
18 2 4 395637 51181
19 2 1 434658 52531
19 2 2 462328 51721
19 2 3 453728 53531
19 2 4 451378 50911
20 2 1 486429 52771
20 2 2 493449 53451
20 2 3 482279 52321
20 2 4 488589 52471
21 2 1 574010 54821
21 2 2 511469 53141
21 2 3 499829 53341
21 2 4 502339 52091
22 2 1 548090 53031
22 2 2 557250 50711
22 2 3 564361 54261
22 2 4 551901 53171
23 2 1 594471 52661
23 2 2 600721 53301
23 2 3 601191 51971
23 2 4 602021 51081
24 2 1 643461 54451
24 2 2 664502 52051
24 2 3 653002 58911
24 2 4 652812 51811
25 2 1 705563 52401
25 2 2 739204 51211
25 2 3 723143 51791
25 2 4 723103 51391
26 2 1 782254 54231
26 2 2 821555 51221
26 2 3 806075 51671
26 2 4 811375 52281
27 2 1 864366 53151
27 2 2 888467 53471
27 2 3 1174912 109962
27 2 4 1011099 79852
28 2 1 1082060 78122
28 2 2 1085371 73671
28 2 3 1048859 74371
28 2 4 1080770 73872
29 2 1 1223163 135612
29 2 2 1161541 76731
29 2 3 1124451 74161
29 2 4 1111020 75401
30 2 1 1181501 82002
30 2 2 1160142 79741
30 2 3 1174022 79482
30 2 4 1165962 81001
31 2 1 1224103 84492
31 2 2 1222363 77051
31 2 3 1192501 77551
31 2 4 1187722 81082
32 2 1 1270693 76561
32 2 2 1288394 77092
32 2 3 1265624 78481
32 2 4 1282054 73681
33 2 1 1328365 86812
33 2 2 1388286 82152
33 2 3 1375316 78252
33 2 4 1364785 81962
34 2 1 1448987 89562
34 2 2 1514568 107302
34 2 3 1477387 85172
34 2 4 1483598 78342
35 2 1 1567069 80302
35 2 2 1611200 79961
35 2 3 1579349 79852
35 2 4 1596740 77112
36 2 1 1642160 85081
36 2 2 1750462 79382
36 2 3 1733572 84192
36 2 4 1730502 81681
37 2 1 1822054 89211
37 2 2 1884405 80291
37 2 3 1848734 83632
37 2 4 1865614 78092
38 2 1 1928245 89792
38 2 2 2030268 82401
38 2 3 1999117 85911
38 2 4 2023327 83091
39 2 1 2095749 89561
39 2 2 2161420 84871
39 2 3 2146150 82082
39 2 4 2140549 83102
40 2 1 2198971 87161
40 2 2 1979957 93472
40 2 3 1965547 84112
40 2 4 1959087 87872
41 2 1 2190021 145623
41 2 2 2132930 79681
41 2 3 2135320 84471
41 2 4 2124079 88432
42 2 1 2215311 86572
42 2 2 2201910 82752
42 2 3 2168650 87602
42 2 4 2131200 84961
43 2 1 2189610 91762
43 2 2 2228992 77512
43 2 3 2124980 81572
43 2 4 2161270 81041
44 2 1 2242462 93942
44 2 2 2338554 87572
44 2 3 2315623 91442
44 2 4 2307273 93371
45 2 1 2393424 90902
45 2 2 2380094 80252
45 2 3 2337353 84802
45 2 4 2329273 84711
46 2 1 2433595 97482
46 2 2 2465086 87441
46 2 3 2441315 90582
46 2 4 2456725 87802
47 2 1 2549328 87362
47 2 2 2544968 86802
47 2 3 2511397 82591
47 2 4 2501416 83191
48 2 1 2604498 95632
48 2 2 2631379 82261
48 2 3 2612158 90121
48 2 4 2592338 82831
49 2 1 2685770 92072
49 2 2 2739651 87632
49 2 3 2716771 89682
49 2 4 2716121 89282
50 2 1 2777271 102072
50 2 2 2834443 98402
50 2 3 2842273 88432
50 2 4 2851753 96002
51 2 1 2945464 102452
51 2 2 2946745 95992
51 2 3 2943335 89702
51 2 4 2957535 88772
52 2 1 3070267 88642
52 2 2 3009796 86951
52 2 3 2985035 82542
52 2 4 2984466 81672
53 2 1 3104828 94721
53 2 2 3196299 94762
53 2 3 3192159 92591
53 2 4 3179658 95522
54 2 1 3293702 101422
54 2 2 3320571 89182
54 2 3 3272511 92032
54 2 4 3292321 91912
55 2 1 3406874 88502
55 2 2 3418764 86181
55 2 3 3389343 84992
55 2 4 3385523 92861
56 2 1 3490575 89191
56 2 2 3533465 87872
56 2 3 3453034 84861
56 2 4 3445943 85211
57 2 1 3513995 92452
57 2 2 3701999 90281
57 2 3 3617247 85721
57 2 4 3656298 85532
58 2 1 4064895 156593
58 2 2 4314000 75971
58 2 3 3824521 87951
58 2 4 3824501 89581
59 2 1 3944393 89862
59 2 2 4036684 85152
59 2 3 3999454 83742
59 2 4 4012694 80511
60 2 1 4103506 89632
60 2 2 4096956 84492
60 2 3 4020074 79491
60 2 4 4001734 80451
61 2 1 4137257 86502
61 2 2 4238089 82491
61 2 3 4162437 79811
61 2 4 4167797 79642
62 2 1 4279579 92211
62 2 2 4332831 88392
62 2 3 4318240 83961
62 2 4 4313830 93881
63 2 1 4445043 88011
63 2 2 4505484 86522
63 2 3 4468123 84932
63 2 4 4560515 90492
64 2 1 4607155 91112
64 2 2 4619296 91162
64 2 3 4519874 86312
64 2 4 4530684 85211
65 2 1 4678597 87612
65 2 2 4751879 90702
65 2 3 4692367 87821
65 2 4 4734858 90932
66 2 1 4877220 88972
66 2 2 4849780 87022
66 2 3 4849240 91301
66 2 4 4825940 86542
67 2 1 4980823 87622
67 2 2 4967632 88672
67 2 3 4945762 84812
67 2 4 4932551 84321
68 2 1 5045244 94832
68 2 2 5081094 85612
68 2 3 5053213 84871
68 2 4 5043934 86522
69 2 1 5173046 89462
69 2 2 5179616 87652
69 2 3 5195636 84081
69 2 4 5191707 86032
70 2 1 5298589 91692
70 2 2 5387750 85242
70 2 3 5352869 84791
70 2 4 5353080 87632
71 2 1 5463221 92412
71 2 2 5528403 91722
71 2 3 5434781 86311
71 2 4 5466072 87502
72 2 1 5593574 94432
72 2 2 5663265 88581
72 2 3 5635185 83901
72 2 4 5621975 88022
73 2 1 5767927 98462
73 2 2 5789468 88792
73 2 3 5758677 91811
73 2 4 5744487 92872
74 2 1 5894969 99842
74 2 2 5910710 92062
74 2 3 6074863 89671
74 2 4 5880780 93762
75 2 1 6023762 94302
75 2 2 6084603 86231
75 2 3 6084543 86122
75 2 4 6028541 84151
76 2 1 6167295 92091
76 2 2 6250997 86982
76 2 3 6219475 87122
76 2 4 6230346 86172
77 2 1 6377609 92632
77 2 2 6390869 92871
77 2 3 6383908 89601
77 2 4 6383349 88881
78 2 1 6498960 92812
78 2 2 6618053 90371
78 2 3 6900848 90362
78 2 4 6488211 88452
79 2 1 6878287 91672
79 2 2 6818756 91012
79 2 3 6679714 89962
79 2 4 6818957 84901
80 2 1 6936979 94662
80 2 2 6969129 94142
80 2 3 6906378 86962
80 2 4 6928978 89572
81 2 1 7097652 91192
81 2 2 7066361 89382
81 2 3 7035041 86462
81 2 4 7102892 92552
82 2 1 7942207 185744
82 2 2 8149302 88221
82 2 3 7697494 97892
82 2 4 7674712 103602
83 2 1 7861866 92411
83 2 2 7824005 98371
83 2 3 7768114 105192
83 2 4 7791245 94962
84 2 1 7982999 101292
84 2 2 7855466 95622
84 2 3 7918988 104092
84 2 4 7982267 95342
85 2 1 8381036 107642
85 2 2 8350726 103302
85 2 3 8178312 100532
85 2 4 11318901 98022
86 2 1 8267463 104362
86 2 2 8342836 98952
86 2 3 8336655 102462
86 2 4 8527838 109002
87 2 1 8499818 108982
87 2 2 8480627 107282
87 2 3 8460817 105242
87 2 4 8478888 102332
88 2 1 8848784 112082
88 2 2 8731852 107422
88 2 3 8728791 106652
88 2 4 8743323 109322
89 2 1 8859965 110872
89 2 2 9007607 106442
89 2 3 8831254 112542
89 2 4 8848144 100312
90 2 1 8924146 108932
90 2 2 9040348 107882
90 2 3 9098819 101502
90 2 4 8951315 110802
91 2 1 9188521 106692
91 2 2 9212141 106992
91 2 3 9114680 120692
91 2 4 9467546 110452
92 2 1 9334863 116472
92 2 2 9474056 110522
92 2 3 9384044 122242
92 2 4 9595728 114612
93 2 1 9545386 114622
93 2 2 9547057 111123
93 2 3 9561827 116043
93 2 4 9506006 114822
94 2 1 9702029 113503
94 2 2 9794332 106442
94 2 3 9769602 121862
94 2 4 9749652 114032
95 2 1 9945695 112432
95 2 2 10298011 115062
95 2 3 9818692 112453
95 2 4 9896874 125662
96 2 1 10134569 113362
96 2 2 10138048 111592
96 2 3 10067317 114572
96 2 4 10132249 107012
97 2 1 10249261 112582
97 2 2 10331782 110752
97 2 3 10508805 110762
97 2 4 10500276 114722
98 2 1 10506395 115292
98 2 2 10562545 117202
98 2 3 10844611 110263
98 2 4 10503525 116212
99 2 1 10742570 115962
99 2 2 10699519 114052
99 2 3 10660488 110712
99 2 4 10743850 111502
100 2 1 11112116 113032
100 2 2 10928242 124053
100 2 3 11051325 115373
100 2 4 10788780 115362
101 2 1 10955624 115982
101 2 2 10974714 118782
101 2 3 10950094 110352
101 2 4 11111057 117132
102 2 1 11279990 110752
102 2 2 11291809 114713
102 2 3 11411962 128523
102 2 4 11479593 114252
103 2 1 11486333 117892
103 2 2 11493023 113052
103 2 3 11483564 116042
103 2 4 11482554 124902
104 2 1 11761168 120232
104 2 2 11644537 120082
104 2 3 11615466 119222
104 2 4 11813710 121782
105 2 1 11934261 124912
105 2 2 11789479 124542
105 2 3 11813810 112942
105 2 4 11911861 113722
106 2 1 12200906 121162
106 2 2 12100945 119622
106 2 3 12137566 115172
106 2 4 12085064 115732
107 2 1 12542954 100712
107 2 2 12494722 114343
107 2 3 12330668 109732
107 2 4 12359120 107892
108 2 1 12436842 111552
108 2 2 12445292 111072
108 2 3 12497302 108302
108 2 4 12554284 104512
109 2 1 12880860 107182
109 2 2 12853628 119272
109 2 3 12910750 107552
109 2 4 12738467 110562
110 2 1 12950630 110332
110 2 2 12979801 115153
110 2 3 12863429 113062
110 2 4 12915310 114612
111 2 1 12974020 106852
111 2 2 13270536 114342
111 2 3 13265167 107902
111 2 4 13171384 104311
112 2 1 13396219 111323
112 2 2 13387479 113842
112 2 3 13454150 111062
112 2 4 13344999 116582
113 2 1 13591043 115112
113 2 2 13821346 111822
113 2 3 13739376 107872
113 2 4 13811197 117122
114 2 1 13824016 121112
114 2 2 13823847 111702
114 2 3 13841947 111112
114 2 4 18402581 108792
115 2 1 14821936 216804
115 2 2 15551320 104552
115 2 3 14805665 132462
115 2 4 16210732 129092
116 2 1 15133251 130933
116 2 2 15044308 127792
116 2 3 15083940 136522
116 2 4 15068500 130752
117 2 1 15521659 145503
117 2 2 15561379 128473
117 2 3 15266882 132822
117 2 4 15388566 130622
118 2 1 15549049 131373
118 2 2 15595409 130262
118 2 3 15546519 127542
118 2 4 15783953 139432
119 2 1 22279464 134443
119 2 2 15831193 132972
119 2 3 22193973 136153
119 2 4 15787783 136372
120 2 1 16204271 141372
120 2 2 16310234 135443
120 2 3 28863365 26229848
120 2 4 22135911 618052
121 2 1 16590469 143112
121 2 2 16562997 147583
121 2 3 16327084 145683
121 2 4 16368304 146853
122 2 1 16571097 152912
122 2 2 16481296 149963
122 2 3 16772981 153863
122 2 4 16648359 152293
123 2 1 17089577 148983
123 2 2 16872073 146423
123 2 3 16803992 151613
123 2 4 16891863 169683
124 2 1 17095197 153483
124 2 2 17422834 150853
124 2 3 17311161 144193
124 2 4 17036567 153003
125 2 1 17359711 151953
125 2 2 17330513 154322
125 2 3 17353773 152843
125 2 4 17530085 151343
126 2 1 17641108 155243
126 2 2 17757960 155753
126 2 3 17568797 153682
126 2 4 17670308 147523
127 2 1 17925093 159673
127 2 2 17797531 156252
127 2 3 18051174 152743
127 2 4 18081727 157553
128 2 1 18031914 150393
128 2 2 19258018 154153
128 2 3 18159228 169863
128 2 4 18107786 154173
129 2 1 24410614 163723
129 2 2 18397152 156023
129 2 3 18327191 161263
129 2 4 18328490 164863
130 2 1 18434423 159853
130 2 2 18650626 159243
130 2 3 18770799 161113
130 2 4 18680796 160933
131 2 1 18872791 157603
131 2 2 18860530 159923
131 2 3 18965842 166774
131 2 4 19087745 168733
132 2 1 19292618 168264
132 2 2 19322259 160853
132 2 3 19470961 152023
132 2 4 25026976 26076454
133 2 1 25776559 6709504
133 2 2 19530582 148802
133 2 3 19265018 154033
133 2 4 19447981 150743
134 2 1 19743408 160973
134 2 2 19704425 140163
134 2 3 19568214 143543
134 2 4 19680245 150063
135 2 1 20161315 160113
135 2 2 20064893 156143
135 2 3 19936081 158843
135 2 4 19883680 157363
136 2 1 20148604 158903
136 2 2 20438250 167203
136 2 3 20343817 158543
136 2 4 20241056 152913
137 2 1 20535811 168323
137 2 2 20504541 166663
137 2 3 20568921 168154
137 2 4 20731536 158343
138 2 1 20761335 164883
138 2 2 20765886 161503
138 2 3 20732844 165823
138 2 4 20924839 166193
139 2 1 21271814 162423
139 2 2 21896617 156003
139 2 3 21024250 160663
139 2 4 21067882 154743
140 2 1 21547480 167293
140 2 2 27098074 161383
140 2 3 21270935 160593
140 2 4 21215675 161443
141 2 1 21639101 162493
141 2 2 21742314 173624
141 2 3 21762064 159693
141 2 4 21528230 165283
142 2 1 21903107 174203
142 2 2 21827946 164434
142 2 3 24971994 166113
142 2 4 21985659 166194
143 2 1 22074550 167853
143 2 2 25831519 162893
143 2 3 22179993 166993
143 2 4 22483168 170363
144 2 1 22663381 164553
144 2 2 22467477 165303
144 2 3 22449017 179723
144 2 4 22512838 167583
145 2 1 22954817 180073
145 2 2 32736998 182044
145 2 3 22766133 186144
145 2 4 23030038 180524
146 2 1 22961916 165403
146 2 2 22991147 167114
146 2 3 22910025 169663
146 2 4 23332724 174283
147 2 1 23495046 177133
147 2 2 23359524 169713
147 2 3 23293622 169923
147 2 4 23302143 162423
148 2 1 23867254 187354
148 2 2 23823503 188443
148 2 3 23538998 175194
148 2 4 23572097 169783
149 2 1 23964186 163423
149 2 2 24292771 173493
149 2 3 24025157 163993
149 2 4 23944155 164643
150 2 1 29990026 162193
150 2 2 24452975 160343
150 2 3 24445944 155553
150 2 4 24137029 152033
151 2 1 24565096 153083
151 2 2 24517565 154802
151 2 3 24859752 162723
151 2 4 24649057 159633
152 2 1 24738940 148163
152 2 2 24851201 147983
152 2 3 25146598 154732
152 2 4 24588317 149063
153 2 1 25306859 157232
153 2 2 25163768 153023
153 2 3 25369481 155673
153 2 4 25358812 157383
154 2 1 25430292 149283
154 2 2 25400942 149083
154 2 3 25572226 154663
154 2 4 25596835 152063
155 2 1 25689127 150613
155 2 2 25798539 146322
155 2 3 25871571 156183
155 2 4 25804569 147153
156 2 1 27201305 151743
156 2 2 26056344 148472
156 2 3 26163326 152053
156 2 4 26233317 142872
157 2 1 26347820 143413
157 2 2 26348409 141183
157 2 3 26469702 149782
157 2 4 26476812 147533
158 2 1 26667555 150553
158 2 2 26599425 152933
158 2 3 26857198 150972
158 2 4 26859939 155563
159 2 1 29320045 150773
159 2 2 26952560 150443
159 2 3 27110114 161043
159 2 4 27114683 152723
160 2 1 27327607 155662
160 2 2 27240897 163803
160 2 3 27393018 153753
160 2 4 27491100 163423
161 2 1 27746096 154353
161 2 2 27558292 202114
161 2 3 27759055 158353
161 2 4 28005581 160793
162 2 1 27770076 150992
162 2 2 27814107 155443
162 2 3 28044831 154263
162 2 4 28112412 154463
163 2 1 35333646 370876
163 2 2 29809473 143723
163 2 3 29260743 177524
163 2 4 29119161 183463
164 2 1 29488308 182024
164 2 2 29703542 185833
164 2 3 29783023 191844
164 2 4 29665442 186293
165 2 1 29683511 186544
165 2 2 29942636 192964
165 2 3 30084890 181793
165 2 4 31280750 188923
166 2 1 30003577 188403
166 2 2 30430405 196504
166 2 3 30333274 183154
166 2 4 39692777 25992132
167 2 1 43002549 25987762
167 2 2 36357286 168133
167 2 3 30461826 168043
167 2 4 30363425 164343
168 2 1 30758101 179653
168 2 2 31092118 174954
168 2 3 30770032 178413
168 2 4 30878374 180213
169 2 1 31280870 192504
169 2 2 31291711 179954
169 2 3 31159340 184564
169 2 4 36682192 18878961
170 2 1 31371842 185554
170 2 2 31317992 186434
170 2 3 37129780 213824
170 2 4 31471214 197564
171 2 1 31923563 186663
171 2 2 31693848 193723
171 2 3 31807770 186873
171 2 4 32039776 191354
172 2 1 32072267 203873
172 2 2 32004935 186204
172 2 3 32538894 185173
172 2 4 32406972 194283
173 2 1 32471464 184093
173 2 2 32441163 189094
173 2 3 32538424 192563
173 2 4 32642266 196474
174 2 1 32729018 193393
174 2 2 32928551 188783
174 2 3 32893720 203004
174 2 4 32901511 190014
175 2 1 33085905 189254
175 2 2 33385250 195493
175 2 3 33217347 190803
175 2 4 33143435 189663
176 2 1 33693606 204943
176 2 2 33413411 195903
176 2 3 33442611 187813
176 2 4 33449081 224414
177 2 1 35666352 193773
177 2 2 33857469 186803
177 2 3 33750666 205294
177 2 4 34005042 195443
178 2 1 34032972 188084
178 2 2 34197406 200773
178 2 3 34324968 191054
178 2 4 34048272 189854
179 2 1 35855206 184503
179 2 2 34458040 195574
179 2 3 34574662 193783
179 2 4 34557392 201064
180 2 1 35082571 194904
180 2 2 34836707 201934
180 2 3 34863638 389137
180 2 4 34937529 196074
181 2 1 35460690 198324
181 2 2 35337396 200213
181 2 3 35264675 200554
181 2 4 35248294 203184
182 2 1 37939555 193613
182 2 2 35683542 211054
182 2 3 35826307 396997
182 2 4 35627391 194784
183 2 1 35939588 205123
183 2 2 36103820 206474
183 2 3 36116981 196873
183 2 4 36019659 202784
184 2 1 38346703 195263
184 2 2 36364415 201454
184 2 3 36220492 198054
184 2 4 39411122 201674
185 2 1 36535328 223574
185 2 2 36788933 198713
185 2 3 36948416 205654
185 2 4 36685922 200724
186 2 1 37126439 209814
186 2 2 37407015 214224
186 2 3 36987686 212204
186 2 4 36966617 198514
187 2 1 37752251 217814
187 2 2 37346634 206553
187 2 3 38099329 206833
187 2 4 37840353 212294
188 2 1 37710531 209674
188 2 2 37645669 202224
188 2 3 38023907 199243
188 2 4 37618288 214454
189 2 1 38046287 203713
189 2 2 38551446 217404
189 2 3 38503625 213834
189 2 4 40461982 216464
190 2 1 38776490 230564
190 2 2 38807031 217204
190 2 3 38639958 209844
190 2 4 38531385 215724
191 2 1 39236119 418848
191 2 2 39094966 212344
191 2 3 38965053 213524
191 2 4 39213918 200824
192 2 1 39200688 218704
192 2 2 39294890 212594
192 2 3 41036933 207234
192 2 4 39424742 206454
193 2 1 39859991 214434
193 2 2 51576879 15588949
193 2 3 39696587 391097
193 2 4 40350170 188103
194 2 1 39974583 197994
194 2 2 40338599 406838
194 2 3 40164136 210804
194 2 4 39946852 201493
195 2 1 40720507 212644
195 2 2 40505702 216485
195 2 3 40501812 214394
195 2 4 41638913 214574
196 2 1 40872129 207364
196 2 2 40913790 255435
196 2 3 40963831 224954
196 2 4 41036042 218114
197 2 1 41244746 214624
197 2 2 41607693 233054
197 2 3 41373008 215434
197 2 4 41615783 201454
198 2 1 41634133 213964
198 2 2 46930761 25825630
198 2 3 41594003 212914
198 2 4 41517501 213514
199 2 1 42227514 213534
199 2 2 41950549 215824
199 2 3 42187034 218544
199 2 4 42129742 225425
200 2 1 42357757 214814
200 2 2 42451459 212324
200 2 3 44733171 243614
200 2 4 44288002 223844
201 2 1 43016709 219825
201 2 2 44341234 227254
201 2 3 45452884 231594
201 2 4 43455518 215504
202 2 1 43268724 220134
202 2 2 44057608 229264
202 2 3 43295665 222714
202 2 4 44561728 225074
203 2 1 43559529 222584
203 2 2 44790552 419598
203 2 3 44275823 261695
203 2 4 44902524 213484
204 2 1 44854553 215474
204 2 2 45001896 232724
204 2 3 44941784 223934
204 2 4 49236855 25830120
205 2 1 51927584 25908002
205 2 2 49637541 32324030
205 2 3 49366867 25906481
205 2 4 50926676 4735698
206 2 1 44964545 210364
206 2 2 47241608 213864
206 2 3 45171509 226474
206 2 4 45177030 221994
207 2 1 46232029 214094
207 2 2 45329882 226064
207 2 3 46550155 221274
207 2 4 45386143 210064
208 2 1 46744628 221844
208 2 2 46696908 219994
208 2 3 47118945 223224
208 2 4 45845651 220904
209 2 1 47523752 212654
209 2 2 46942272 236145
209 2 3 46164017 223845
209 2 4 46605536 224694
210 2 1 46514354 216184
210 2 2 46513024 224544
210 2 3 48328898 220694
210 2 4 46521424 230535
211 2 1 49414548 223584
211 2 2 47903880 225074
211 2 3 46938642 223254
211 2 4 47567253 212814
212 2 1 47978211 219724
212 2 2 48668614 217145
212 2 3 47351410 214974
212 2 4 48986760 221184
213 2 1 48427260 193604
213 2 2 49166723 198543
213 2 3 47962391 206274
213 2 4 48999970 196693
214 2 1 48975160 187464
214 2 2 48415599 189114
214 2 3 48213345 199043
214 2 4 48678584 178934
215 2 1 48611333 182444
215 2 2 50168582 192894
215 2 3 48650724 191624
215 2 4 51412884 188604
216 2 1 49616252 190814
216 2 2 48926899 211144
216 2 3 49689043 202584
216 2 4 49578851 189264
217 2 1 50926706 188604
217 2 2 50595210 180653
217 2 3 50784703 220644
217 2 4 50216813 191114
218 2 1 52451235 195524
218 2 2 49846126 184373
218 2 3 51319674 184903
218 2 4 50868235 193524
219 2 1 50710311 187414
219 2 2 52719329 186163
219 2 3 50652731 210794
219 2 4 50487788 182733
220 2 1 52576877 194443
220 2 2 51020507 195193
220 2 3 53964023 196304
220 2 4 51296593 198674
221 2 1 51226912 231544
221 2 2 52246881 212314
221 2 3 51567428 205114
221 2 4 53831209 206584
222 2 1 52070767 201623
222 2 2 52772500 206474
222 2 3 52356233 195544
222 2 4 52993883 194643
223 2 1 52472995 184454
223 2 2 53248610 197334
223 2 3 53326950 188224
223 2 4 52298201 183443
224 2 1 52605756 191073
224 2 2 52731259 190473
224 2 3 52874272 189303
224 2 4 54098505 180764
225 2 1 53120486 190343
225 2 2 55726846 205734
225 2 3 55588473 183423
225 2 4 52987064 185183
226 2 1 54749756 186593
226 2 2 53700448 190653
226 2 3 55277597 185994
226 2 4 53355391 184213
227 2 1 57370835 205124
227 2 2 54562954 196334
227 2 3 55791327 198794
227 2 4 53927072 194143
228 2 1 55863387 198414
228 2 2 55301518 183774
228 2 3 54600285 197144
228 2 4 54328640 201494
229 2 1 55018791 407368
229 2 2 55601033 187444
229 2 3 56751725 201224
229 2 4 54927520 187834
230 2 1 60103656 362957
230 2 2 57858545 196343
230 2 3 56956927 452408
230 2 4 58468107 250595
231 2 1 58265393 249285
231 2 2 59311231 246244
231 2 3 64285405 25914171
231 2 4 63845955 259064
232 2 1 58945344 247055
232 2 2 60411623 248594
232 2 3 58370285 247424
232 2 4 59999364 266945
233 2 1 71138732 247995
233 2 2 63121112 305965
233 2 3 69793987 282815
233 2 4 60353030 246815
234 2 1 58966475 267495
234 2 2 61311998 268455
234 2 3 59078448 259055
234 2 4 62782286 271335
235 2 1 60207908 250105
235 2 2 59486435 494809
235 2 3 71772643 14773875
235 2 4 60056326 252595
236 2 1 61609244 242125
236 2 2 60389922 254295
236 2 3 61382240 253535
236 2 4 61122446 254025
237 2 1 62246147 252424
237 2 2 61004023 278455
237 2 3 64249514 274685
237 2 4 62005751 258964
238 2 1 61169407 259675
238 2 2 61396621 266595
238 2 3 60931452 275275
238 2 4 61458501 444388
239 2 1 63041520 257615
239 2 2 62450600 259075
239 2 3 64713311 250724
239 2 4 62468091 262185
240 2 1 62075584 272835
240 2 2 63299505 324346
240 2 3 62123324 256745
240 2 4 64220342 470929
241 2 1 62493191 274925
241 2 2 65841323 283246
241 2 3 63124612 271785
241 2 4 64657671 278435
242 2 1 62928610 281535
242 2 2 65097798 291516
242 2 3 64056050 284225
242 2 4 63445768 281065
243 2 1 63329417 280146
243 2 2 63962857 273045
243 2 3 63334367 281145
243 2 4 67253430 272345
244 2 1 63812795 270505
244 2 2 67759228 296775
244 2 3 64445937 307506
244 2 4 64449017 267935
245 2 1 66070027 276805
245 2 2 64803033 296206
245 2 3 66053497 290885
245 2 4 65101550 264215
246 2 1 67528444 278565
246 2 2 65770532 467838
246 2 3 68053985 21362596
246 2 4 65143861 293076
247 2 1 71799863 18104037
247 2 2 66808060 500549
247 2 3 67448463 297525
247 2 4 66706569 274245
248 2 1 65619729 272085
248 2 2 66385863 343926
248 2 3 68639335 282866
248 2 4 66187269 507030
249 2 1 69268757 271115
249 2 2 67228768 288646
249 2 3 66285002 272055
249 2 4 67694257 268685
250 2 1 66605037 275705
250 2 2 79537778 25926921
250 2 3 71090971 25892750
250 2 4 72634440 19616625
251 2 1 72467336 25962322
251 2 2 73387073 25914072
251 2 3 71674761 25911172
251 2 4 73054986 25846270
252 2 1 73247730 25974503
252 2 2 71756833 32294189
252 2 3 69259877 303336
252 2 4 67546504 289205
253 2 1 68557384 302665
253 2 2 70094162 302576
253 2 3 68658766 302526
253 2 4 71840484 308236
254 2 1 70152762 309096
254 2 2 68887620 293535
254 2 3 70206814 492589
254 2 4 68679376 282856
255 2 1 82923650 348067
255 2 2 69295477 299085
255 2 3 71000249 483039
255 2 4 69602624 301855
256 2 1 71988887 483819
256 2 2 69658945 297115
256 2 3 71516878 309536
256 2 4 70863786 291606
257 2 1 70329337 315416
257 2 2 70015881 319116
257 2 3 70506000 287526
257 2 4 70042991 317356
258 2 1 73209349 488919
258 2 2 70606922 296565
258 2 3 77523830 311835
258 2 4 71247463 311435
259 2 1 71890996 295955
259 2 2 72136700 302996
259 2 3 71691031 317926
259 2 4 72574409 317796
260 2 1 72137219 496099
260 2 2 73205399 297235
260 2 3 74099147 311976
260 2 4 74847630 315516
261 2 1 72606848 302065
261 2 2 73703879 302826
261 2 3 73927653 320736
261 2 4 77439898 32217029
262 2 1 77209344 291155
262 2 2 72540378 293846
262 2 3 72984175 501040
262 2 4 74640106 315226
263 2 1 73858953 304266
263 2 2 77112792 311165
263 2 3 74530974 301876
263 2 4 73151218 299925
264 2 1 75186868 350277
264 2 2 73708409 298666
264 2 3 86565298 25930993
264 2 4 78078240 5758857
265 2 1 76162945 318586
265 2 2 74846460 321256
265 2 3 77067833 320996
265 2 4 74214068 321186
266 2 1 76807576 492189
266 2 2 76121704 304936
266 2 3 75392401 296906
266 2 4 74609885 294866
267 2 1 75572293 318386
267 2 2 75209737 325466
267 2 3 79630860 312716
267 2 4 75341439 304396
268 2 1 79793272 317846
268 2 2 76430869 295995
268 2 3 76548263 313685
268 2 4 76545152 321896
269 2 1 76609053 297496
269 2 2 78276583 316196
269 2 3 77112703 292806
269 2 4 77774624 299946
270 2 1 78098220 323606
270 2 2 79092209 309406
270 2 3 77925418 311776
270 2 4 79149671 301245
271 2 1 79251922 301325
271 2 2 77281906 297125
271 2 3 77778485 489809
271 2 4 77265776 320056
272 2 1 96727947 3221940
272 2 2 80125799 364767
272 2 3 78005779 331156
272 2 4 82856569 295405
273 2 1 78899135 307585
273 2 2 79041577 304196
273 2 3 79535407 310136
273 2 4 79209382 307146
274 2 1 81077746 327676
274 2 2 79636729 303996
274 2 3 80786350 298446
274 2 4 80185169 304206
275 2 1 81494004 338136
275 2 2 79739002 307295
275 2 3 80946373 318976
275 2 4 81584406 322906
276 2 1 79689950 327906
276 2 2 80547446 326446
276 2 3 79860013 310806
276 2 4 90481361 317376
277 2 1 83480161 332567
277 2 2 80734609 306045
277 2 3 85514898 307565
277 2 4 82135465 313936
278 2 1 82946300 301036
278 2 2 82002723 312345
278 2 3 81229949 314056
278 2 4 83110815 298695
279 2 1 81818090 517480
279 2 2 83111874 311546
279 2 3 82684106 334146
279 2 4 83868008 314296
280 2 1 83183065 311366
280 2 2 84554591 316096
280 2 3 84370257 345557
280 2 4 82107906 314326
281 2 1 83058333 325036
281 2 2 82660555 321536
281 2 3 83429499 324126
281 2 4 85127852 324166
282 2 1 83994840 329356
282 2 2 87689439 343217
282 2 3 84659332 325926
282 2 4 83357408 321556
283 2 1 85921546 334916
283 2 2 83921349 317256
283 2 3 86708010 322346
283 2 4 83969449 323396
284 2 1 86723761 310186
284 2 2 85912546 346976
284 2 3 87511795 325786
284 2 4 84316567 319846
285 2 1 87234380 327706
285 2 2 86276403 353376
285 2 3 85459958 328096
285 2 4 84403428 356326
286 2 1 85911825 332136
286 2 2 95709448 343026
286 2 3 88441033 325656
286 2 4 85328315 349207
287 2 1 91374707 326786
287 2 2 87022916 347916
287 2 3 86563199 362787
287 2 4 87288852 329976
288 2 1 87306701 336136
288 2 2 99114401 352357
288 2 3 95174498 332046
288 2 4 91320097 333796
289 2 1 88837700 329386
289 2 2 89474853 364207
289 2 3 87672579 346527
289 2 4 88821839 330496
290 2 1 99578380 323096
290 2 2 88050595 329306
290 2 3 87527806 333057
290 2 4 88934822 324086
291 2 1 87941084 344026
291 2 2 91559421 358067
291 2 3 88283340 352737
291 2 4 93853364 362887
292 2 1 89523233 326006
292 2 2 89520833 329066
292 2 3 90297797 343346
292 2 4 89122695 331496
293 2 1 91563421 346116
293 2 2 89959971 338876
293 2 3 91377027 334127
293 2 4 90632404 341256
294 2 1 93221432 341957
294 2 2 90277877 340936
294 2 3 92571449 340096
294 2 4 91955638 355256
295 2 1 91048162 348927
295 2 2 90311187 371447
295 2 3 90975480 343087
295 2 4 90482210 342827
296 2 1 94319043 342267
296 2 2 91030440 347387
296 2 3 96108515 340067
296 2 4 93366545 336807
297 2 1 92061260 691763
297 2 2 93901074 341596
297 2 3 91544481 343306
297 2 4 94445544 350727
298 2 1 92504698 342817
298 2 2 94597987 339526
298 2 3 92943216 343206
298 2 4 95505704 353336
299 2 1 92973547 347397
299 2 2 94856662 382977
299 2 3 95326891 377157
299 2 4 93113119 341387
300 2 1 93619229 341866
300 2 2 94254391 333696
300 2 3 93557818 309786
300 2 4 96538493 321906
301 2 1 94545006 314995
301 2 2 99724073 295435
301 2 3 95312691 301656
301 2 4 102195128 340047
302 2 1 109665687 280145
302 2 2 96073055 275075
302 2 3 97969080 263415
302 2 4 90525101 151402
303 2 1 96801929 253445
303 2 2 95861030 255175
303 2 3 98537781 258184
303 2 4 96486052 254595
304 2 1 98330297 249084
304 2 2 97657804 244035
304 2 3 95276639 242575
304 2 4 95903092 249344
305 2 1 96715326 258025
305 2 2 96123616 247845
305 2 3 99653752 258735
305 2 4 96456281 253025
306 2 1 102532675 263545
306 2 2 98331026 403798
306 2 3 92161162 141663
306 2 4 98939967 271245
307 2 1 97276087 274865
307 2 2 99856195 464069
307 2 3 97897839 136802
307 2 4 97854908 134833
308 2 1 99646120 275295
308 2 2 101425984 279185
308 2 3 98408968 279545
308 2 4 100980796 266285
309 2 1 100995916 261935
309 2 2 98446029 449108
309 2 3 108831722 25998842
309 2 4 101902523 25942381
310 2 1 102809750 19652966
310 2 2 105931667 19548543
310 2 3 102765759 25858350
310 2 4 108527726 19648265
311 2 1 104170025 25951062
311 2 2 103408361 25918982
311 2 3 104795096 25945192
311 2 4 101151959 245505
312 2 1 104160794 254765
312 2 2 101346022 261615
312 2 3 103554444 259435
312 2 4 102266549 257435
313 2 1 104822027 333466
313 2 2 102017936 250015
313 2 3 104307627 271775
313 2 4 103163576 256315
314 2 1 102817290 288395
314 2 2 102519454 303575
314 2 3 102555856 289745
314 2 4 102674068 272445
315 2 1 106156311 267765
315 2 2 103427032 284206
315 2 3 108988094 284265
315 2 4 104062953 285575
316 2 1 103760568 309216
316 2 2 105583141 311106
316 2 3 103838369 309406
316 2 4 106896956 299206
317 2 1 104510511 344406
317 2 2 106354126 340016
317 2 3 105266355 337936
317 2 4 107513717 349946
318 2 1 105035421 383318
318 2 2 107149789 346326
318 2 3 107008838 359717
318 2 4 105046131 363647
319 2 1 106736653 348657
319 2 2 105852557 356117
319 2 3 105346036 389297
319 2 4 109251769 312556
320 2 1 106663171 348336
320 2 2 112532041 327276
320 2 3 107513826 331226
320 2 4 106501728 337276
321 2 1 108599216 274945
321 2 2 106927337 280196
321 2 3 110063635 293016
321 2 4 107387525 270275
322 2 1 110303809 295166
322 2 2 108702098 278755
322 2 3 110622226 287495
322 2 4 107410225 286685
323 2 1 110551864 282005
323 2 2 110235367 273675
323 2 3 117475082 16060868
323 2 4 108349853 295815
324 2 1 108655319 323286
324 2 2 106488918 295326
324 2 3 111440671 309516
324 2 4 108991714 326496
325 2 1 117797648 418468
325 2 2 113872745 311626
325 2 3 113113391 391768
325 2 4 115914624 410768
326 2 1 114480867 415657
326 2 2 120706072 438578
326 2 3 114675220 392487
326 2 4 116166287 403478
327 2 1 116290391 397847
327 2 2 117602144 408068
327 2 3 114983595 468579
327 2 4 116755089 431888
328 2 1 116994433 435368
328 2 2 115643518 541420
328 2 3 115694070 381097
328 2 4 116641346 406008
329 2 1 117581094 403437
329 2 2 119556111 451968
329 2 3 116230469 397457
329 2 4 130126127 13077733
330 2 1 127646461 170133
330 2 2 115238961 437429
330 2 3 116936371 403788
330 2 4 116626386 445148
331 2 1 119750755 447078
331 2 2 116778869 398238
331 2 3 118805926 445648
331 2 4 117482743 401957
332 2 1 129303402 12535453
332 2 2 124204587 440918
332 2 3 121317834 454078
332 2 4 120539959 408988
333 2 1 118205386 201494
333 2 2 115875902 408138
333 2 3 118274467 453598
333 2 4 118422400 410348
334 2 1 122141389 415168
334 2 2 118395439 454988
334 2 3 123946502 412758
334 2 4 119250006 465669
335 2 1 119072232 478139
335 2 2 120790763 545750
335 2 3 126157224 25937691
335 2 4 126237734 26007283
336 2 1 121575098 562510
336 2 2 121599599 388397
336 2 3 118121043 463548
336 2 4 123225670 177994
337 2 1 118429149 427648
337 2 2 122398104 545080
337 2 3 121947476 543320
337 2 4 118060563 476789
338 2 1 121058328 415128
338 2 2 120638260 415787
338 2 3 120829985 455269
338 2 4 132563382 25937822
339 2 1 125642273 32271489
339 2 2 130203769 406437
339 2 3 122880822 447478
339 2 4 120671981 422298
340 2 1 122900093 425248
340 2 2 121754372 422827
340 2 3 133551151 431988
340 2 4 123818850 421758
341 2 1 126608762 423797
341 2 2 124387710 181103
341 2 3 123878611 425178
341 2 4 122566998 446698
342 2 1 133708034 4879411
342 2 2 127168853 454288
342 2 3 122450754 452559
342 2 4 122261411 482269
343 2 1 124070655 562930
343 2 2 121742942 184653
343 2 3 125148755 540460
343 2 4 121502727 403338
344 2 1 127862815 184043
344 2 2 131371760 486129
344 2 3 133167903 202913
344 2 4 126242036 441239
345 2 1 125619403 440438
345 2 2 127856365 499999
345 2 3 122838351 481629
345 2 4 127413187 198873
346 2 1 124260568 383907
346 2 2 126209965 558560
346 2 3 123639096 192544
346 2 4 126077682 189833
347 2 1 125614293 440178
347 2 2 123581716 488720
347 2 3 123655448 188574
347 2 4 124141986 191063
348 2 1 124749787 443998
348 2 2 129716879 454629
348 2 3 126657613 197403
348 2 4 130152567 378117
349 2 1 125691795 195544
349 2 2 124995233 191704
349 2 3 126480619 198583
349 2 4 124594624 190524
350 2 1 128451576 188044
350 2 2 125382879 190133
350 2 3 127634451 445948
350 2 4 128551948 504019
351 2 1 129037137 731254
351 2 2 126229844 188604
351 2 3 128234842 423268
351 2 4 127702452 191084
352 2 1 126154443 198744
352 2 2 126369487 194744
352 2 3 125942269 450528
352 2 4 134265034 190994
353 2 1 134429967 575571
353 2 2 128244212 198723
353 2 3 134612680 194734
353 2 4 128356624 531310
354 2 1 127609492 192573
354 2 2 129142748 547980
354 2 3 127516209 399607
354 2 4 130824090 189774
355 2 1 128112520 195294
355 2 2 130774699 189333
355 2 3 128572178 197904
355 2 4 131335710 201114
356 2 1 128462796 199154
356 2 2 131310529 458139
356 2 3 130315541 195074
356 2 4 128705041 205944
357 2 1 136980175 13803676
357 2 2 135030108 196553
357 2 3 130349161 512710
357 2 4 134142352 557901
358 2 1 129694040 196203
358 2 2 138033114 200023
358 2 3 130638686 197673
358 2 4 129604278 206524
359 2 1 131975412 607661
359 2 2 129904053 197854
359 2 3 134095971 197304
359 2 4 130562445 191454
360 2 1 133514140 199823
360 2 2 132036042 195083
360 2 3 133860497 201664
360 2 4 130850991 194113
361 2 1 133886067 206354
361 2 2 133876897 201684
361 2 3 131268528 192153
361 2 4 131630765 219244
362 2 1 140536420 26008793
362 2 2 140075842 25917102
362 2 3 149525046 25919352
362 2 4 140095532 25869380
363 2 1 148506448 25946833
363 2 2 141694171 25862970
363 2 3 139999790 25916732
363 2 4 142870413 25911741
364 2 1 141744873 19872320
364 2 2 145472102 25900431
364 2 3 140558461 25907960
364 2 4 144053346 26006684
365 2 1 143661919 26020403
365 2 2 146200796 26003933
365 2 3 142586208 32523455
365 2 4 149296722 193974
366 2 1 136052677 191833
366 2 2 132902299 203183
366 2 3 133138443 475029
366 2 4 136252631 417598
367 2 1 135544978 195693
367 2 2 138832078 196784
367 2 3 143351833 25937001
367 2 4 151068146 19580034
368 2 1 147010630 25920132
368 2 2 144009945 25939701
368 2 3 145845360 25871331
368 2 4 143162889 191183
369 2 1 143209130 193804
369 2 2 133223024 218864
369 2 3 138701197 200074
369 2 4 137589885 205164
370 2 1 140294536 207164
370 2 2 137134967 204264
370 2 3 139721784 214034
370 2 4 139076664 221914
371 2 1 137107047 205524
371 2 2 137253560 202594
371 2 3 145574604 25931842
371 2 4 145877420 25905022
372 2 1 152024564 25929401
372 2 2 145741867 180414
372 2 3 145179657 191964
372 2 4 138519632 194643
373 2 1 138518143 209174
373 2 2 140652532 199414
373 2 3 138914360 196654
373 2 4 142326364 193793
374 2 1 139230867 196153
374 2 2 141615540 196594
374 2 3 141279154 198144
374 2 4 143111007 197004
375 2 1 140003851 202364
375 2 2 142861624 202604
375 2 3 142325364 497869
375 2 4 139884909 197273
376 2 1 140510770 201194
376 2 2 140729184 199944
376 2 3 140414969 198953
376 2 4 143679679 484489
377 2 1 140662633 207464
377 2 2 147698973 197174
377 2 3 141910936 212964
377 2 4 140831486 199714
378 2 1 142833553 196594
378 2 2 141674122 200774
378 2 3 151892452 25919141
378 2 4 150433225 25968102
379 2 1 158267500 25911101
379 2 2 153606774 25983093
379 2 3 158753469 19648095
379 2 4 151325861 26002263
380 2 1 158784719 29425576
380 2 2 151261970 439378
380 2 3 144332641 197414
380 2 4 143265021 221484
381 2 1 144319290 561780
381 2 2 144003135 513450
381 2 3 148181883 503729
381 2 4 143596088 641192
382 2 1 152354810 550660
382 2 2 145885270 498950
382 2 3 145065465 498249
382 2 4 146924668 667992
383 2 1 155006649 20285317
383 2 2 159337009 3895213
383 2 3 149960845 239754
383 2 4 148019879 224354
384 2 1 146841318 231725
384 2 2 148715693 215514
384 2 3 144882371 220224
384 2 4 147787745 214594
385 2 1 147723204 206343
385 2 2 145832629 204674
385 2 3 146481730 24506315
385 2 4 152181676 148173
386 2 1 147599392 205903
386 2 2 147727134 213204
386 2 3 146784137 519950
386 2 4 154320286 646732
387 2 1 149483917 546891
387 2 2 147905857 538160
387 2 3 149599609 523030
387 2 4 148078820 579321
388 2 1 152015783 524710
388 2 2 156078980 26001463
388 2 3 161719545 555970
388 2 4 149270483 210174
389 2 1 146122173 217704
389 2 2 148143672 232564
389 2 3 152124086 219124
389 2 4 151162447 521360
390 2 1 149438756 543141
390 2 2 150268161 528229
390 2 3 149219071 532120
390 2 4 149530188 216134
391 2 1 154215174 556981
391 2 2 150531006 537440
391 2 3 157714289 292275
391 2 4 160478612 20377779
392 2 1 161527490 26036374
392 2 2 165074166 25926921
392 2 3 155976938 25954312
392 2 4 168524531 26049453
393 2 1 166588875 25923472
393 2 2 164477976 248834
393 2 3 150541046 202284
393 2 4 152944512 204244
394 2 1 150768190 208214
394 2 2 154695583 213444
394 2 3 153872959 208534
394 2 4 151809159 210454
395 2 1 151793549 207423
395 2 2 151882651 221364
395 2 3 151839431 228084
395 2 4 158297841 215254
396 2 1 157920284 215994
396 2 2 160831227 207784
396 2 3 152821339 217884
396 2 4 151832110 213964
397 2 1 154699354 215824
397 2 2 152928031 143473
397 2 3 157002846 214714
397 2 4 153663365 216814
398 2 1 157832641 227714
398 2 2 155031570 213634
398 2 3 156887924 226944
398 2 4 152615415 210294
399 2 1 164693219 260844
399 2 2 174130084 220324
399 2 3 156780992 237544
399 2 4 154054031 216804
400 2 1 155383036 216614
400 2 2 154933048 219484
400 2 3 159195466 212554
400 2 4 155131942 228965
1 3 1 45641 65402
1 3 2 37060 65522
1 3 3 34680 65191
1 3 4 34720 63431
2 3 1 46861 66291
2 3 2 48270 64861
2 3 3 45970 65211
2 3 4 46940 64872
3 3 1 75881 66551
3 3 2 73591 66651
3 3 3 73102 68012
3 3 4 72651 66761
4 3 1 118902 67581
4 3 2 137383 66332
4 3 3 151223 70241
4 3 4 138443 69401
5 3 1 215794 67701
5 3 2 218964 68402
5 3 3 231114 69121
5 3 4 231195 67092
6 3 1 347246 69431
6 3 2 360616 68881
6 3 3 364047 70201
6 3 4 376107 70442
7 3 1 541200 71301
7 3 2 551631 69691
7 3 3 557880 67162
7 3 4 552770 67111
8 3 1 777095 69941
8 3 2 856066 69441
8 3 3 808465 67671
8 3 4 810605 69141
9 3 1 1163762 71531
9 3 2 1116170 70542
9 3 3 1121711 68961
9 3 4 1130961 71191
10 3 1 1480737 72611
10 3 2 1580279 83471
10 3 3 1581749 69681
10 3 4 1576850 67841
11 3 1 2073039 75121
11 3 2 2065499 72201
11 3 3 2110879 73381
11 3 4 2133860 72131
12 3 1 2605498 72071
12 3 2 2738730 70742
12 3 3 2666750 70492
12 3 4 2684680 71771
13 3 1 3321841 74962
13 3 2 3749070 74151
13 3 3 3696179 71221
13 3 4 3697439 73732
14 3 1 4605466 73311
14 3 2 4231409 73951
14 3 3 4118547 61941
14 3 4 3960624 58891
15 3 1 4721477 63391
15 3 2 5101635 59931
15 3 3 5070194 61441
15 3 4 5361869 97082
16 3 1 6477451 97182
16 3 2 7228055 101242
16 3 3 7361417 91521
16 3 4 7004021 90452
17 3 1 8159742 106052
17 3 2 8255523 110652
17 3 3 8253024 105442
17 3 4 8175312 102592
18 3 1 10042487 113682
18 3 2 9254722 106472
18 3 3 9390964 110502
18 3 4 9177441 106382
19 3 1 10699239 120292
19 3 2 11489743 123432
19 3 3 11342760 117072
19 3 4 11277980 110752
20 3 1 13486091 121192
20 3 2 13986759 121022
20 3 3 13423569 119822
20 3 4 13999191 118803
21 3 1 15139761 132263
21 3 2 26672496 221194
21 3 3 19583084 177663
21 3 4 17569606 161483
22 3 1 20721615 123603
22 3 2 16662319 130293
22 3 3 16688760 142993
22 3 4 16591487 131832
23 3 1 18868620 142123
23 3 2 19317200 137912
23 3 3 19223226 136893
23 3 4 18988933 141423
24 3 1 21488628 145653
24 3 2 22346276 147663
24 3 3 22582069 134172
24 3 4 22269635 148602
25 3 1 24759799 158303
25 3 2 26333300 154133
25 3 3 27295827 164903
25 3 4 26446990 156723
26 3 1 29482978 143242
26 3 2 29931626 144942
26 3 3 30872413 164323
26 3 4 31900283 143203
27 3 1 34803446 168633
27 3 2 30118949 163483
27 3 3 30252352 170763
27 3 4 31384513 163013
28 3 1 32573765 177823
28 3 2 34963989 171903
28 3 3 33784298 178433
28 3 4 33471192 175334
29 3 1 36689832 193814
29 3 2 37500137 183544
29 3 3 37828233 182954
29 3 4 37487157 188293
30 3 1 39130226 215134
30 3 2 42021890 189093
30 3 3 42618631 189183
30 3 4 43327044 203224
31 3 1 46742909 204584
31 3 2 47988301 198473
31 3 3 49997919 205773
31 3 4 47999691 196734
32 3 1 52060387 234464
32 3 2 55663744 224264
32 3 3 56273546 217314
32 3 4 53769229 219804
33 3 1 58427744 204853
33 3 2 59976944 393698
33 3 3 60022425 192194
33 3 4 71245043 25929322
34 3 1 69428170 225164
34 3 2 61982642 221124
34 3 3 62796937 240065
34 3 4 62938709 236114
35 3 1 68447212 275675
35 3 2 70279225 277485
35 3 3 66279931 275725
35 3 4 71199832 258345
36 3 1 74112466 494809
36 3 2 74097747 283525
36 3 3 75815338 295755
36 3 4 74189018 320986
37 3 1 82077544 361817
37 3 2 81687088 298405
37 3 3 83762465 299906
37 3 4 81081436 294125
38 3 1 89727836 342036
38 3 2 89116095 303256
38 3 3 93659420 295105
38 3 4 89142406 298986
39 3 1 99052900 358936
39 3 2 98678273 319996
39 3 3 93461935 316766
39 3 4 99167322 523490
40 3 1 105087412 392097
40 3 2 97017922 375357
40 3 3 99889976 174813
40 3 4 109094446 332926
41 3 1 115771391 298416
41 3 2 116838890 288205
41 3 3 118871108 297655
41 3 4 136792001 299316
42 3 1 128530569 25869440
42 3 2 128731332 25912062
42 3 3 127848995 25857281
42 3 4 132384339 25927192
43 3 1 138426871 25921352
43 3 2 123842150 25884611
43 3 3 120487778 25966422
43 3 4 122450736 32382202
44 3 1 125379419 26069354
44 3 2 126900027 25930882
44 3 3 127512308 25981953
44 3 4 127145102 32262259
45 3 1 133081282 25908681
45 3 2 140095412 19693236
45 3 3 134618871 32292260
45 3 4 132890189 25977183
46 3 1 142599079 25880921
46 3 2 141324285 25902172
46 3 3 141058670 207524
46 3 4 136579836 191013
47 3 1 140814815 221964
47 3 2 143570217 220864
47 3 3 140168844 204223
47 3 4 140222295 201574
48 3 1 149793202 218334
48 3 2 147814545 217064
48 3 3 149931645 247105
48 3 4 146760516 236725
49 3 1 156770482 217584
49 3 2 154937778 221974
49 3 3 154801565 219864
49 3 4 156636620 217474
50 3 1 162728233 229244
50 3 2 169933057 254955
50 3 3 161895467 232504
50 3 4 169673212 222364
51 3 1 169827295 244174
51 3 2 169901456 260664
51 3 3 169832035 247634
51 3 4 170590639 243345
52 3 1 179900642 228135
52 3 2 177763212 222094
52 3 3 177514697 232165
52 3 4 178751621 250014
53 3 1 188793767 230394
53 3 2 187549484 214734
53 3 3 189864167 223914
53 3 4 187500573 224254
54 3 1 204766323 299515
54 3 2 209826607 305666
54 3 3 213718070 579961
54 3 4 212422936 345726
55 3 1 230670555 11416632
55 3 2 239398327 459898
55 3 3 225069840 478319
55 3 4 224331577 602241
56 3 1 241373343 15315874
56 3 2 249287621 392697
56 3 3 236363440 371657
56 3 4 234992245 476879
57 3 1 248512256 641662
57 3 2 251879748 624842
57 3 3 256573146 32461042
57 3 4 274120092 392357
58 3 1 248622509 358766
58 3 2 271843939 554390
58 3 3 261167501 505060
58 3 4 271016294 9235092
59 3 1 292163377 387587
59 3 2 275385724 548050
59 3 3 279243597 558060
59 3 4 275017668 507629
60 3 1 291760090 11012294
60 3 2 306114226 437248
60 3 3 285265189 563111
60 3 4 297107789 10035656
61 3 1 321564203 461118
61 3 2 310586709 484149
61 3 3 310750572 484639
61 3 4 309982239 490729
62 3 1 325247961 607931
62 3 2 328469592 576491
62 3 3 335897420 560110
62 3 4 347109267 456688
63 3 1 364577312 1003448
63 3 2 341025085 556461
63 3 3 366471418 21093902
63 3 4 369701777 26359149
64 3 1 411407912 32846900
64 3 2 393368968 32668357
64 3 3 402560208 32601005
64 3 4 413825277 26300508
65 3 1 440420441 26841518
65 3 2 365595341 26255228
65 3 3 348408352 26416951
65 3 4 363786137 26282858
66 3 1 361196869 26801898
66 3 2 355520214 26509222
66 3 3 354417364 26533122
66 3 4 351994818 26631165
67 3 1 370921840 26328098
67 3 2 376995773 26271228
67 3 3 378305577 21424908
67 3 4 382995794 25979753
68 3 1 404750088 21889907
68 3 2 432055735 43454767
68 3 3 398060675 25983082
68 3 4 393622902 26364839
69 3 1 417869632 19677106
69 3 2 450774304 32436582
69 3 3 405023274 717904
69 3 4 397643357 983079
70 3 1 408126562 309055
70 3 2 440183266 748294
70 3 3 405238177 637592
70 3 4 404822450 26363169
71 3 1 430386845 374007
71 3 2 456500169 592071
71 3 3 410023166 733104
71 3 4 414848696 1209042
72 3 1 428747765 386727
72 3 2 477688223 5054254
72 3 3 437367505 12003983
72 3 4 448066813 4174888
73 3 1 449611722 337136
73 3 2 521291393 28345827
73 3 3 458731341 26090905
73 3 4 461505943 26079274
74 3 1 475946471 309506
74 3 2 536779282 4973683
74 3 3 465616188 4226629
74 3 4 460990803 4491493
75 3 1 480723530 325556
75 3 2 556060689 28146783
75 3 3 498046232 3751940
75 3 4 478939446 3161559
76 3 1 497461431 13018651
76 3 2 570013619 22855544
76 3 3 515525606 26247289
76 3 4 527040120 28138163
77 3 1 535945075 32538485
77 3 2 633257533 27431989
77 3 3 536645209 27033562
77 3 4 533455679 36708702
78 3 1 549203332 26325139
78 3 2 638786946 26723616
78 3 3 562199223 26504112
78 3 4 553589923 26575054
79 3 1 572662437 26621655
79 3 2 662969275 26779647
79 3 3 570449726 26936659
79 3 4 570081880 27293097
80 3 1 591737722 26350870
80 3 2 673783105 20343539
80 3 3 597031140 2827963
80 3 4 609682255 2715191
81 3 1 611875296 5082424
81 3 2 679148505 3048487
81 3 3 599629208 3596567
81 3 4 610754804 32483164
82 3 1 629592855 32907101
82 3 2 707519933 26882280
82 3 3 650289630 20347947
82 3 4 628381113 27018752
83 3 1 654863185 33134715
83 3 2 730587471 30514947
83 3 3 650871810 26484242
83 3 4 655055128 26797277
84 3 1 680235725 33454331
84 3 2 757075634 26509362
84 3 3 675627791 32904391
84 3 4 690252622 26978861
85 3 1 714455131 20387760
85 3 2 812559433 26698907
85 3 3 808315145 19961131
85 3 4 823052869 27169404
86 3 1 836442217 32770138
86 3 2 868243358 26472613
86 3 3 838792611 32827299
86 3 4 850201883 26199557
87 3 1 847931521 26468181
87 3 2 864263365 32981383
87 3 3 837918225 26490772
87 3 4 864334506 32752668
88 3 1 865604110 26783227
88 3 2 870651583 32963013
88 3 3 886952485 26629464
88 3 4 870858506 20091034
89 3 1 913122541 41013952
89 3 2 889363581 26277999
89 3 3 875493473 27508652
89 3 4 904737675 26387041
90 3 1 934524449 26272318
90 3 2 921650431 26466762
90 3 3 925363000 26350479
90 3 4 919137374 28833056
91 3 1 948868966 20058362
91 3 2 973733907 44245242
91 3 3 933190985 32727777
91 3 4 964497576 26366221
92 3 1 985038328 26626165
92 3 2 977577140 20050883
92 3 3 978522706 26214667
92 3 4 989135094 26250478
93 3 1 1000662478 30911845
93 3 2 1005390496 32978933
93 3 3 1007027967 26266427
93 3 4 998638231 33109895
94 3 1 1024248986 467988
94 3 2 1022770978 474919
94 3 3 1026315914 477699
94 3 4 1023916020 461228
95 3 1 1050198739 789785
95 3 2 1050182188 476009
95 3 3 1062745071 30222862
95 3 4 1060087432 26240348
96 3 1 1082882835 20030102
96 3 2 1100458992 26495363
96 3 3 1090070529 26306319
96 3 4 1150906579 26859169
97 3 1 1123931108 26680125
97 3 2 1117470948 33064564
97 3 3 1126417945 20272786
97 3 4 1109925219 26173696
98 3 1 1132514418 32734738
98 3 2 1068366406 27978470
98 3 3 1070116549 29143161
98 3 4 1115202157 27693634
99 3 1 1095028492 27831346
99 3 2 1094096655 27257756
99 3 3 1088183974 28232755
99 3 4 1077139259 20501800
100 3 1 1136268338 27769956
100 3 2 1110524519 22082170
100 3 3 1114898050 20725256
100 3 4 1112577057 28099713
101 3 1 1141929552 20324188
101 3 2 1141168677 20826227
101 3 3 1167064999 30673070
101 3 4 1137972828 27798327
102 3 1 1198034975 29452887
102 3 2 1170067415 29631640
102 3 3 1182622889 24220641
102 3 4 1174431696 28657412
103 3 1 1216213832 30407176
103 3 2 1238164100 37101420
103 3 3 1208358116 29233662
103 3 4 1204968484 29111510
104 3 1 1266627998 28873557
104 3 2 1259595248 30857633
104 3 3 1246402403 30711190
104 3 4 1262636175 29570389
105 3 1 1277034773 28700423
105 3 2 1276366520 29345725
105 3 3 1268103826 28495920
105 3 4 1282620535 35548760
106 3 1 1330196620 28530310
106 3 2 1370240584 21437739
106 3 3 1308288323 34934799
106 3 4 1304375771 33134045
107 3 1 1399944465 26774008
107 3 2 1400003547 33277099
107 3 3 1398865245 20439870
107 3 4 1398844215 27206046
108 3 1 1445770236 26750447
108 3 2 1429121547 26664696
108 3 3 1448306994 27805876
108 3 4 1438100224 29662551
109 3 1 1491491916 26879339
109 3 2 1475202544 29477167
109 3 3 1483894185 27104134
109 3 4 1459474122 27102223
110 3 1 1488456400 32816420
110 3 2 1507641866 26296428
110 3 3 1526757522 27972659
110 3 4 1506387483 26812378
111 3 1 1579816418 33180567
111 3 2 1550867529 27337528
111 3 3 1572814047 26424532
111 3 4 1546347544 27819647
112 3 1 1610384515 26925790
112 3 2 1590744140 27400900
112 3 3 1605764622 20480366
112 3 4 1586805984 26645895
113 3 1 1661853620 27122493
113 3 2 1630342308 27160395
113 3 3 1653488572 28530591
113 3 4 1629556895 33512138
114 3 1 1692453776 26877829
114 3 2 1681351308 27005751
114 3 3 1655580508 27213246
114 3 4 1681660926 33668359
115 3 1 1729739000 27792976
115 3 2 1714474442 33712790
115 3 3 1743575649 20939114
115 3 4 1710861375 27259086
116 3 1 1785078062 33498666
116 3 2 1746997224 33390944
116 3 3 1766037187 27154653
116 3 4 1760762051 33235900
117 3 1 1826625796 27096272
117 3 2 1798712394 27294467
117 3 3 1824412066 26304527
117 3 4 1802655172 27443618
118 3 1 1869445415 26657244
118 3 2 1853449072 27533691
118 3 3 1873459674 33855512
118 3 4 1839792552 27324457
119 3 1 1910009959 33954033
119 3 2 1885230517 20292751
119 3 3 1917026315 27742454
119 3 4 1881463176 28288824
120 3 1 1960710087 27034100
120 3 2 1921172023 27623061
120 3 3 1954342077 35566494
120 3 4 1936160991 21727897
121 3 1 2006374748 29433806
121 3 2 1978002997 26696304
121 3 3 1998352034 21051635
121 3 4 1968010256 26401978
122 3 1 2047925338 26796435
122 3 2 2023972383 34534214
122 3 3 2047309457 27380156
122 3 4 2023771020 33953863
123 3 1 2096239198 21156547
123 3 2 2066124384 28160551
123 3 3 2101552179 12634123
123 3 4 2058342706 1087861
124 3 1 2117109779 1614891
124 3 2 2089444153 1859425
124 3 3 2125809587 27631361
124 3 4 2113877783 27390976
125 3 1 2196391751 34158956
125 3 2 2172738532 27724841
125 3 3 2201070251 27513268
125 3 4 2169155074 27996407
126 3 1 2251709952 26700363
126 3 2 2216649274 27809213
126 3 3 2247914079 35659214
126 3 4 2179022161 27963846
127 3 1 2288663400 1346875
127 3 2 2247033647 28993166
127 3 3 2307050612 33920530
127 3 4 2273340560 27796093
128 3 1 2342741975 27726291
128 3 2 2320182236 27803113
128 3 3 2351824758 27675410
128 3 4 2312489749 21229987
129 3 1 2400701353 35145693
129 3 2 2365024844 27387224
129 3 3 2391256270 27515217
129 3 4 2363083145 21063703
130 3 1 2458693161 27819852
130 3 2 2437072951 30581166
130 3 3 2420967617 27387034
130 3 4 2419192436 27347723
131 3 1 2506642176 28087457
131 3 2 2453005213 20660325
131 3 3 2474360485 29954083
131 3 4 2483923843 28055886
132 3 1 2560889199 34764165
132 3 2 2528554544 27976075
132 3 3 2557875380 34546920
132 3 4 2535270170 27695680
133 3 1 2616363194 27733210
133 3 2 2577601597 26861873
133 3 3 2617174548 21292657
133 3 4 2590316299 21848347
134 3 1 2679398635 28061506
134 3 2 2630614257 21285346
134 3 3 2634742589 26626648
134 3 4 2639841239 30977501
135 3 1 2770503289 27230910
135 3 2 2739350147 34049311
135 3 3 2754973759 27576796
135 3 4 2720239489 27772579
136 3 1 2835994823 33818996
136 3 2 2790590309 29034064
136 3 3 2819822800 27848471
136 3 4 2790967723 27817800
137 3 1 2883896550 27989154
137 3 2 2838686031 28028635
137 3 3 2869974060 21195564
137 3 4 2843013459 27939863
138 3 1 2942116532 28044165
138 3 2 2914292455 33015000
138 3 3 2914727256 28921251
138 3 4 2851335830 21642703
139 3 1 3003563355 28375591
139 3 2 2967863298 28792700
139 3 3 3008916153 26955393
139 3 4 2956590269 27482233
140 3 1 3073002700 28586205
140 3 2 3042044102 28131496
140 3 3 3070797223 28594405
140 3 4 3027316617 28265258
141 3 1 3127772602 29315129
141 3 2 3099193312 28516303
141 3 3 3135901334 27243858
141 3 4 3099797709 34606779
142 3 1 3223698149 28389350
142 3 2 3142644900 34437585
142 3 3 3197543128 27830129
142 3 4 3172366791 21444458
143 3 1 3303191752 28593674
143 3 2 3254492288 30059683
143 3 3 3281600565 28368780
143 3 4 3250712000 27820449
144 3 1 3351363577 2107510
144 3 2 3308489984 29117233
144 3 3 3316004419 28444561
144 3 4 3302854281 28663315
145 3 1 3421154992 28303868
145 3 2 3368076455 22128470
145 3 3 3430847160 35014535
145 3 4 3339161730 28768647
146 3 1 3490218261 27664105
146 3 2 3432568149 21784554
146 3 3 3470715096 28086103
146 3 4 3432824928 1932777
147 3 1 3549020076 23530566
147 3 2 3502638987 28546072
147 3 3 3555027495 27414080
147 3 4 3501544441 16446972
148 3 1 3627221688 2088460
148 3 2 3567948485 30677462
148 3 3 3576963028 22681450
148 3 4 3586399829 28212805
149 3 1 3684709847 29026591
149 3 2 3651685372 32677620
149 3 3 3680405309 28625684
149 3 4 3633580652 29002440
150 3 1 3763179101 30413417
150 3 2 3707139961 27391439
150 3 3 3763752565 27560932
150 3 4 3715767767 28870677
151 3 1 3837799072 39556900
151 3 2 3781611118 34876240
151 3 3 3799972779 28695054
151 3 4 3720127778 28214205
152 3 1 3892705568 22458215
152 3 2 3848894900 28538100
152 3 3 3908315517 35531133
152 3 4 3818872315 30533148
153 3 1 3918377251 28112512
153 3 2 3913284976 27184005
153 3 3 3961840648 28284965
153 3 4 3903255900 28819716
154 3 1 4056616624 28411247
154 3 2 3980431954 27584421
154 3 3 4045656351 27395548
154 3 4 3998469649 22403693
155 3 1 4114599887 22103348
155 3 2 4058087382 27711825
155 3 3 4095974819 27786686
155 3 4 4059589901 27742305
156 3 1 4198422448 21493597
156 3 2 4148806391 27129853
156 3 3 4192467628 27333416
156 3 4 4146760026 28116162
157 3 1 4261135129 2576298
157 3 2 4185230786 2541728
157 3 3 4266797639 27929688
157 3 4 4204406062 22617557
158 3 1 4362877168 28239654
158 3 2 4276083609 22441174
158 3 3 4336324048 22140318
158 3 4 4286216384 28092941
159 3 1 4433519118 29262552
159 3 2 4390184560 34571392
159 3 3 4439590924 21310973
159 3 4 4372389447 27839396
160 3 1 4514154365 27859206
160 3 2 4459378372 28427937
160 3 3 4524206237 27759413
160 3 4 4445409521 28310965
161 3 1 4610298424 29175370
161 3 2 4510914841 34430409
161 3 3 4447221721 31174459
161 3 4 4388012925 30901863
162 3 1 4535127292 31105137
162 3 2 4450947287 29620238
162 3 3 4506376335 28549079
162 3 4 4453189973 32628046
163 3 1 4602452269 31115867
163 3 2 4555671130 30887243
163 3 3 4604770827 28717560
163 3 4 4528735456 29674689
164 3 1 4689027380 29019837
164 3 2 4612705972 35186114
164 3 3 4677284821 22049025
164 3 4 4630805789 31470923
165 3 1 4770935171 30967814
165 3 2 4719225818 30181759
165 3 3 4770566038 30583806
165 3 4 4706286129 30131038
166 3 1 4854879868 30209319
166 3 2 4780610933 23747537
166 3 3 4858526210 23465342
166 3 4 4803044759 29602538
167 3 1 4949675363 32165756
167 3 2 4865601741 32161655
167 3 3 4933478661 36183812
167 3 4 4857014473 29113567
168 3 1 5030851008 30347440
168 3 2 5000581560 31717678
168 3 3 5021931193 31664105
168 3 4 4953406837 31296968
169 3 1 5172582803 31977222
169 3 2 5093639999 28982115
169 3 3 5169557779 31006573
169 3 4 5094386308 29313632
170 3 1 5263009901 6091165
170 3 2 5159214961 5805999
170 3 3 5237727450 7030722
170 3 4 5161566899 6167646
171 3 1 5344144084 32001182
171 3 2 5266537957 5511034
171 3 3 5325700872 6548953
171 3 4 5260014610 6663506
172 3 1 5437283415 30798289
172 3 2 5365078879 6395130
172 3 3 5413393320 5990253
172 3 4 5341941479 7116524
173 3 1 5526950348 6588124
173 3 2 5446730783 32156964
173 3 3 5522291335 31319419
173 3 4 5443540207 30598505
174 3 1 5625909226 6135035
174 3 2 5534809308 6691996
174 3 3 5596174282 6709476
174 3 4 5528849561 7776306
175 3 1 5714373127 6457482
175 3 2 5631418702 31786067
175 3 3 5709022722 29208279
175 3 4 5631709093 6571883
176 3 1 5801860710 6512792
176 3 2 5711185589 6714237
176 3 3 5799261635 33233094
176 3 4 5724861201 30921411
177 3 1 5918176043 31174035
177 3 2 5829585602 24986200
177 3 3 5908827302 12639477
177 3 4 5818438769 6653724
178 3 1 6003101686 6841069
178 3 2 5911373008 7365157
178 3 3 5981786392 7367528
178 3 4 5908179794 7222335
179 3 1 6116205680 31973779
179 3 2 6041000441 29962032
179 3 3 6110374016 31101943
179 3 4 6013538672 30221127
180 3 1 6218707153 28772529
180 3 2 6119171029 7603792
180 3 3 6191404186 7525151
180 3 4 6098101551 6658855
181 3 1 6295525045 29856750
181 3 2 6207555809 6665065
181 3 3 6284782550 31371898
181 3 4 6199369641 6496532
182 3 1 6397118392 6480962
182 3 2 6293643925 6515453
182 3 3 6386270004 24102011
182 3 4 6297119908 7065982
183 3 1 6496837813 25291264
183 3 2 6477518955 30450590
183 3 3 6516993598 30828678
183 3 4 6419108127 29557705
184 3 1 6616948107 7019672
184 3 2 6502745301 7473530
184 3 3 6597387887 7981840
184 3 4 6498407337 7014041
185 3 1 6718037755 7660743
185 3 2 6613329706 20074915
185 3 3 6703727474 6759826
185 3 4 6599186829 31379328
186 3 1 6830713590 13681296
186 3 2 6715313032 6997081
186 3 3 6805254570 6988080
186 3 4 6704280502 6974441
187 3 1 6924301137 7495450
187 3 2 6811657491 7467620
187 3 3 6914425630 7329668
187 3 4 6810149551 31536830
188 3 1 7046441300 7238305
188 3 2 6934738972 32557309
188 3 3 7046966977 30705624
188 3 4 6943573215 30841098
189 3 1 7153656362 6651254
189 3 2 7043733038 7425519
189 3 3 7136731082 7349428
189 3 4 7041555046 7299536
190 3 1 7264842810 7906888
190 3 2 7173986704 25996946
190 3 3 7271910431 31740705
190 3 4 7184447558 29662046
191 3 1 7392963794 30773796
191 3 2 7303738320 7539931
191 3 3 7374136391 8137213
191 3 4 7274358268 8566080
192 3 1 7496319046 8165023
192 3 2 7402520985 33960855
192 3 3 7504249173 28502543
192 3 4 7378091067 8283825
193 3 1 7622779831 6950661
193 3 2 7483194733 7774916
193 3 3 7599243309 30624552
193 3 4 7499367736 25331554
194 3 1 7735909874 31861646
194 3 2 7610474123 10217312
194 3 3 7702159883 7778525
194 3 4 7586510325 7704474
195 3 1 7835066689 8095191
195 3 2 7715691091 7889838
195 3 3 7823380610 7679114
195 3 4 7697239797 7841246
196 3 1 7951161080 7679884
196 3 2 7825106057 31035841
196 3 3 7942957666 7853497
196 3 4 7839926515 7604771
197 3 1 8071787606 30664043
197 3 2 7968440989 32141851
197 3 3 8075269713 31505819
197 3 4 7952047973 31130252
198 3 1 8227423357 30989260
198 3 2 8106089494 7425429
198 3 3 8197093321 7649493
198 3 4 8081632969 7727434
199 3 1 8322500456 8285535
199 3 2 8210923485 9078550
199 3 3 8311500511 8127362
199 3 4 8211048430 32648900
200 3 1 8458049291 7872688
200 3 2 8332666704 33917614
200 3 3 8457444502 32766993
200 3 4 8323770070 8440197
201 3 1 8576957938 8062251
201 3 2 8434690185 8247715
201 3 3 8559574283 7950469
201 3 4 8432029156 8622352
202 3 1 8696742639 27838420
202 3 2 8564422814 13942990
202 3 3 8680676562 32120210
202 3 4 8568741806 31457938
203 3 1 8833409988 32578958
203 3 2 8714324639 31391637
203 3 3 8811022641 31458807
203 3 4 8681529689 32139601
204 3 1 8958844016 13574503
204 3 2 8819324706 8324195
204 3 3 8923288725 33118719
204 3 4 8802248790 30504870
205 3 1 9080264400 14526131
205 3 2 8943510372 8692913
205 3 3 9052027916 8802445
205 3 4 8912445984 8787284
206 3 1 9196862253 30338557
206 3 2 9058541737 31931977
206 3 3 9198984217 30987879
206 3 4 9051917337 31684682
207 3 1 9341819949 31259475
207 3 2 9202299129 25835313
207 3 3 9322904178 31758273
207 3 4 9180625198 33611028
208 3 1 9499540632 33805281
208 3 2 9338605064 32261262
208 3 3 9484357782 32756971
208 3 4 9339927342 31559479
209 3 1 9616831160 31997798
209 3 2 9466133813 32652550
209 3 3 9627279610 8345045
209 3 4 9480572867 8938467
210 3 1 9742460145 31911045
210 3 2 9623856218 32931054
210 3 3 9754917642 35240028
210 3 4 9606150180 32295813
211 3 1 9894982562 33292922
211 3 2 9744330836 33457565
211 3 3 9868313960 32809883
211 3 4 9723523073 33285352
212 3 1 10048634511 32818753
212 3 2 9882707359 33152990
212 3 3 10017401993 29740276
212 3 4 9870955026 32955246
213 3 1 10304949096 32703051
213 3 2 10128262628 33945712
213 3 3 10283647722 27898977
213 3 4 10118763960 9168703
214 3 1 10420242864 9406787
214 3 2 10263327585 9960138
214 3 3 10395992259 9693393
214 3 4 10252042787 9674743
215 3 1 10562134461 33319379
215 3 2 10440405471 15299669
215 3 3 10550875886 27676843
215 3 4 10407859196 27221853
216 3 1 10712970303 32637456
216 3 2 10550025119 32277269
216 3 3 10697202437 33634454
216 3 4 10544327315 34124524
217 3 1 10865783669 32962071
217 3 2 10693451043 34721124
217 3 3 10836011034 34046892
217 3 4 10681473825 34638834
218 3 1 11004352112 34724774
218 3 2 10820380551 35007679
218 3 3 10998395969 35106712
218 3 4 10848583825 33310697
219 3 1 11153185747 34892407
219 3 2 10983024650 34638602
219 3 3 11124698034 35915996
219 3 4 10960729996 9665252
220 3 1 11286346393 9639010
220 3 2 11120050773 10336854
220 3 3 11257113100 14227858
220 3 4 11111028353 9325575
221 3 1 11444445704 34370076
221 3 2 11322604143 34531739
221 3 3 11420331892 35262003
221 3 4 11261361596 10080709
222 3 1 11599380991 34532510
222 3 2 11432730071 34646821
222 3 3 11572840606 33740144
222 3 4 11406950353 32798517
223 3 1 11750083633 10352495
223 3 2 11557723645 32905268
223 3 3 11724383040 32577972
223 3 4 11543611790 33536840
224 3 1 11896426851 32683874
224 3 2 11724439408 35055378
224 3 3 11887493114 28336862
224 3 4 11773901149 35054358
225 3 1 12077884203 32951039
225 3 2 11869959047 9911565
225 3 3 12036059212 33077260
225 3 4 11878448233 33746384
226 3 1 12214014156 33444887
226 3 2 12043678791 35200661
226 3 3 12192249887 33661722
226 3 4 12017445689 10010228
227 3 1 12382183779 33363765
227 3 2 12179362647 10319524
227 3 3 12314966930 10235102
227 3 4 12170092315 10690770
228 3 1 12531775038 35133708
228 3 2 12354113698 35303651
228 3 3 12507277012 33555479
228 3 4 12324461498 34295893
229 3 1 12685712331 29922361
229 3 2 12482291893 34353604
229 3 3 12677855960 35364833
229 3 4 12475378520 34912984
230 3 1 12874131976 34378354
230 3 2 12665498179 10130469
230 3 3 12835803445 10979526
230 3 4 12655364371 10794172
231 3 1 13024638553 11214270
231 3 2 12829128287 11487026
231 3 3 12996264542 11744980
231 3 4 12801859998 11280921
232 3 1 13188840261 36665157
232 3 2 12995456936 33791983
232 3 3 13171779484 33989376
232 3 4 12988673292 36335291
233 3 1 13367792269 35124258
233 3 2 13180042611 36143706
233 3 3 13339536065 21176996
233 3 4 13187821543 10953795
234 3 1 13544196013 12089196
234 3 2 13305295680 34130539
234 3 3 13493318387 35693888
234 3 4 13288526732 28992212
235 3 1 13698548766 36372001
235 3 2 13496740378 17081610
235 3 3 13666046086 10901544
235 3 4 13462767102 35070396
236 3 1 13878822198 35743089
236 3 2 13642356163 35846411
236 3 3 13835054950 35992814
236 3 4 13634299824 36570974
237 3 1 14046640700 35256579
237 3 2 13815653569 33283843
237 3 3 14005560363 35373052
237 3 4 13803516414 34342842
238 3 1 14224603395 34243030
238 3 2 13979963859 35632936
238 3 3 14173902430 34158469
238 3 4 13977262232 36065565
239 3 1 14389148210 35390142
239 3 2 14185609875 35634797
239 3 3 14373553143 33909874
239 3 4 14171686090 37124944
240 3 1 14601398380 30551292
240 3 2 14320629152 36157447
240 3 3 14533684029 36893180
240 3 4 14344314511 33074169
241 3 1 14761916516 35117947
241 3 2 14539872396 34425454
241 3 3 14736463807 35647917
241 3 4 14530429347 12349491
242 3 1 14933406868 36129396
242 3 2 14709048835 35263869
242 3 3 14894557679 36324480
242 3 4 14702315288 37604853
243 3 1 15096912092 34524256
243 3 2 14868092988 35336511
243 3 3 15054264504 36113616
243 3 4 14836370765 11487054
244 3 1 15253480849 11898243
244 3 2 15030840671 36521273
244 3 3 15205244326 11737279
244 3 4 15013279634 36354190
245 3 1 15429398169 12085446
245 3 2 15215252902 12417972
245 3 3 15409146965 11979924
245 3 4 15206322326 12327231
246 3 1 15654403419 13135076
246 3 2 15417286612 12777148
246 3 3 15591584647 13422321
246 3 4 15404496445 12202738
247 3 1 15787889239 13077795
247 3 2 15591425962 13067265
247 3 3 15799038780 38116452
247 3 4 15579132635 34882592
248 3 1 16002339984 37964010
248 3 2 15786760000 37540011
248 3 3 15977025004 12680917
248 3 4 15752719559 36151407
249 3 1 16220879837 29349258
249 3 2 15963361310 19072057
249 3 3 16166910702 35563675
249 3 4 15946627722 35764319
250 3 1 16379923437 34614917
250 3 2 16197229910 35360010
250 3 3 16428939939 35155497
250 3 4 16179780459 13708316
251 3 1 16634027147 36489602
251 3 2 16391287158 38398378
251 3 3 16553068769 13525873
251 3 4 16354653189 13223057
252 3 1 16818120880 37308861
252 3 2 16563458846 12468129
252 3 3 16774347951 37395434
252 3 4 16543971960 12697772
253 3 1 17005278029 35674013
253 3 2 16753505733 37257232
253 3 3 16945054763 36664441
253 3 4 16729833229 35452650
254 3 1 17185523275 36768495
254 3 2 16923296367 34636956
254 3 3 17141948954 35935869
254 3 4 16904743938 39011407
255 3 1 17374881929 35088105
255 3 2 17129905910 36779996
255 3 3 17362460004 12576641
255 3 4 17102131007 12982819
256 3 1 17583811988 20033078
256 3 2 17330144814 13236944
256 3 3 17559368168 40333023
256 3 4 17320326509 43239546
257 3 1 17810793945 39340885
257 3 2 17522558192 36822479
257 3 3 17815267379 35628887
257 3 4 17575783664 37435511
258 3 1 18021159985 13359267
258 3 2 17782595729 36809830
258 3 3 17993424259 39308266
258 3 4 17779162951 38094544
259 3 1 18226122850 35097379
259 3 2 17992258412 37271109
259 3 3 18211627052 36121528
259 3 4 17904158625 14421396
260 3 1 18391621201 36458545
260 3 2 18107012849 38620556
260 3 3 18377766334 13728394
260 3 4 18111416900 38307789
261 3 1 18608488764 35296603
261 3 2 18342040434 37290601
261 3 3 18594367012 37911112
261 3 4 18329264809 14389487
262 3 1 18832952904 37163120
262 3 2 18539586881 32694956
262 3 3 18789956078 13735895
262 3 4 18503273954 37060787
263 3 1 19023554305 36760962
263 3 2 18753122457 13861128
263 3 3 19000958511 14813396
263 3 4 18713846608 37139579
264 3 1 19251491231 37197551
264 3 2 18962418256 38464664
264 3 3 19224784258 37772751
264 3 4 18948115739 38289171
265 3 1 19476563570 38406723
265 3 2 19177500271 35590031
265 3 3 19445414832 35917818
265 3 4 19157019955 39706597
266 3 1 19695160546 38188599
266 3 2 19389249931 13912409
266 3 3 19655739513 14235234
266 3 4 19354843417 36029610
267 3 1 19913509627 14304006
267 3 2 19594608034 36868426
267 3 3 19886646548 14606552
267 3 4 19577601435 14677663
268 3 1 20386298276 14842966
268 3 2 20081008099 39117107
268 3 3 20355538345 37597920
268 3 4 20058390677 14404209
269 3 1 20617046407 38183200
269 3 2 20289513542 37339575
269 3 3 20577291742 14789857
269 3 4 20286643831 34635824
270 3 1 20844570696 38191021
270 3 2 20524547785 38046207
270 3 3 20791255921 38067799
270 3 4 20499895201 37279944
271 3 1 21100852687 14788356
271 3 2 20811039684 14917818
271 3 3 21061976445 14836686
271 3 4 20797099754 38257643
272 3 1 21335550087 36018430
272 3 2 21022799941 38012578
272 3 3 21242685663 14772715
272 3 4 20932553596 14755244
273 3 1 21511054053 37304055
273 3 2 21199803073 37924226
273 3 3 21482682465 38563188
273 3 4 21172325141 36954709
274 3 1 21757371009 40199488
274 3 2 21430820631 16551468
274 3 3 21715946074 15304655
274 3 4 21406211829 38503647
275 3 1 21925155585 39613157
275 3 2 21704462206 35616663
275 3 3 21940532584 39631989
275 3 4 21611794751 37666052
276 3 1 22206692213 16298083
276 3 2 21861076944 38535057
276 3 3 22126996168 15840285
276 3 4 21840686214 15419067
277 3 1 22441564356 42154545
277 3 2 22080416208 16085280
277 3 3 22399286426 16056449
277 3 4 22050307272 37734913
278 3 1 22674186082 15978698
278 3 2 22312136069 16072228
278 3 3 22614352205 16720560
278 3 4 22295653900 16400424
279 3 1 22922880513 16153339
279 3 2 22558470252 16284521
279 3 3 22863029093 16618957
279 3 4 22531505517 16218409
280 3 1 23162920066 39099474
280 3 2 22795531148 15931093
280 3 3 23111036604 16044585
280 3 4 22786406708 38792228
281 3 1 23411996432 16070895
281 3 2 23037121570 39802245
281 3 3 23312560596 38132463
281 3 4 23013486838 42307441
282 3 1 23599949584 40814474
282 3 2 23264931626 37334687
282 3 3 23574355875 40875164
282 3 4 23256566530 15642866
283 3 1 23870418221 42203758
283 3 2 23514863483 42236478
283 3 3 23832639174 39640619
283 3 4 23523717792 40692839
284 3 1 24163115414 39404424
284 3 2 23724519983 43396679
284 3 3 24073864379 36208953
284 3 4 23719615720 37930295
285 3 1 24402165708 41020833
285 3 2 23961671527 38727449
285 3 3 24336747846 39553735
285 3 4 23982927457 17055022
286 3 1 24629695939 17025781
286 3 2 24220611703 16903818
286 3 3 24585242160 38672718
286 3 4 24238877100 44647330
287 3 1 24901607579 40215346
287 3 2 24515225397 16929147
287 3 3 24861916647 17364817
287 3 4 24481728884 39353459
288 3 1 25155228424 42566240
288 3 2 24766221955 42142341
288 3 3 25110534021 17188112
288 3 4 24735481256 16991839
289 3 1 25405629968 17124332
289 3 2 25009697888 42337205
289 3 3 25351597887 16856716
289 3 4 24975003421 38246758
290 3 1 25707595929 30075874
290 3 2 25289598122 17656871
290 3 3 25615364518 17610890
290 3 4 25249774931 43435614
291 3 1 25938734684 41065020
291 3 2 25543289214 42289482
291 3 3 25886948491 43813052
291 3 4 25502616666 40677493
292 3 1 26199423010 41220664
292 3 2 25801254019 17538969
292 3 3 26145847090 18187953
292 3 4 25765585363 17287154
293 3 1 26446724126 39858607
293 3 2 26058584064 37012644
293 3 3 26394840753 43804671
293 3 4 26024710833 37753007
294 3 1 26737574174 18129870
294 3 2 26336550058 18103659
294 3 3 26679711671 17615140
294 3 4 26303814350 18324383
295 3 1 27002551248 32609992
295 3 2 26583215127 18855303
295 3 3 26957524417 18980826
295 3 4 26567090950 39424919
296 3 1 27284188834 17829834
296 3 2 26874524188 41373955
296 3 3 27254247052 17878085
296 3 4 26842445131 17647751
297 3 1 27543105678 41072419
297 3 2 27149583729 38990570
297 3 3 27498846917 18230451
297 3 4 27093178033 43261991
298 3 1 27745577448 25352745
298 3 2 27396542887 39087301
298 3 3 27755868795 38391779
298 3 4 27357232630 40274061
299 3 1 28097523141 41032424
299 3 2 27660125072 39433685
299 3 3 28052378678 47655639
299 3 4 27637867931 31904502
300 3 1 28366735082 42725476
300 3 2 27943319729 19518808
300 3 3 28308367531 42815596
300 3 4 27918819210 18442197
301 3 1 28656441571 43852966
301 3 2 28214229327 47324021
301 3 3 28607979082 40929011
301 3 4 28207763897 44711101
302 3 1 28935056649 20190821
302 3 2 28511784065 19309584
302 3 3 28822113621 41792135
302 3 4 28458783102 40639084
303 3 1 29256687333 42891916
303 3 2 28866831136 19299933
303 3 3 29207789462 19346653
303 3 4 28835274435 43980947
304 3 1 29530506335 44536577
304 3 2 29021887530 41441028
304 3 3 29424706593 42190113
304 3 4 28980655262 19401995
305 3 1 29751402921 44327412
305 3 2 29272579896 43617898
305 3 3 29689949501 41447618
305 3 4 29290564717 19601468
306 3 1 30063447292 42081790
306 3 2 29611143780 19703700
306 3 3 30004014025 19639558
306 3 4 29586590135 42758033
307 3 1 30363513390 41589060
307 3 2 29883315118 20300670
307 3 3 30306230834 20036246
307 3 4 29867171849 19896273
308 3 1 30649470231 20018295
308 3 2 30193385041 20226659
308 3 3 30597186455 21235808
308 3 4 30154602843 20417643
309 3 1 30960827967 20464644
309 3 2 30473880507 20480364
309 3 3 30884035554 20232930
309 3 4 30453300872 20733298
310 3 1 31245525587 20707638
310 3 2 30760121472 20199488
310 3 3 31171302212 45292470
310 3 4 30736069052 32574061
311 3 1 31510124948 24035731
311 3 2 31061934075 20621327
311 3 3 31401963577 40245015
311 3 4 31036357626 20943842
312 3 1 31845899610 35969875
312 3 2 31366874996 50145710
312 3 3 31776070884 21102056
312 3 4 31293297260 20556796
313 3 1 32121606497 21390431
313 3 2 31620466492 46454791
313 3 3 31996518301 44760129
313 3 4 31595865812 21396632
314 3 1 32399467547 51720059
314 3 2 31907983624 22260727
314 3 3 32350370720 20738209
314 3 4 31870327702 21081326
315 3 1 32708514887 45489063
315 3 2 32202052938 21126266
315 3 3 32656391238 42231042
315 3 4 32200157555 32682063
316 3 1 33046775237 21386891
316 3 2 32536431507 21315800
316 3 3 32986291290 43072598
316 3 4 32514349469 44109888
317 3 1 33380979562 44855201
317 3 2 32859176870 21831759
317 3 3 33307650553 36625387
317 3 4 32837156608 48426868
318 3 1 33662007042 22407050
318 3 2 33115541767 37488223
318 3 3 33607586581 22107414
318 3 4 33087579165 45525074
319 3 1 33975582708 34266613
319 3 2 33420506628 45250178
319 3 3 33856354793 21864629
319 3 4 33407002219 21663087
320 3 1 34264653464 22103605
320 3 2 33752535664 47550481
320 3 3 34227051448 44108577
320 3 4 33721149628 23354888
321 3 1 34572589098 22195087
321 3 2 34035921604 23340968
321 3 3 34443027646 45821990
321 3 4 34047763745 44469684
322 3 1 34900263117 22891389
322 3 2 34369947835 22699475
322 3 3 34843556384 52921013
322 3 4 34318594575 44847311
323 3 1 35142792938 39550991
323 3 2 34711522786 23386518
323 3 3 35162763009 22435751
323 3 4 34633742315 22448141
324 3 1 35539700312 22740686
324 3 2 34991711983 49759503
324 3 3 35494673506 46704966
324 3 4 35048600549 23462300
325 3 1 35930965055 22484801
325 3 2 35345316242 22676705
325 3 3 35825729345 23025201
325 3 4 35320621811 51944854
326 3 1 36259868935 23499690
326 3 2 35677134888 49436067
326 3 3 36193620956 44941062
326 3 4 35666578733 45418041
327 3 1 36565738775 45780308
327 3 2 35970550776 44775329
327 3 3 36492024028 46291757
327 3 4 35954420009 46962930
328 3 1 36904453574 47830416
328 3 2 36325978129 25676821
328 3 3 36756150041 48675802
328 3 4 36289694795 23508320
329 3 1 37247563028 35471085
329 3 2 36688507068 45556194
329 3 3 37176676987 46237007
329 3 4 36643926179 46959900
330 3 1 37598555551 46740836
330 3 2 37008299291 48673508
330 3 3 37524199383 35382331
330 3 4 36966399827 25840911
331 3 1 37900933537 43202791
331 3 2 37360600985 46738708
331 3 3 37859937004 33012136
331 3 4 37308487602 47502638
332 3 1 38130238447 47526567
332 3 2 37650361704 36680623
332 3 3 38193081093 36125752
332 3 4 37683164886 37976825
333 3 1 38596409784 38017785
333 3 2 38012130354 25860290
333 3 3 38530487160 24141115
333 3 4 37982882400 43840124
334 3 1 38975802439 49331998
334 3 2 38360857500 48282726
334 3 3 38864186926 45997152
334 3 4 38298332799 50836503
335 3 1 39234557022 27350633
335 3 2 38671688201 24969747
335 3 3 39169935737 46065608
335 3 4 38666133888 49653757
336 3 1 39659544810 39805479
336 3 2 39009413408 27833880
336 3 3 39541203633 25881172
336 3 4 38985715269 53156751
337 3 1 39989214350 42037229
337 3 2 39484048782 27253198
337 3 3 39967979902 49986859
337 3 4 39489051453 47681665
338 3 1 40891714879 50589510
338 3 2 40323982821 25755618
338 3 3 40805289297 25976642
338 3 4 40295817058 26482822
339 3 1 41204416465 26119505
339 3 2 40637314858 26291328
339 3 3 41162897135 25409311
339 3 4 40627068592 26720726
340 3 1 41580417771 27708954
340 3 2 41016851203 53676895
340 3 3 41514806395 30005948
340 3 4 40976184229 26490721
341 3 1 41917948535 53529422
341 3 2 41379649158 48638780
341 3 3 41809773814 50139578
341 3 4 41223190188 47991678
342 3 1 42260205909 48057068
342 3 2 41621890271 27158023
342 3 3 42082201106 26694185
342 3 4 41529343689 28110081
343 3 1 42544865964 27172973
343 3 2 41906425129 54795636
343 3 3 42444752414 49792182
343 3 4 41917711819 48742532
344 3 1 42981230432 48527567
344 3 2 42339263972 50035775
344 3 3 42903601098 43794978
344 3 4 42282388505 52054534
345 3 1 43362258375 27657353
345 3 2 42700428626 27929948
345 3 3 43253210435 29119101
345 3 4 42626600302 27484520
346 3 1 43722293503 53960770
346 3 2 43070098866 50407412
346 3 3 43608612197 32285630
346 3 4 43001165324 27931717
347 3 1 44071300533 33218767
347 3 2 43374529940 50641486
347 3 3 43993219446 28479938
347 3 4 43373805529 53138293
348 3 1 44468124699 49369322
348 3 2 43765005677 49269239
348 3 3 44361578953 48339643
348 3 4 43728313604 51474943
349 3 1 44862216038 29795682
349 3 2 44226547327 29009228
349 3 3 44757778503 28903705
349 3 4 44172040457 28755382
350 3 1 45219063435 28751403
350 3 2 44600846080 40317611
350 3 3 45176191963 45316356
350 3 4 44570124678 42098894
351 3 1 45638533392 50730887
351 3 2 44999627620 47614678
351 3 3 45479464542 50015064
351 3 4 44820640455 50846040
352 3 1 45937855882 29986257
352 3 2 45264302558 53283387
352 3 3 45920965591 53171294
352 3 4 45250570220 54322805
353 3 1 46387943948 33331660
353 3 2 45669060231 54252205
353 3 3 46204232251 55101980
353 3 4 45541718140 32030755
354 3 1 46725768431 50467184
354 3 2 46023895706 51407481
354 3 3 46659001314 32091186
354 3 4 46016910863 48333727
355 3 1 47136304535 50763394
355 3 2 46548804457 48645088
355 3 3 47063955462 54094480
355 3 4 46439685479 53375609
356 3 1 47546323801 50704593
356 3 2 46785454883 53473845
356 3 3 47377402785 53533687
356 3 4 46748024494 42125628
357 3 1 47915643356 51545294
357 3 2 47092965805 48423098
357 3 3 47711283619 49506499
357 3 4 47086728587 52969894
358 3 1 48268110792 35401218
358 3 2 47489347528 56018712
358 3 3 48156800097 31231622
358 3 4 47444998065 53000028
359 3 1 48685854769 42341750
359 3 2 47936073169 54034469
359 3 3 48519289382 51989051
359 3 4 47854334341 50512064
360 3 1 49067697417 50352882
360 3 2 48264945267 52956110
360 3 3 49067387878 30030352
360 3 4 48448254999 54131924
361 3 1 49536283717 45243708
361 3 2 48921549108 47584462
361 3 3 49421848051 43029636
361 3 4 48699536755 48252414
362 3 1 49974619253 30879298
362 3 2 49285136338 30269887
362 3 3 49855082503 55310808
362 3 4 49210996766 41667042
363 3 1 50354321264 54066005
363 3 2 49681940997 53680377
363 3 3 50327442860 53509764
363 3 4 49627921154 52714339
364 3 1 50782727281 55837728
364 3 2 50066229794 31194526
364 3 3 50672712090 31760466
364 3 4 50022643451 55606514
365 3 1 51041137970 49104632
365 3 2 50250125666 53461613
365 3 3 50965260287 56513700
365 3 4 50244278748 51080141
366 3 1 51508491283 32327582
366 3 2 50675425547 51675563
366 3 3 51412494941 47398084
366 3 4 50717381461 51238836
367 3 1 51961935660 54828123
367 3 2 51051410952 55404295
367 3 3 51848138311 54689673
367 3 4 51042535953 55231563
368 3 1 52355568450 52220177
368 3 2 51557123196 57754630
368 3 3 52276045816 54848397
368 3 4 51449654896 32790803
369 3 1 52785914116 45519593
369 3 2 51973564236 52341140
369 3 3 52685738453 56464248
369 3 4 51934952545 34677780
370 3 1 53203164351 54525562
370 3 2 52385100264 56305895
370 3 3 53017671691 56843185
370 3 4 52349773467 51451255
371 3 1 53621265350 55090453
371 3 2 52935102159 55181835
371 3 3 53596157499 57199543
371 3 4 52759484913 55784066
372 3 1 54112107579 55133694
372 3 2 53242545301 55592713
372 3 3 53983227717 57303995
372 3 4 53333081937 54052334
373 3 1 54559876135 55970300
373 3 2 53564716109 34264933
373 3 3 54311538483 55608813
373 3 4 53532119716 53298540
374 3 1 54702237368 42854324
374 3 2 53996654328 60123818
374 3 3 54739922823 57780034
374 3 4 54016854959 54356380
375 3 1 55352554014 58804588
375 3 2 54459524037 47652590
375 3 3 55248856538 58194158
375 3 4 54406700843 47708813
376 3 1 55784161323 56399485
376 3 2 54920330683 51755748
376 3 3 55652402439 56793204
376 3 4 54893042570 51079487
377 3 1 56207925138 57968766
377 3 2 55315034611 59037065
377 3 3 56090799340 37106466
377 3 4 55277646434 62070973
378 3 1 56593386393 64383606
378 3 2 55750101841 35385283
378 3 3 56429434773 36948262
378 3 4 55682027830 57596300
379 3 1 57105963032 55999070
379 3 2 56180948760 56931187
379 3 3 56965178705 37448633
379 3 4 56147425206 59215351
380 3 1 57534494422 56012000
380 3 2 56642927906 55753856
380 3 3 57421098285 57590250
380 3 4 56590424029 61224339
381 3 1 57973398412 56583361
381 3 2 57017706063 61420582
381 3 3 57834325198 37540764
381 3 4 57030844985 37537744
382 3 1 58406229706 48814735
382 3 2 57509664332 55260536
382 3 3 58288350008 37506973
382 3 4 57456956590 55319197
383 3 1 58837352248 51829012
383 3 2 58005625411 49266034
383 3 3 58814617788 59598288
383 3 4 57927634151 36976313
384 3 1 59341787518 38581395
384 3 2 58446753514 61307318
384 3 3 59133143361 37124570
384 3 4 58247685721 36408197
385 3 1 59698296827 59895005
385 3 2 58753721447 59342285
385 3 3 59615170907 57464451
385 3 4 58715933010 59538460
386 3 1 60190559774 61878654
386 3 2 59327016399 62024217
386 3 3 60133762602 40865853
386 3 4 59275389897 60004981
387 3 1 60699403080 37876308
387 3 2 59765338463 51959581
387 3 3 60622100591 60626883
387 3 4 59773880447 60299718
388 3 1 61240162287 60592582
388 3 2 60262060770 62455549
388 3 3 61074976958 49928834
388 3 4 60202608868 41785622
389 3 1 61648772660 62870346
389 3 2 60730066267 58634337
389 3 3 61594875048 58631947
389 3 4 60712860654 57172350
390 3 1 62148071569 51660836
390 3 2 61181650011 65508515
390 3 3 62090553421 63755694
390 3 4 61016670942 51618056
391 3 1 62538150756 50001626
391 3 2 61534787136 62994759
391 3 3 62453382542 56553878
391 3 4 61580095945 38329077
392 3 1 63022661854 64471537
392 3 2 62093294506 60621035
392 3 3 63006250778 59694475
392 3 4 61992287503 62443187
393 3 1 63518470737 63463388
393 3 2 62461264600 52086418
393 3 3 63215243213 63062053
393 3 4 62395389962 60890083
394 3 1 63861283478 53757330
394 3 2 63072980296 64806116
394 3 3 63915738646 39478975
394 3 4 63013524993 59213884
395 3 1 64454954904 60261014
395 3 2 63487817022 61849663
395 3 3 64363188150 67582682
395 3 4 63348830499 40275602
396 3 1 64953776508 64198418
396 3 2 63927755061 50169487
396 3 3 64808253584 65038035
396 3 4 63762764996 61595451
397 3 1 65367038532 64601967
397 3 2 64418136378 41929693
397 3 3 65340379660 42034546
397 3 4 64377808932 50485094
398 3 1 65949503942 59456900
398 3 2 64811273638 63444666
398 3 3 65741274357 56211540
398 3 4 64857801632 43946452
399 3 1 66377675490 62152932
399 3 2 65296806724 43224628
399 3 3 66241459686 63049429
399 3 4 65290028635 64186340
400 3 1 66839235288 65809021
400 3 2 65763692786 61865072
400 3 3 66722260043 68316359
400 3 4 65708557744 64415309
