1 2 1 116432 40130
1 2 2 4580 2920
1 2 3 3330 2440
1 2 4 3120 2280
2 2 1 7410 2740
2 2 2 6351 2230
2 2 3 12780 2460
2 2 4 6260 2180
3 2 1 11710 2420
3 2 2 10481 2200
3 2 3 10300 2250
3 2 4 10010 2260
4 2 1 18100 2530
4 2 2 15691 2400
4 2 3 16180 2290
4 2 4 15770 2390
5 2 1 23371 2580
5 2 2 26390 2561
5 2 3 23450 2420
5 2 4 22651 2450
6 2 1 33481 2770
6 2 2 32541 2670
6 2 3 30331 2670
6 2 4 31560 2620
7 2 1 43461 2920
7 2 2 40821 2780
7 2 3 41441 2790
7 2 4 40641 2760
8 2 1 54951 3161
8 2 2 54511 3120
8 2 3 53401 2980
8 2 4 52091 3030
9 2 1 65931 3330
9 2 2 64932 3160
9 2 3 66641 3120
9 2 4 64931 3200
10 2 1 80862 3540
10 2 2 81192 3620
10 2 3 78531 3401
10 2 4 80681 3540
11 2 1 112502 4240
11 2 2 98772 3840
11 2 3 97542 3680
11 2 4 99012 3671
12 2 1 117772 4110
12 2 2 115623 4090
12 2 3 116462 3950
12 2 4 116803 4050
13 2 1 137863 4570
13 2 2 131703 4320
13 2 3 138122 4280
13 2 4 135472 4301
14 2 1 158003 4910
14 2 2 172673 4721
14 2 3 162553 4890
14 2 4 153423 4750
15 2 1 188284 5450
15 2 2 179834 5020
15 2 3 184824 5210
15 2 4 180873 5030
16 2 1 206794 5620
16 2 2 210354 5470
16 2 3 201304 5580
16 2 4 204223 5400
17 2 1 239794 6040
17 2 2 229724 5980
17 2 3 236075 5810
17 2 4 232535 5950
18 2 1 264625 6580
18 2 2 257315 6390
18 2 3 258594 6290
18 2 4 260745 6630
19 2 1 291326 7020
19 2 2 287776 6830
19 2 3 280535 6911
19 2 4 281425 6840
20 2 1 327097 7590
20 2 2 316306 7550
20 2 3 311025 7490
20 2 4 308216 7460
21 2 1 372367 8401
21 2 2 353196 8000
21 2 3 360787 7930
21 2 4 366047 8380
22 2 1 396597 8830
22 2 2 394808 8640
22 2 3 380127 8510
22 2 4 385797 8460
23 2 1 432458 9400
23 2 2 419358 9300
23 2 3 417467 9170
23 2 4 419938 9100
24 2 1 464279 10410
24 2 2 462049 9740
24 2 3 454058 10020
24 2 4 458138 9770
25 2 1 495829 11750
25 2 2 501970 10400
25 2 3 489470 10370
25 2 4 496109 10360
26 2 1 541130 11531
26 2 2 545060 11120
26 2 3 525090 11130
26 2 4 535250 11031
27 2 1 579231 12220
27 2 2 583371 11850
27 2 3 568751 11710
27 2 4 615702 11900
28 2 1 615622 13010
28 2 2 626351 12740
28 2 3 607771 12711
28 2 4 617801 12640
29 2 1 671043 13790
29 2 2 687533 14260
29 2 3 666253 14040
29 2 4 668433 13921
30 2 1 740144 15581
30 2 2 738434 14970
30 2 3 754985 15080
30 2 4 727664 14750
31 2 1 776074 15751
31 2 2 780804 15510
31 2 3 780995 15580
31 2 4 769705 15620
32 2 1 827586 16811
32 2 2 815085 16550
32 2 3 825166 16340
32 2 4 815346 16750
33 2 1 884946 17830
33 2 2 893567 17490
33 2 3 861906 17420
33 2 4 863987 17500
34 2 1 954528 18460
34 2 2 918257 18251
34 2 3 915617 17881
34 2 4 927827 18271
35 2 1 1002129 19660
35 2 2 982218 19360
35 2 3 980629 19180
35 2 4 964449 19340
36 2 1 1066570 20600
36 2 2 1041729 20031
36 2 3 1017279 20201
36 2 4 1032699 20171
37 2 1 1117491 21491
37 2 2 1080650 21100
37 2 3 1079491 21020
37 2 4 1086931 21081
38 2 1 1170802 22631
38 2 2 1140611 22141
38 2 3 1153282 22000
38 2 4 1166522 22660
39 2 1 1217283 23311
39 2 2 1223923 22741
39 2 3 1193642 23181
39 2 4 1208203 23041
40 2 1 1292355 24440
40 2 2 1278554 24801
40 2 3 1272754 24000
40 2 4 1268584 24470
41 2 1 1416287 28120
41 2 2 1425127 25270
41 2 3 1409027 25570
41 2 4 1439347 26161
42 2 1 1497859 27320
42 2 2 1649051 26851
42 2 3 1478498 27001
42 2 4 1488439 26790
43 2 1 1573590 28591
43 2 2 1545559 27521
43 2 3 1575170 28521
43 2 4 1546389 27730
44 2 1 1627040 29661
44 2 2 1639981 29450
44 2 3 1649261 29260
44 2 4 1609280 29541
45 2 1 1699272 30850
45 2 2 1694392 30641
45 2 3 1672442 30501
45 2 4 1723183 30171
46 2 1 1785923 32121
46 2 2 1780933 31681
46 2 3 1755284 32110
46 2 4 1787384 31560
47 2 1 1844165 33381
47 2 2 1820985 32941
47 2 3 1825645 33181
47 2 4 1866675 32850
48 2 1 1957247 34501
48 2 2 1893926 34070
48 2 3 1920976 34661
48 2 4 1934176 34191
49 2 1 1982878 35861
49 2 2 2000428 35321
49 2 3 1969417 36000
49 2 4 1995948 35491
50 2 1 2073720 37471
50 2 2 2120860 36871
50 2 3 2067739 37581
50 2 4 2068170 36181
51 2 1 2134361 38490
51 2 2 2092899 37770
51 2 3 2153991 38811
51 2 4 2128591 39131
52 2 1 2239962 40251
52 2 2 2232092 39950
52 2 3 2265792 39570
52 2 4 2315994 40191
53 2 1 2319914 41731
53 2 2 2296864 41441
53 2 3 2247103 41511
53 2 4 2349045 41311
54 2 1 2396545 43241
54 2 2 2414955 42961
54 2 3 2325924 43101
54 2 4 2418996 42771
55 2 1 2481617 44701
55 2 2 2457876 44491
55 2 3 2459506 44471
55 2 4 2517498 43991
56 2 1 2602880 46171
56 2 2 2551779 46031
56 2 3 2557609 45771
56 2 4 2604379 46031
57 2 1 2617670 47771
57 2 2 2651790 47321
57 2 3 2668481 47481
57 2 4 2657630 47241
58 2 1 2911475 54571
58 2 2 2932776 48881
58 2 3 2869824 49091
58 2 4 2914965 49090
59 2 1 3005387 50991
59 2 2 2989047 50161
59 2 3 2989136 50791
59 2 4 3012628 50711
60 2 1 3125979 52541
60 2 2 3101269 56281
60 2 3 3073598 52441
60 2 4 3100019 52141
61 2 1 3137259 54841
61 2 2 3199491 53921
61 2 3 3139420 53801
61 2 4 3168299 53431
62 2 1 3275183 56111
62 2 2 3283792 55631
62 2 3 3256621 55831
62 2 4 3256832 56001
63 2 1 3342994 57571
63 2 2 3382264 56651
63 2 3 3499917 57321
63 2 4 3359143 57671
64 2 1 3471336 59431
64 2 2 3461116 59261
64 2 3 3488086 59621
64 2 4 3425715 59141
65 2 1 3574238 60991
65 2 2 3534096 61241
65 2 3 3579758 60881
65 2 4 3497916 64971
66 2 1 3690440 63081
66 2 2 3639579 62811
66 2 3 3684249 64072
66 2 4 3678990 61651
67 2 1 3796261 64851
67 2 2 3747130 64581
67 2 3 3747921 64491
67 2 4 3747441 63492
68 2 1 3902065 66671
68 2 2 3892174 66081
68 2 3 3874023 66401
68 2 4 3898204 66351
69 2 1 3982395 68642
69 2 2 3959186 68541
69 2 3 3931104 68271
69 2 4 3989886 69461
70 2 1 4099588 70601
70 2 2 4096217 69381
70 2 3 4033767 70131
70 2 4 4119158 74471
71 2 1 4150079 72371
71 2 2 4167458 71471
71 2 3 4186439 72122
71 2 4 4201509 73081
72 2 1 4300691 74431
72 2 2 4291551 73411
72 2 3 4268540 74251
72 2 4 4301692 74021
73 2 1 4482895 76372
73 2 2 4404784 77371
73 2 3 4448684 76282
73 2 4 4428934 75871
74 2 1 4439994 78652
74 2 2 4489175 78312
74 2 3 4564406 78082
74 2 4 4543586 78682
75 2 1 4673858 80402
75 2 2 4605687 79661
75 2 3 4699549 80151
75 2 4 4605458 79831
76 2 1 4796421 88432
76 2 2 4774031 82492
76 2 3 4778300 82281
76 2 4 4736830 82032
77 2 1 4873672 84752
77 2 2 4858862 84221
77 2 3 4919033 84472
77 2 4 4951473 84451
78 2 1 4998275 87452
78 2 2 5004655 86522
78 2 3 5015004 87182
78 2 4 4901143 86662
79 2 1 5103816 88701
79 2 2 5151798 88162
79 2 3 5136738 88482
79 2 4 5141067 88421
80 2 1 5193768 91192
80 2 2 5299990 91082
80 2 3 5201789 92492
80 2 4 5281259 90851
81 2 1 5394322 94892
81 2 2 5362021 93081
81 2 3 5343912 93222
81 2 4 5376551 93312
82 2 1 5856851 109322
82 2 2 5732169 95742
82 2 3 5909212 95292
82 2 4 5791549 95332
83 2 1 5956323 97482
83 2 2 5931963 99812
83 2 3 5891452 97792
83 2 4 5867680 98622
84 2 1 6101486 100142
84 2 2 6074366 100042
84 2 3 6001294 99942
84 2 4 5940112 100012
85 2 1 6243599 102782
85 2 2 6122886 102072
85 2 3 6240728 102172
85 2 4 6169157 102452
86 2 1 6382091 104422
86 2 2 6276869 105012
86 2 3 6310819 104212
86 2 4 6305909 105052
87 2 1 6509663 110902
87 2 2 6540064 106862
87 2 3 6454782 106652
87 2 4 6495303 107452
88 2 1 6603195 109072
88 2 2 6549864 109232
88 2 3 6555314 109352
88 2 4 6637846 109742
89 2 1 6741827 112222
89 2 2 6695737 111663
89 2 3 6670337 115652
89 2 4 6799069 111592
90 2 1 6797168 115922
90 2 2 6859919 117512
90 2 3 6900140 114502
90 2 4 6868691 115702
91 2 1 6995872 117142
91 2 2 6984352 116172
91 2 3 6955172 116712
91 2 4 7064954 116392
92 2 1 7273288 119422
92 2 2 7166685 118882
92 2 3 7217647 119662
92 2 4 7119325 118752
93 2 1 7281977 122382
93 2 2 7237057 122303
93 2 3 7353660 120832
93 2 4 7304318 125432
94 2 1 7430491 125052
94 2 2 7382700 124823
94 2 3 7512992 125153
94 2 4 7299589 124392
95 2 1 7741957 127253
95 2 2 7633595 127472
95 2 3 7663905 127282
95 2 4 7572423 127132
96 2 1 7725806 130382
96 2 2 7711276 129882
96 2 3 7793348 130132
96 2 4 7831388 129633
97 2 1 7867689 132753
97 2 2 7948811 131493
97 2 3 7897829 132433
97 2 4 7843499 132283
98 2 1 7984122 135113
98 2 2 8097934 134483
98 2 3 8059183 134963
98 2 4 8022381 135223
99 2 1 8134974 137933
99 2 2 8259856 137583
99 2 3 8124654 137423
99 2 4 8251447 138363
100 2 1 8374299 140603
100 2 2 8292497 141013
100 2 3 8295498 141453
100 2 4 8330827 141513
101 2 1 8476399 143662
101 2 2 8551692 142932
101 2 3 8639653 143833
101 2 4 8494211 142772
102 2 1 8735956 150333
102 2 2 8669584 145833
102 2 3 8651194 146593
102 2 4 8553022 146263
103 2 1 8831398 149573
103 2 2 8812367 148763
103 2 3 8862467 148833
103 2 4 8777266 148573
104 2 1 8997970 152152
104 2 2 8866358 151173
104 2 3 9052601 151662
104 2 4 9006340 156122
105 2 1 9193365 155083
105 2 2 9152473 154683
105 2 3 9087582 156713
105 2 4 9125433 155142
106 2 1 9391918 158513
106 2 2 9391748 157683
106 2 3 9253595 157663
106 2 4 9412188 158083
107 2 1 9436268 161883
107 2 2 9457110 160953
107 2 3 9376098 160253
107 2 4 9533770 159953
108 2 1 9686553 164173
108 2 2 9721654 163313
108 2 3 9594312 164313
108 2 4 9744645 163913
109 2 1 9736215 168053
109 2 2 9942939 167423
109 2 3 9875217 165733
109 2 4 9742755 166724
110 2 1 9973348 169724
110 2 2 9984209 169854
110 2 3 9933237 172573
110 2 4 10067571 170203
111 2 1 10304335 172493
111 2 2 10161822 172213
111 2 3 10232674 172513
111 2 4 10167303 172503
112 2 1 10330836 176664
112 2 2 10246004 179883
112 2 3 10401888 175694
112 2 4 10357945 176003
113 2 1 10578391 179384
113 2 2 10515438 178773
113 2 3 10529160 179013
113 2 4 10392327 179664
114 2 1 10771814 182113
114 2 2 10682343 181943
114 2 3 10755364 181573
114 2 4 10675032 182814
115 2 1 11628831 210314
115 2 2 11099160 190014
115 2 3 11589589 189184
115 2 4 11611620 189324
116 2 1 11637661 193014
116 2 2 11690381 193313
116 2 3 11687821 192183
116 2 4 11582960 192084
117 2 1 11663161 195763
117 2 2 11919886 191744
117 2 3 11863504 191773
117 2 4 11860145 191704
118 2 1 11953967 195184
118 2 2 12115159 195114
118 2 3 11897935 195294
118 2 4 12098099 194763
119 2 1 12069298 198473
119 2 2 12203020 198234
119 2 3 12228571 197894
119 2 4 12139181 196784
120 2 1 12554198 202364
120 2 2 12424986 202654
120 2 3 12631429 201524
120 2 4 12433275 206664
121 2 1 12641960 204404
121 2 2 12611109 204394
121 2 3 12505837 205233
121 2 4 12494016 207894
122 2 1 12785622 208014
122 2 2 12798592 208634
122 2 3 12798012 208574
122 2 4 12691971 208234
123 2 1 13062277 212024
123 2 2 12801033 211984
123 2 3 13040236 211634
123 2 4 12891124 211554
124 2 1 13188090 215214
124 2 2 13122848 214374
124 2 3 12980876 214394
124 2 4 13075878 214454
125 2 1 13467736 218984
125 2 2 13571667 223194
125 2 3 13309162 218115
125 2 4 13422734 217724
126 2 1 13472295 226594
126 2 2 13414395 222264
126 2 3 13462604 221894
126 2 4 13621018 222084
127 2 1 13725380 225495
127 2 2 13663098 224914
127 2 3 13621039 225384
127 2 4 13846151 225494
128 2 1 13813231 228734
128 2 2 14005705 227804
128 2 3 13957975 228044
128 2 4 14040696 228275
129 2 1 14088147 236644
129 2 2 14079356 233264
129 2 3 14094806 231704
129 2 4 14294540 232834
130 2 1 14436363 236675
130 2 2 14367912 235394
130 2 3 14431093 236284
130 2 4 14369831 235404
131 2 1 14548876 239524
131 2 2 14371212 239595
131 2 3 14729899 243034
131 2 4 14563496 239945
132 2 1 14862181 243004
132 2 2 14639347 242445
132 2 3 14937273 242475
132 2 4 14602557 242424
133 2 1 14889931 246554
133 2 2 15012315 247555
133 2 3 14882042 247535
133 2 4 14774949 245854
134 2 1 15119587 250385
134 2 2 14908282 250055
134 2 3 15261769 253505
134 2 4 15415991 250115
135 2 1 15338791 254215
135 2 2 15469103 252945
135 2 3 15413022 254525
135 2 4 15330211 253245
136 2 1 15469463 258925
136 2 2 15717167 261845
136 2 3 15702377 258715
136 2 4 15663617 257275
137 2 1 15710937 261285
137 2 2 15953262 261475
137 2 3 15651027 644622
137 2 4 15799159 261205
138 2 1 16043684 266325
138 2 2 15954982 265105
138 2 3 15916831 264515
138 2 4 15999123 265245
139 2 1 16086855 269076
139 2 2 16387701 269085
139 2 3 16493292 269555
139 2 4 16257468 269435
140 2 1 16527203 274096
140 2 2 16329160 276855
140 2 3 16176906 272935
140 2 4 16344580 272745
141 2 1 16757867 276385
141 2 2 16647535 277496
141 2 3 16810818 276395
141 2 4 16526112 277605
142 2 1 17033063 281225
142 2 2 16686216 280215
142 2 3 16975231 281956
142 2 4 16924650 279935
143 2 1 17171455 284925
143 2 2 17023702 701203
143 2 3 17070333 701113
143 2 4 17091104 701424
144 2 1 17479330 288395
144 2 2 17478531 288406
144 2 3 17327798 288805
144 2 4 17422380 289455
145 2 1 17625824 292906
145 2 2 17496551 292466
145 2 3 17429729 292685
145 2 4 17663245 292815
146 2 1 17842957 296746
146 2 2 17873718 300956
146 2 3 17608984 296416
146 2 4 17978250 296596
147 2 1 17850378 300766
147 2 2 18023802 307216
147 2 3 18050692 300526
147 2 4 18073222 300336
148 2 1 18037701 305906
148 2 2 18235735 303756
148 2 3 18204315 304156
148 2 4 18366468 310425
149 2 1 18745735 309206
149 2 2 18412599 313356
149 2 3 18585612 308336
149 2 4 18531721 309536
150 2 1 18630043 314396
150 2 2 18536851 313386
150 2 3 18744685 316936
150 2 4 18748965 312986
151 2 1 19053861 318546
151 2 2 18817596 317896
151 2 3 19181304 317156
151 2 4 18789516 318016
152 2 1 19307066 320996
152 2 2 19211273 321146
152 2 3 19235434 320586
152 2 4 19156603 321946
153 2 1 19366806 326276
153 2 2 19311345 325146
153 2 3 19584440 326206
153 2 4 19643793 325296
154 2 1 19704973 330537
154 2 2 19774265 329497
154 2 3 19714393 328957
154 2 4 19610912 330826
155 2 1 19743663 334966
155 2 2 19993459 334186
155 2 3 19826896 334747
155 2 4 19857655 335306
156 2 1 20018069 341916
156 2 2 20343526 338567
156 2 3 20020249 337476
156 2 4 20269904 338556
157 2 1 20447317 342456
157 2 2 20382616 342196
157 2 3 20341945 342206
157 2 4 20417397 344147
158 2 1 20555619 348467
158 2 2 20552409 345987
158 2 3 20938286 346746
158 2 4 20610970 347156
159 2 1 21149211 352846
159 2 2 20937547 350897
159 2 3 20707962 355167
159 2 4 20698081 351657
160 2 1 21282123 355727
160 2 2 21019938 355657
160 2 3 21175072 356847
160 2 4 21037368 359907
161 2 1 21516527 361817
161 2 2 21170471 364096
161 2 3 21467857 360397
161 2 4 21374105 365087
162 2 1 21770092 364407
162 2 2 21622420 364927
162 2 3 21396085 365067
162 2 4 21538187 366367
163 2 1 23316512 418408
163 2 2 22581177 372147
163 2 3 23152948 369197
163 2 4 23123828 369337
164 2 1 23186269 375957
164 2 2 23045557 374037
164 2 3 23073857 373217
164 2 4 23405453 373937
165 2 1 23585376 379167
165 2 2 23596357 378828
165 2 3 23424723 382827
165 2 4 23733250 379727
166 2 1 23549646 383158
166 2 2 23885013 382957
166 2 3 23658368 382387
166 2 4 23856452 382407
167 2 1 23773299 387637
167 2 2 23966414 387168
167 2 3 23898003 391288
167 2 4 24276000 386737
168 2 1 24624466 393587
168 2 2 24228838 391957
168 2 3 24352731 391978
168 2 4 24332890 393147
169 2 1 24338851 397258
169 2 2 24367941 397997
169 2 3 24587646 396608
169 2 4 24389472 397487
170 2 1 24762079 401788
170 2 2 24421022 401828
170 2 3 25007124 400328
170 2 4 24416493 400438
171 2 1 25093155 406098
171 2 2 25093225 407348
171 2 3 25086276 405588
171 2 4 24800930 406197
172 2 1 25324279 410458
172 2 2 25183837 410538
172 2 3 25409552 410818
172 2 4 25678995 410128
173 2 1 25457663 416488
173 2 2 25761208 416088
173 2 3 25587464 414828
173 2 4 25431922 416828
174 2 1 25491533 419998
174 2 2 25985402 420268
174 2 3 25818649 424128
174 2 4 25909111 420478
175 2 1 25842160 425668
175 2 2 26281417 429259
175 2 3 25850550 425018
175 2 4 26227227 425088
176 2 1 26456421 431349
176 2 2 26361899 433618
176 2 3 26287787 430948
176 2 4 26340739 430488
177 2 1 26418140 436608
177 2 2 26852218 433968
177 2 3 27074013 433839
177 2 4 26687395 434499
178 2 1 27105483 439728
178 2 2 26872788 443169
178 2 3 26774227 439378
178 2 4 26647204 440368
179 2 1 27371438 444539
179 2 2 27408159 444179
179 2 3 27144554 445358
179 2 4 26985300 444598
180 2 1 27759676 449469
180 2 2 27041723 449889
180 2 3 27562732 450089
180 2 4 27509981 455529
181 2 1 27749376 454579
181 2 2 27586582 453668
181 2 3 27517060 453849
181 2 4 27572212 453399
182 2 1 28208774 460129
182 2 2 28363377 459229
182 2 3 28013790 458988
182 2 4 28150953 459209
183 2 1 28232415 464499
183 2 2 28126452 464759
183 2 3 27869998 467718
183 2 4 28530660 464619
184 2 1 28639132 470599
184 2 2 28748924 470269
184 2 3 28179323 468789
184 2 4 28789004 469929
185 2 1 28586511 476189
185 2 2 28884097 475099
185 2 3 28790034 474389
185 2 4 28839986 476159
186 2 1 29127861 479789
186 2 2 29076370 480120
186 2 3 28969569 480469
186 2 4 29321186 480019
187 2 1 29766484 485900
187 2 2 29346926 485769
187 2 3 29464748 489759
187 2 4 29394656 485629
188 2 1 29598060 490570
188 2 2 29369466 492289
188 2 3 29762683 490839
188 2 4 29687742 494520
189 2 1 30088700 495739
189 2 2 29725413 495300
189 2 3 30150771 496309
189 2 4 29673721 495959
190 2 1 30429897 501150
190 2 2 30256412 501409
190 2 3 30377735 502390
190 2 4 30198192 504619
191 2 1 30365795 505520
191 2 2 30373946 505859
191 2 3 30906015 505720
191 2 4 31121569 506719
192 2 1 30781773 511859
192 2 2 30780283 511620
192 2 3 30928966 511010
192 2 4 30743112 510900
193 2 1 30584089 520770
193 2 2 31262251 521290
193 2 3 31163580 521040
193 2 4 31227101 519800
194 2 1 30896725 526380
194 2 2 31594279 522429
194 2 3 30971976 522300
194 2 4 31543057 523620
195 2 1 31772991 527920
195 2 2 31970705 528180
195 2 3 31620668 526840
195 2 4 31632970 528680
196 2 1 31873334 537931
196 2 2 32256051 532680
196 2 3 32688429 533280
196 2 4 31935414 533280
197 2 1 32405323 538440
197 2 2 32085188 537281
197 2 3 32055037 538270
197 2 4 31902405 537710
198 2 1 32736159 545380
198 2 2 32611768 544681
198 2 3 32826842 547180
198 2 4 32364583 545430
199 2 1 33208589 549540
199 2 2 32554996 548630
199 2 3 33050406 548620
199 2 4 32968424 548580
200 2 1 33342701 554751
200 2 2 33060646 554370
200 2 3 33107837 553940
200 2 4 32979094 555700
201 2 1 33541465 559531
201 2 2 33949553 559420
201 2 3 33260110 559880
201 2 4 33672097 560810
202 2 1 33878832 565451
202 2 2 33597956 569970
202 2 3 33544465 565621
202 2 4 33974894 566010
203 2 1 34188467 571431
203 2 2 34414481 574711
203 2 3 33908181 571981
203 2 4 34247988 570111
204 2 1 34058835 576491
204 2 2 34651776 577291
204 2 3 34410851 580531
204 2 4 34456802 576251
205 2 1 34643816 582601
205 2 2 34574545 582411
205 2 3 34441142 583961
205 2 4 34871031 582831
206 2 1 35580863 590152
206 2 2 34825649 588891
206 2 3 35380680 587671
206 2 4 35144945 588811
207 2 1 35281547 595361
207 2 2 34828830 593791
207 2 3 35541233 592711
207 2 4 35457671 593761
208 2 1 35785728 603651
208 2 2 35322779 603342
208 2 3 35987491 600442
208 2 4 35188846 598072
209 2 1 36229366 605872
209 2 2 36104634 605831
209 2 3 36163314 605191
209 2 4 35636285 604731
210 2 1 36287677 612322
210 2 2 36158255 613162
210 2 3 36601873 611412
210 2 4 36767896 609892
211 2 1 36140033 621032
211 2 2 36860558 616812
211 2 3 36650134 617401
211 2 4 36249676 616752
212 2 1 36627453 623452
212 2 2 37263386 626831
212 2 3 37020481 622132
212 2 4 37009470 626021
213 2 1 36907789 629232
213 2 2 37443449 630132
213 2 3 36843548 629431
213 2 4 37381518 628292
214 2 1 37737305 634152
214 2 2 37794745 635302
214 2 3 37427459 634842
214 2 4 37594561 637232
215 2 1 37760825 641602
215 2 2 38087581 640882
215 2 3 38454078 639992
215 2 4 37705753 640373
216 2 1 38411637 647052
216 2 2 38246854 648052
216 2 3 38040631 649072
216 2 4 37896267 651902
217 2 1 38686733 654073
217 2 2 38707622 652583
217 2 3 38519099 651702
217 2 4 38363136 654202
218 2 1 39331675 658303
218 2 2 38443408 659173
218 2 3 39226682 657512
218 2 4 39050520 657852
219 2 1 39143891 663122
219 2 2 39253513 664643
219 2 3 38914376 664833
219 2 4 39141801 664523
220 2 1 40009467 675753
220 2 2 40426175 671102
220 2 3 39206423 671312
220 2 4 39939056 670593
221 2 1 39880735 678153
221 2 2 39978327 677082
221 2 3 39589340 677353
221 2 4 40218762 677182
222 2 1 40417785 687453
222 2 2 40443656 683393
222 2 3 40128220 682623
222 2 4 40324443 687683
223 2 1 40403645 688093
223 2 2 40794382 687613
223 2 3 40840064 689563
223 2 4 40947595 688233
224 2 1 40851354 696153
224 2 2 41075918 696423
224 2 3 40813223 695043
224 2 4 41390474 699373
225 2 1 41946243 702134
225 2 2 41259551 701253
225 2 3 41456476 705963
225 2 4 41480255 701843
226 2 1 41405954 707893
226 2 2 41315412 707493
226 2 3 41707539 708353
226 2 4 41897434 707174
227 2 1 42438643 715013
227 2 2 41901053 713623
227 2 3 42300302 712963
227 2 4 41589447 713644
228 2 1 42664768 720254
228 2 2 42560796 719553
228 2 3 42278320 725294
228 2 4 42117467 719864
229 2 1 42534275 725703
229 2 2 42453643 725483
229 2 3 43062885 725653
229 2 4 43418582 727634
230 2 1 45069143 834986
230 2 2 44108485 733623
230 2 3 45267158 734423
230 2 4 45035063 734734
231 2 1 45297547 740004
231 2 2 45551723 738284
231 2 3 45829728 744094
231 2 4 45456280 737734
232 2 1 45485600 745565
232 2 2 46344328 747024
232 2 3 45682545 785565
232 2 4 46259686 745674
233 2 1 46241016 752624
233 2 2 46197364 750385
233 2 3 46046451 751164
233 2 4 46238255 750884
234 2 1 46411239 759314
234 2 2 46986529 757825
234 2 3 47252575 758874
234 2 4 46547401 760064
235 2 1 47303936 764745
235 2 2 47150733 764885
235 2 3 46991419 764895
235 2 4 46616452 764264
236 2 1 47407838 771824
236 2 2 47444478 771354
236 2 3 47590021 776775
236 2 4 47250015 769765
237 2 1 48090291 776585
237 2 2 47317436 778475
237 2 3 47794735 777655
237 2 4 47789825 777755
238 2 1 48182542 784725
238 2 2 47982778 785015
238 2 3 48164072 785645
238 2 4 47838516 782855
239 2 1 48875725 795085
239 2 2 49137480 789465
239 2 3 48083690 795795
239 2 4 48637740 791665
240 2 1 48902206 802225
240 2 2 48649961 798496
240 2 3 48294214 798685
240 2 4 48994238 798325
241 2 1 49233123 808835
241 2 2 49272302 804606
241 2 3 48755054 804755
241 2 4 49607459 803485
242 2 1 49087990 813345
242 2 2 49813183 808845
242 2 3 49462736 813446
242 2 4 49916326 812795
243 2 1 49861004 817755
243 2 2 49769512 818625
243 2 3 49651120 820866
243 2 4 50194850 818535
244 2 1 51080278 829646
244 2 2 49822093 825295
244 2 3 50467215 823515
244 2 4 50431795 822946
245 2 1 50599027 832176
245 2 2 50199750 830555
245 2 3 50949794 830675
245 2 4 50918774 832596
246 2 1 51358362 836696
246 2 2 50685120 837005
246 2 3 51567886 842956
246 2 4 50690780 842606
247 2 1 51583837 844056
247 2 2 51468184 843896
247 2 3 51097388 845126
247 2 4 51272721 845696
248 2 1 51365742 852366
248 2 2 51537137 854376
248 2 3 52196768 852816
248 2 4 52727469 856896
249 2 1 51828271 859216
249 2 2 52544785 858887
249 2 3 52211998 865146
249 2 4 51643968 857656
250 2 1 52037625 865977
250 2 2 52957042 866196
250 2 3 52376102 865927
250 2 4 52806070 865576
251 2 1 52612487 872176
251 2 2 53286359 870336
251 2 3 52422093 871577
251 2 4 52991793 872006
252 2 1 53321150 882966
252 2 2 53050834 880617
252 2 3 53166536 877977
252 2 4 52888231 877616
253 2 1 53415532 886047
253 2 2 54172695 886107
253 2 3 54699686 884957
253 2 4 53530313 888027
254 2 1 54424841 893097
254 2 2 54173646 897517
254 2 3 54218146 899937
254 2 4 53613316 892927
255 2 1 54745216 899538
255 2 2 54370439 900207
255 2 3 54629565 898237
255 2 4 53843399 899707
256 2 1 55243376 907217
256 2 2 54532903 906247
256 2 3 55107503 907528
256 2 4 54949209 907477
257 2 1 55319357 916657
257 2 2 55048453 917507
257 2 3 55033281 914457
257 2 4 54798428 913177
258 2 1 55742346 921207
258 2 2 56553161 927038
258 2 3 55417869 921498
258 2 4 55912948 920968
259 2 1 56090202 931108
259 2 2 55770846 926628
259 2 3 55679813 928707
259 2 4 56305667 933548
260 2 1 56487138 935568
260 2 2 56543521 937627
260 2 3 55954550 934788
260 2 4 56776495 935478
261 2 1 56274566 944078
261 2 2 57303935 948659
261 2 3 56902447 943628
261 2 4 56506700 945908
262 2 1 56838706 951018
262 2 2 57279714 951558
262 2 3 56875536 950478
262 2 4 57674162 950398
263 2 1 58370395 957458
263 2 2 57228344 957408
263 2 3 57581470 961328
263 2 4 57817904 956898
264 2 1 57656362 968379
264 2 2 57360027 967248
264 2 3 58041689 968998
264 2 4 58284193 971358
265 2 1 58697061 977688
265 2 2 57843565 975358
265 2 3 58655771 977049
265 2 4 57844996 970738
266 2 1 58945926 989389
266 2 2 58836354 983499
266 2 3 58947585 985999
266 2 4 58697421 979729
267 2 1 59179990 988139
267 2 2 58973616 987729
267 2 3 59844563 987179
267 2 4 59978325 991498
268 2 1 59349594 994239
268 2 2 59941225 996489
268 2 3 59860503 999139
268 2 4 59326884 994329
269 2 1 59474146 1002169
269 2 2 60492085 1004259
269 2 3 60215730 1001609
269 2 4 60404413 1004159
270 2 1 60011377 1009499
270 2 2 60936443 1008699
270 2 3 59771052 1009359
270 2 4 60955884 1010369
271 2 1 60898354 1016449
271 2 2 61045316 1022249
271 2 3 60709449 1016940
271 2 4 60856932 1016999
272 2 1 60839672 1024389
272 2 2 61738018 1023859
272 2 3 62067285 1023359
272 2 4 61020725 1029229
273 2 1 61922312 1039630
273 2 2 61645387 1031759
273 2 3 61448743 1030089
273 2 4 61026505 1031510
274 2 1 62580365 1038480
274 2 2 62101795 1042409
274 2 3 62173908 1043120
274 2 4 61848100 1037079
275 2 1 63030233 1050390
275 2 2 62024334 1049350
275 2 3 62731257 1050330
275 2 4 62824240 1051120
276 2 1 63480091 1053700
276 2 2 62774609 1055640
276 2 3 62792938 1053619
276 2 4 62567955 1054000
277 2 1 63826498 1059750
277 2 2 64204846 1074060
277 2 3 63149916 1061970
277 2 4 63508802 1060820
278 2 1 63617324 1074730
278 2 2 63633795 1071840
278 2 3 63493452 1070481
278 2 4 64497261 1078310
279 2 1 64443060 1079630
279 2 2 64498221 1077551
279 2 3 63866540 1078380
279 2 4 64823048 1079631
280 2 1 63849589 1085190
280 2 2 64843697 1089150
280 2 3 64890729 1084861
280 2 4 64740195 1084881
281 2 1 65017941 1097061
281 2 2 65172263 1092741
281 2 3 64978740 1094621
281 2 4 65306826 1096771
282 2 1 66491499 1105230
282 2 2 65349447 1100831
282 2 3 65503510 1112241
282 2 4 65609832 1101131
283 2 1 65750405 1110101
283 2 2 65415049 1111881
283 2 3 66381227 1113991
283 2 4 65908777 1109591
284 2 1 66418758 1116481
284 2 2 65507430 1117421
284 2 3 67029419 1116301
284 2 4 65646802 1117241
285 2 1 67175981 1125952
285 2 2 66719493 1129062
285 2 3 66876766 1131211
285 2 4 66364217 1128372
286 2 1 67255283 1133292
286 2 2 66678602 1133801
286 2 3 67836814 1133412
286 2 4 68135000 1138332
287 2 1 67563878 1142291
287 2 2 68166041 1143961
287 2 3 67660090 1141172
287 2 4 67222742 1138721
288 2 1 67438817 1148102
288 2 2 68566208 1151092
288 2 3 68168471 1149162
288 2 4 68179280 1149852
289 2 1 68039398 1156432
289 2 2 69239500 1154932
289 2 3 67672131 1155242
289 2 4 68950394 1155862
290 2 1 69195040 1166913
290 2 2 69355333 1164683
290 2 3 68800252 1164742
290 2 4 68896544 1166682
291 2 1 69152149 1173872
291 2 2 69863132 1172452
291 2 3 70348981 1172492
291 2 4 69065867 1170622
292 2 1 70171728 1180042
292 2 2 70129548 1180642
292 2 3 69272001 1186332
292 2 4 69032607 1181173
293 2 1 70768839 1190403
293 2 2 70326551 1189163
293 2 3 70671268 1194452
293 2 4 69810561 1188883
294 2 1 71231378 1203622
294 2 2 69757711 1197543
294 2 3 71153616 1199503
294 2 4 71106216 1197192
295 2 1 71511224 1205522
295 2 2 71027605 1203993
295 2 3 71048785 1208463
295 2 4 70893331 1210333
296 2 1 72305088 1212453
296 2 2 72678696 1212223
296 2 3 71455973 1212702
296 2 4 72158736 1214662
297 2 1 72250418 1220443
297 2 2 72039933 1225743
297 2 3 70978513 1224583
297 2 4 72504793 1220483
298 2 1 72866229 1230964
298 2 2 72648885 1232283
298 2 3 71959042 1229454
298 2 4 73184326 1232543
299 2 1 72463362 1239463
299 2 2 73317657 1237974
299 2 3 73163915 1242104
299 2 4 73416880 1243104
300 2 1 73116424 1244074
300 2 2 73080073 1245414
300 2 3 73101714 1253183
300 2 4 74033532 1249804
301 2 1 74992209 1260784
301 2 2 73588843 1257904
301 2 3 74315546 1261014
301 2 4 74007691 1258444
302 2 1 74162103 1267524
302 2 2 73747386 1263344
302 2 3 74754515 1269944
302 2 4 74456709 1269214
303 2 1 74762676 1273994
303 2 2 74498110 1271214
303 2 3 75283875 1269594
303 2 4 74109272 1271014
304 2 1 75609281 1281354
304 2 2 75840956 1279304
304 2 3 75419608 1280655
304 2 4 75003340 1280244
305 2 1 75704982 1294875
305 2 2 75460589 1288304
305 2 3 76589940 1293534
305 2 4 76913596 1286854
306 2 1 75832785 1301434
306 2 2 76705682 1298034
306 2 3 76198023 1297574
306 2 4 75834685 1297955
307 2 1 76156301 1308505
307 2 2 76938416 1305344
307 2 3 76659662 1303755
307 2 4 76837295 1312575
308 2 1 76593150 1315095
308 2 2 77493326 1315225
308 2 3 76238303 1317555
308 2 4 77432376 1315855
309 2 1 77542718 1321615
309 2 2 77758702 1319175
309 2 3 77413425 1321585
309 2 4 77970376 1323645
310 2 1 77754912 1330445
310 2 2 78696019 1331315
310 2 3 79185959 1329635
310 2 4 77936195 1329815
311 2 1 79202079 1341275
311 2 2 78793522 1343065
311 2 3 77679310 1342186
311 2 4 77723891 1340295
312 2 1 79596367 1354845
312 2 2 79162199 1347985
312 2 3 79101857 1347355
312 2 4 78725841 1348866
313 2 1 80256289 1357135
313 2 2 78632329 1358125
313 2 3 80305690 1361916
313 2 4 79727759 1355795
314 2 1 80567175 1369056
314 2 2 79689288 1366526
314 2 3 79654097 1364296
314 2 4 79709409 1364726
315 2 1 81169406 1378326
315 2 2 81801038 1378486
315 2 3 80324550 1372566
315 2 4 80900071 1380136
316 2 1 80794960 1386306
316 2 2 80424033 1382476
316 2 3 79725069 1384376
316 2 4 81315329 1383507
317 2 1 81576444 1390477
317 2 2 81711066 1390846
317 2 3 80992394 1394667
317 2 4 81977732 1395116
318 2 1 80912081 1404716
318 2 2 82411859 1405877
318 2 3 81930551 1404007
318 2 4 82127695 1405797
319 2 1 82088394 1413486
319 2 2 82449331 1412766
319 2 3 81936081 1412287
319 2 4 83290237 1409026
320 2 1 84632662 1423157
320 2 2 83035672 1418837
320 2 3 83555042 1421986
320 2 4 82910879 1417636
321 2 1 82949591 1433717
321 2 2 82676735 1427367
321 2 3 84212485 1426737
321 2 4 83646803 1431547
322 2 1 84193293 1435568
322 2 2 83528831 1439407
322 2 3 84645752 1437187
322 2 4 83296136 1438607
323 2 1 84604981 1446748
323 2 2 84958118 1443178
323 2 3 84422918 1447197
323 2 4 84129952 1442988
324 2 1 84428267 1453248
324 2 2 84734245 1456188
324 2 3 85752793 1457318
324 2 4 86261393 1456077
325 2 1 88680169 1683891
325 2 2 88029687 1475278
325 2 3 90161877 1467668
325 2 4 89380802 1471478
326 2 1 89314421 1481658
326 2 2 90634545 1475089
326 2 3 90313879 1474968
326 2 4 90539123 1474059
327 2 1 90424002 1487788
327 2 2 91738757 1492038
327 2 3 90285859 1483498
327 2 4 91079854 1482528
328 2 1 91538633 1497139
328 2 2 92038552 1494718
328 2 3 90858030 1498108
328 2 4 91375489 1494968
329 2 1 91217646 1501819
329 2 2 92247276 1503519
329 2 3 93309536 1507529
329 2 4 91606964 1501868
330 2 1 92740426 1510578
330 2 2 92576002 1517279
330 2 3 91904240 1511669
330 2 4 91439301 1514369
331 2 1 93005761 1525858
331 2 2 92927480 1520008
331 2 3 92565592 1519738
331 2 4 92189205 1523689
332 2 1 93943929 1537229
332 2 2 92138734 1529809
332 2 3 93441399 1529029
332 2 4 93302276 1530798
333 2 1 94213803 1539539
333 2 2 93495440 1539989
333 2 3 93169284 1537139
333 2 4 93198764 1541589
334 2 1 94490508 1546580
334 2 2 95617020 1552699
334 2 3 94127442 1551099
334 2 4 95014298 1548019
335 2 1 94915207 1555020
335 2 2 94358506 1558289
335 2 3 93849667 1556340
335 2 4 95401525 1563920
336 2 1 95726792 1566679
336 2 2 95744323 1573400
336 2 3 94587140 1566399
336 2 4 96076949 1572370
337 2 1 94994137 1577580
337 2 2 96373484 1578350
337 2 3 95894856 1577759
337 2 4 95888074 1579070
338 2 1 96054529 1585660
338 2 2 96329864 1587550
338 2 3 95924846 1590671
338 2 4 97142788 1583770
339 2 1 98061856 1600030
339 2 2 96560178 1595040
339 2 3 97425425 1594520
339 2 4 96700650 1593861
340 2 1 96634109 1611371
340 2 2 96374284 1607130
340 2 3 97683889 1605531
340 2 4 97435304 1605890
341 2 1 98190328 1614841
341 2 2 97411704 1613170
341 2 3 98651228 1616471
341 2 4 96728641 1613371
342 2 1 98298311 1628621
342 2 2 98571056 1627361
342 2 3 97894432 1622641
342 2 4 97850402 1624791
343 2 1 98502704 1632241
343 2 2 98251290 1634821
343 2 3 99700358 1635561
343 2 4 100360500 1636291
344 2 1 99100456 1647121
344 2 2 99839609 1642201
344 2 3 99794459 1639591
344 2 4 98950283 1639670
345 2 1 99312230 1656022
345 2 2 100360240 1651491
345 2 3 100212377 1649092
345 2 4 100024503 1655112
346 2 1 99713527 1659602
346 2 2 101212266 1662102
346 2 3 99396321 1664891
346 2 4 101019442 1661562
347 2 1 101173055 1670102
347 2 2 101156515 1668932
347 2 3 100458072 1671262
347 2 4 100789208 1674922
348 2 1 100947931 1683952
348 2 2 102361267 1684792
348 2 3 102982059 1680051
348 2 4 101494411 1680822
349 2 1 102162594 1690522
349 2 2 102369208 1689392
349 2 3 101913218 1693902
349 2 4 101014252 1690502
350 2 1 103167952 1704452
350 2 2 102590091 1698613
350 2 3 103284955 1697503
350 2 4 102094743 1704672
351 2 1 103641502 1708933
351 2 2 102038501 1707623
351 2 3 103575840 1712733
351 2 4 103294425 1708643
352 2 1 104488448 1719422
352 2 2 103606001 1720542
352 2 3 103648732 1719283
352 2 4 103559170 1724062
353 2 1 105269053 1730663
353 2 2 106000826 1732452
353 2 3 104213383 1729043
353 2 4 104602290 1730913
354 2 1 105089809 1741603
354 2 2 104575269 1744642
354 2 3 103688633 1743163
354 2 4 105380105 1741442
355 2 1 105560918 1750383
355 2 2 105853284 1750733
355 2 3 104249793 1749133
355 2 4 106205851 1751793
356 2 1 104429386 1761774
356 2 2 106137389 1760063
356 2 3 106184830 1761464
356 2 4 106456565 1764004
357 2 1 106041477 1774244
357 2 2 106029717 1771514
357 2 3 105938405 1770454
357 2 4 106977575 1769714
358 2 1 108667417 1781234
358 2 2 106649838 1786184
358 2 3 107614347 1779173
358 2 4 107068447 1778723
359 2 1 107419403 1789515
359 2 2 106500016 1789724
359 2 3 108130437 1789644
359 2 4 107891263 1792474
360 2 1 108236048 1796974
360 2 2 107494295 1804244
360 2 3 108989283 1804224
360 2 4 106836032 1799115
361 2 1 109324289 1808485
361 2 2 108812769 1812404
361 2 3 109125916 1811345
361 2 4 108777059 1813054
362 2 1 109202377 1824094
362 2 2 108659977 1819445
362 2 3 110144255 1823555
362 2 4 110927130 1818825
363 2 1 109143667 1836675
363 2 2 109909590 1829754
363 2 3 110176405 1828365
363 2 4 109374320 1830785
364 2 1 109235277 1838234
364 2 2 111152844 1846255
364 2 3 110985981 1838665
364 2 4 111087412 1841105
365 2 1 110309947 1853076
365 2 2 111514841 1850396
365 2 3 109968961 1849035
365 2 4 111453639 1848875
366 2 1 111750746 1862556
366 2 2 112001450 1859815
366 2 3 111264456 1861475
366 2 4 111059162 1858575
367 2 1 111309737 1873935
367 2 2 113169683 1873916
367 2 3 113776833 1872795
367 2 4 111793096 1868486
368 2 1 113207093 1880206
368 2 2 112727093 1878796
368 2 3 112417198 1882826
368 2 4 111430989 1879905
369 2 1 113870856 1893996
369 2 2 113429377 1895096
369 2 3 113501378 1893235
369 2 4 112125992 1890245
370 2 1 114323814 1904366
370 2 2 112642852 1907017
370 2 3 113891776 1906356
370 2 4 114029789 1903606
371 2 1 114966287 1910066
371 2 2 113472638 1909916
371 2 3 114261142 1912146
371 2 4 113737953 1914076
372 2 1 115904893 1920606
372 2 2 116641987 1920297
372 2 3 114532638 1920556
372 2 4 115421814 1920947
373 2 1 115752321 1935997
373 2 2 114729661 1931627
373 2 3 114521377 1931237
373 2 4 116076387 1930226
374 2 1 116151759 1948987
374 2 2 115854793 1941807
374 2 3 114695460 1944997
374 2 4 117046946 1945927
375 2 1 115232501 1952338
375 2 2 117187258 1955777
375 2 3 116557116 1951367
375 2 4 117138547 1956487
376 2 1 116720219 1967787
376 2 2 117053346 1967198
376 2 3 116767630 1968288
376 2 4 118129386 1965338
377 2 1 119394570 1973597
377 2 2 117461484 1974358
377 2 3 118370321 1974558
377 2 4 118088115 1971427
378 2 1 117716239 1982467
378 2 2 116989514 1981298
378 2 3 118870710 1982588
378 2 4 118532074 1985547
379 2 1 119078154 1993118
379 2 2 117789989 1993107
379 2 3 120017632 1993798
379 2 4 117686558 1992778
380 2 1 119734276 2010718
380 2 2 119286398 2004797
380 2 3 119484652 2004628
380 2 4 119213797 2009408
381 2 1 119352899 2014788
381 2 2 119404070 2020068
381 2 3 120817007 2020128
381 2 4 122079761 2035989
382 2 1 120563772 2029819
382 2 2 121135823 2031148
382 2 3 121050421 2032098
382 2 4 119789367 2022098
383 2 1 120004172 2040908
383 2 2 121387058 2037258
383 2 3 121162903 2038469
383 2 4 121620382 2035569
384 2 1 120723014 2052769
384 2 2 122854415 2050949
384 2 3 120350397 2049449
384 2 4 122493717 2054739
385 2 1 122549319 2061549
385 2 2 122753654 2056910
385 2 3 121647592 2054479
385 2 4 122116301 2061239
386 2 1 122399696 2112980
386 2 2 123216032 2074620
386 2 3 124757761 2067769
386 2 4 122358546 2074289
387 2 1 124343663 2084259
387 2 2 123644310 2078130
387 2 3 123057378 2084099
387 2 4 121842386 2083389
388 2 1 125045687 2096550
388 2 2 124476206 2097499
388 2 3 124811062 2096610
388 2 4 123080030 2090100
389 2 1 125545396 2102550
389 2 2 123833004 2109320
389 2 3 125342052 2101960
389 2 4 125316692 2103770
390 2 1 125990804 2113720
390 2 2 124890024 2113240
390 2 3 125551096 2111850
390 2 4 124724271 2114300
391 2 1 127188637 2131150
391 2 2 127806660 2130131
391 2 3 125883663 2129510
391 2 4 127021454 2120261
392 2 1 126392171 2143450
392 2 2 125790281 2143040
392 2 3 125401113 2137901
392 2 4 127288109 2144670
393 2 1 127652296 5306621
393 2 2 127448462 2149531
393 2 3 126625996 2146561
393 2 4 128357269 2152461
394 2 1 127037884 2157791
394 2 2 128456391 2155220
394 2 3 128179166 2156641
394 2 4 128268577 2161592
395 2 1 128081213 2170862
395 2 2 127902130 2166841
395 2 3 128228648 2166980
395 2 4 129617003 2165441
396 2 1 130943128 2180561
396 2 2 128730177 2182891
396 2 3 130012801 2176791
396 2 4 129359658 2176641
397 2 1 129089773 2189282
397 2 2 128379309 2187632
397 2 3 130300106 2187761
397 2 4 129749676 2192381
398 2 1 130542291 2203572
398 2 2 129352078 2201422
398 2 3 131441777 2206032
398 2 4 129208695 2206332
399 2 1 131677112 5469784
399 2 2 131183823 5475073
399 2 3 131674202 5471723
399 2 4 130022992 2214801
400 2 1 131410838 2224712
400 2 2 131144322 2228863
400 2 3 132673200 2224822
400 2 4 133362303 2227773
1 3 1 7021 4880
1 3 2 3620 2160
1 3 3 3550 2090
1 3 4 3280 2170
2 3 1 12610 2310
2 3 2 11390 2250
2 3 3 11320 2190
2 3 4 11160 2180
3 3 1 33021 2630
3 3 2 31051 2520
3 3 3 30730 2500
3 3 4 31070 2510
4 3 1 69841 3260
4 3 2 68712 3160
4 3 3 69031 3160
4 3 4 68912 3060
5 3 1 131493 4270
5 3 2 132682 4091
5 3 3 133442 4130
5 3 4 133422 4070
6 3 1 232904 5740
6 3 2 232775 5650
6 3 3 238625 5820
6 3 4 229614 5601
7 3 1 379577 8400
7 3 2 372367 7930
7 3 3 377057 7850
7 3 4 368797 7881
8 3 1 546030 10890
8 3 2 530830 10850
8 3 3 538800 10711
8 3 4 553740 11000
9 3 1 820515 15541
9 3 2 784115 14700
9 3 3 778855 14861
9 3 4 782715 14890
10 3 1 1088011 19891
10 3 2 1043949 19451
10 3 3 1068620 19651
10 3 4 1066210 19370
11 3 1 1501698 26411
11 3 2 1432897 25700
11 3 3 1425247 26560
11 3 4 1429648 25350
12 3 1 1857036 33361
12 3 2 1882005 32721
12 3 3 1847525 32651
12 3 4 1866095 33230
13 3 1 2327834 41441
13 3 2 2325494 41711
13 3 3 2343934 41791
13 3 4 2310804 41631
14 3 1 3044388 51601
14 3 2 2943826 51131
14 3 3 2961806 50831
14 3 4 2905125 50811
15 3 1 3612728 63901
15 3 2 3645249 63171
15 3 3 3538268 64261
15 3 4 3645819 63082
16 3 1 4392403 76861
16 3 2 4283862 76831
16 3 3 4333171 76551
16 3 4 4339912 76662
17 3 1 5328261 92412
17 3 2 5230759 91251
17 3 3 5232619 91361
17 3 4 5237029 91712
18 3 1 6316909 109362
18 3 2 6316040 108732
18 3 3 6283299 108652
18 3 4 6240779 108592
19 3 1 7289398 127873
19 3 2 7292588 128053
19 3 3 7374859 127983
19 3 4 7407471 127332
20 3 1 8576912 148302
20 3 2 8579602 148362
20 3 3 8437489 147543
20 3 4 8546262 148233
21 3 1 9885008 172553
21 3 2 9677503 173133
21 3 3 9654543 172043
21 3 4 9871947 172093
22 3 1 11974767 198194
22 3 2 11659881 197704
22 3 3 11589899 197674
22 3 4 11536849 197753
23 3 1 13125888 227085
23 3 2 13125698 226035
23 3 3 13130658 226055
23 3 4 12827343 226224
24 3 1 14722210 257895
24 3 2 14825681 257495
24 3 3 14867401 259235
24 3 4 14908122 257295
25 3 1 16703287 291085
25 3 2 16599834 289946
25 3 3 16370559 289935
25 3 4 16731307 290135
26 3 1 18934798 327806
26 3 2 18425728 327297
26 3 3 18514760 327086
26 3 4 18805336 327286
27 3 1 22288282 365847
27 3 2 21533308 365217
27 3 3 21432166 365207
27 3 4 21555518 365447
28 3 1 23356683 408088
28 3 2 23625117 407658
28 3 3 23903123 407748
28 3 4 23467234 408458
29 3 1 25956362 452959
29 3 2 26255807 454209
29 3 3 26376799 453388
29 3 4 26459391 457519
30 3 1 28886597 503570
30 3 2 29018499 502149
30 3 3 28529090 506580
30 3 4 28939508 502930
31 3 1 31822742 555770
31 3 2 31219911 554330
31 3 3 31478635 554600
31 3 4 31838022 554540
32 3 1 34900691 610141
32 3 2 35157256 609311
32 3 3 34928131 609971
32 3 4 34878590 608861
33 3 1 37517930 669712
33 3 2 38041760 669042
33 3 3 37909338 669632
33 3 4 37523489 669473
34 3 1 43585375 733484
34 3 2 43314870 732944
34 3 3 43154566 732724
34 3 4 43315980 732714
35 3 1 47119652 799106
35 3 2 46790475 799295
35 3 3 46301977 799115
35 3 4 46745154 798905
36 3 1 50724881 870376
36 3 2 50171350 874336
36 3 3 50161870 870686
36 3 4 51163379 868856
37 3 1 55185605 949868
37 3 2 54856208 944058
37 3 3 54903229 947728
37 3 4 54979210 944238
38 3 1 58487128 1026189
38 3 2 59199111 1023859
38 3 3 59338382 1028090
38 3 4 58380945 1024799
39 3 1 62326469 1106961
39 3 2 63577083 1106561
39 3 3 63891639 1111222
39 3 4 64042502 1107091
40 3 1 68506417 1197812
40 3 2 68378624 1198963
40 3 3 67906254 1199642
40 3 4 68488537 1201643
41 3 1 73593403 1156652
41 3 2 72744727 1158732
41 3 3 72887590 1287184
41 3 4 74130363 1156581
42 3 1 79555606 1408437
42 3 2 79710039 1407397
42 3 3 79156607 1404357
42 3 4 78998105 1403017
43 3 1 88029016 1491438
43 3 2 90963141 1497629
43 3 3 91832488 1492938
43 3 4 90733038 1497739
44 3 1 95270103 1595560
44 3 2 97914063 1597890
44 3 3 97921163 1597990
44 3 4 97655888 1597430
45 3 1 103197963 1715293
45 3 2 103823745 1711932
45 3 3 102185965 1714012
45 3 4 103581310 1716713
46 3 1 110229827 1836025
46 3 2 108651436 1833905
46 3 3 108757628 1837905
46 3 4 110266277 1833855
47 3 1 116724480 1954297
47 3 2 116888372 1956127
47 3 3 116659108 1949587
47 3 4 116710839 1949187
48 3 1 122826345 2084380
48 3 2 123845754 2078660
48 3 3 124299032 2079650
48 3 4 122144002 2077640
49 3 1 129626163 2218452
49 3 2 131924607 2214922
49 3 3 131538539 2216792
49 3 4 131984628 2220522
50 3 1 139143743 2351364
50 3 2 139062611 2357194
50 3 3 136788778 2355725
50 3 4 138682155 2351664
51 3 1 147154555 2503097
51 3 2 146115686 2500127
51 3 3 145688098 2508798
51 3 4 147794217 2496507
52 3 1 155417471 2647120
52 3 2 156305738 2650770
52 3 3 155447412 2650600
52 3 4 155674316 2654890
53 3 1 161473126 2807413
53 3 2 164316989 2811143
53 3 3 164228088 2809903
53 3 4 161800752 2815004
54 3 1 176940309 3364653
54 3 2 175880948 3371334
54 3 3 175903938 3380384
54 3 4 176282256 3381384
55 3 1 184784046 3587608
55 3 2 184836887 3574729
55 3 3 182243789 3581227
55 3 4 184347098 3586938
56 3 1 194151304 3796102
56 3 2 190466665 3792692
56 3 3 192093805 3792431
56 3 4 195277236 3790242
57 3 1 204454109 3993026
57 3 2 205520129 3994806
57 3 3 204214374 3995896
57 3 4 203987740 3995996
58 3 1 211117225 4213050
58 3 2 214593041 4199290
58 3 3 214912977 4205560
58 3 4 212346848 4204289
59 3 1 222432499 4427884
59 3 2 227181749 4423453
59 3 3 226206390 4563017
59 3 4 226246722 4429044
60 3 1 235284502 4707938
60 3 2 236730731 4665048
60 3 3 232730354 4698749
60 3 4 235654940 4667578
61 3 1 249049973 4902313
61 3 2 244070119 4900072
61 3 3 244817553 4899733
61 3 4 248738157 4900993
62 3 1 261166492 5133037
62 3 2 261868875 5130368
62 3 3 259787015 5291840
62 3 4 260520980 5127157
63 3 1 268827918 5464933
63 3 2 271613480 5462553
63 3 3 273093008 5470343
63 3 4 269460189 5459603
64 3 1 281234633 5860181
64 3 2 285488483 5845091
64 3 3 285116355 5844831
64 3 4 286344369 5851010
65 3 1 297269405 6037404
65 3 2 302629987 6022615
65 3 3 298204713 6020894
65 3 4 301623218 6022844
66 3 1 316124922 6199598
66 3 2 311483594 6200597
66 3 3 312120406 6211788
66 3 4 316342986 6217327
67 3 1 330791690 6510464
67 3 2 331098135 6498372
67 3 3 328831293 6511973
67 3 4 330071406 6505913
68 3 1 344086192 6079295
68 3 2 340214137 6754988
68 3 3 344816625 6731678
68 3 4 340095805 6747557
69 3 1 355042448 6213488
69 3 2 356534327 6507183
69 3 3 355047459 6481553
69 3 4 360499432 6467103
70 3 1 375241051 6540643
70 3 2 363922346 6821679
70 3 3 375556376 6796229
70 3 4 375110888 6778298
71 3 1 386560825 6775178
71 3 2 386006384 7750076
71 3 3 390819936 7731166
71 3 4 390620671 7745527
72 3 1 401412536 7063353
72 3 2 402349934 8003761
72 3 3 405772358 8074613
72 3 4 400145492 8072153
73 3 1 422910312 7557002
73 3 2 417566532 8412680
73 3 3 422586836 8410769
73 3 4 413998844 8543552
74 3 1 445878037 7673256
74 3 2 435347247 8756006
74 3 3 446009710 8762575
74 3 4 433374711 8754126
75 3 1 451754688 7976281
75 3 2 453988630 9107832
75 3 3 450416323 9115162
75 3 4 455730423 9258755
76 3 1 474714372 8311667
76 3 2 464440978 9491030
76 3 3 475124150 9418719
76 3 4 476699600 9491579
77 3 1 488270119 8641634
77 3 2 487290320 9862176
77 3 3 492573971 9857536
77 3 4 493517849 9869357
78 3 1 506350921 9083852
78 3 2 508667654 9568171
78 3 3 513352194 9592332
78 3 4 504528027 9559021
79 3 1 531577648 10055601
79 3 2 528087982 10095092
79 3 3 533261671 10050700
79 3 4 521104239 10046660
80 3 1 558427027 11184812
80 3 2 546009531 10515499
80 3 3 559598188 10541669
80 3 4 544299639 10532299
81 3 1 565126323 10921627
81 3 2 567409096 10919316
81 3 3 564246246 10931567
81 3 4 573586753 10920657
82 3 1 592760787 10771684
82 3 2 578097959 11358365
82 3 3 593279295 11377135
82 3 4 594069891 11354415
83 3 1 606913983 11805284
83 3 2 607287020 11793293
83 3 3 614446326 11813514
83 3 4 616376512 11813463
84 3 1 628794667 12197951
84 3 2 631924327 11678690
84 3 3 637148365 11697261
84 3 4 628949841 11695591
85 3 1 667156093 12131430
85 3 2 662762060 11815344
85 3 3 661191650 11812303
85 3 4 655259588 11807133
86 3 1 687391115 12545137
86 3 2 683595074 12047668
86 3 3 687048799 12231231
86 3 4 673786498 12047458
87 3 1 707881003 12989345
87 3 2 697975776 12479956
87 3 3 698341092 12502416
87 3 4 695936767 12469615
88 3 1 731008701 13648408
88 3 2 731722924 12955945
88 3 3 735276500 12959155
88 3 4 734726491 12963545
89 3 1 748095133 13858513
89 3 2 758028131 13355123
89 3 3 742672701 13379313
89 3 4 759857846 13345122
90 3 1 782648926 14363731
90 3 2 796484678 13826132
90 3 3 767116674 13819402
90 3 4 782575505 13822151
91 3 1 809838472 14831851
91 3 2 809860611 14269830
91 3 3 798415915 14279240
91 3 4 795321747 14276690
92 3 1 833940667 15318579
92 3 2 835085139 14756669
92 3 3 834855484 14748239
92 3 4 838896510 14756419
93 3 1 848807758 15814819
93 3 2 848624964 15255039
93 3 3 846831380 15258979
93 3 4 860020589 15249899
94 3 1 888078421 16334499
94 3 2 891081947 15743378
94 3 3 892850021 15726137
94 3 4 878956078 15749327
95 3 1 915632792 16853579
95 3 2 898341164 16264778
95 3 3 915500268 16270888
95 3 4 916405685 16272138
96 3 1 961770134 17387449
96 3 2 926850303 16813887
96 3 3 947863181 16793118
96 3 4 945370564 16788277
97 3 1 976886340 17940789
97 3 2 961961307 17292617
97 3 3 961742262 17300557
97 3 4 973611598 17297567
98 3 1 1001619348 18478850
98 3 2 1009710081 18603333
98 3 3 1016336845 18597702
98 3 4 993211128 18600141
99 3 1 1027991226 19244515
99 3 2 1024800256 19272815
99 3 3 1040474461 19249564
99 3 4 1043184304 19258964
100 3 1 1077715056 19876666
100 3 2 1078742936 19880817
100 3 3 1062258873 19879506
100 3 4 1072755942 19867975
101 3 1 1082676050 20524487
101 3 2 1108529128 20533898
101 3 3 1103846790 20542159
101 3 4 1123060853 20522028
102 3 1 1113655545 21203512
102 3 2 1136174241 21195981
102 3 3 1137411304 21218352
102 3 4 1139389011 21206961
103 3 1 1154605669 21899024
103 3 2 1154418545 21899654
103 3 3 1165758869 21893204
103 3 4 1171827234 21877474
104 3 1 1205355539 22597868
104 3 2 1210571818 22600547
104 3 3 1184059365 22610697
104 3 4 1187927079 22609228
105 3 1 1217208113 23321661
105 3 2 1237729990 23309181
105 3 3 1238990474 23309501
105 3 4 1240204147 23323671
106 3 1 1279021171 23649927
106 3 2 1255016027 23504345
106 3 3 1271828834 23447244
106 3 4 1273295023 23433493
107 3 1 1310915213 23221449
107 3 2 1318933706 23225929
107 3 3 1320668479 23225329
107 3 4 1310336513 23270881
108 3 1 1358831759 24054775
108 3 2 1339474893 24060095
108 3 3 1341880429 24056805
108 3 4 1334946827 24061225
109 3 1 1403996792 24541444
109 3 2 1378049942 24544534
109 3 3 1378978800 24531834
109 3 4 1395215896 24535204
110 3 1 1437892764 25227327
110 3 2 1405991961 25225747
110 3 3 1414806236 25232678
110 3 4 1434114531 25222908
111 3 1 1475537545 25919280
111 3 2 1442216805 25923310
111 3 3 1453274504 25913540
111 3 4 1467159927 25923160
112 3 1 1516280765 27564391
112 3 2 1483470235 27548441
112 3 3 1491285422 27551381
112 3 4 1510773000 27561942
113 3 1 1553828484 27341507
113 3 2 1520783250 27346927
113 3 3 1531230456 27336317
113 3 4 1550075113 27347227
114 3 1 1600747950 29073980
114 3 2 1564264360 29074570
114 3 3 1574115918 29055850
114 3 4 1596632323 29065079
115 3 1 1636985736 28829005
115 3 2 1598047769 28817525
115 3 3 1611804929 28820975
115 3 4 1631936499 28820035
116 3 1 1678242915 29572819
116 3 2 1643072950 29568949
116 3 3 1651246924 29581659
116 3 4 1672386424 29589900
117 3 1 1720116606 30364544
117 3 2 1682320231 30361195
117 3 3 1690163269 30339254
117 3 4 1714510449 30348974
118 3 1 1763084947 31126978
118 3 2 1723682173 31126778
118 3 3 1732575320 31143149
118 3 4 1758042221 31135809
119 3 1 1808095199 31932344
119 3 2 1770594079 31929494
119 3 3 1780985065 31923484
119 3 4 1801604814 31931393
120 3 1 1852087479 32777579
120 3 2 1814020189 32765959
120 3 3 1824988356 32768919
120 3 4 1848779526 32769309
121 3 1 1898654119 33565844
121 3 2 1858584631 33581004
121 3 3 1868994297 33574535
121 3 4 1896633889 33574855
122 3 1 1945916691 34393331
122 3 2 1904250474 34410031
122 3 3 1916202758 34410011
122 3 4 1940518409 34421801
123 3 1 1992916018 35303397
123 3 2 1951591347 35290686
123 3 3 1962956232 35292628
123 3 4 1990590044 35287587
124 3 1 2042939523 36145324
124 3 2 1996916403 36164573
124 3 3 2009710235 36138634
124 3 4 2037855879 36136333
125 3 1 2090403659 37030680
125 3 2 2044801288 37061830
125 3 3 2056159293 37020820
125 3 4 2083268315 37021309
126 3 1 2139803742 37947438
126 3 2 2093418486 37961298
126 3 3 2108072602 37971378
126 3 4 2134575644 37959878
127 3 1 2189531991 38859495
127 3 2 2143995011 38862805
127 3 3 2157498796 38881495
127 3 4 2184649168 38868735
128 3 1 2244224754 40182920
128 3 2 2192291502 40177569
128 3 3 2205393140 40172859
128 3 4 2234987469 40171390
129 3 1 2292649869 41001115
129 3 2 2242887167 40708880
129 3 3 2257344091 40705519
129 3 4 2285601154 40707419
130 3 1 2350579353 41885932
130 3 2 2296808466 41668667
130 3 3 2306404487 41651598
130 3 4 2342093632 41640457
131 3 1 2400609807 43033143
131 3 2 2348918100 42781278
131 3 3 2363665028 42794329
131 3 4 2391059436 42812229
132 3 1 2458690714 44571752
132 3 2 2400842160 44307117
132 3 3 2413940418 44307027
132 3 4 2451043568 44316968
133 3 1 2511841217 44860578
133 3 2 2451662350 44599903
133 3 3 2471050285 44619474
133 3 4 2502948718 44606523
134 3 1 2565938259 45868147
134 3 2 2509134574 45617492
134 3 3 2526193706 45609202
134 3 4 2557761363 45611492
135 3 1 2655618462 47135491
135 3 2 2595648698 46869766
135 3 3 2612284552 46857015
135 3 4 2647064029 46867456
136 3 1 2710768093 48004187
136 3 2 2653510890 47732421
136 3 3 2670790287 47721882
136 3 4 2698937819 47726612
137 3 1 2772399147 49013256
137 3 2 2710367634 48747112
137 3 3 2729597427 48749651
137 3 4 2761939667 48747722
138 3 1 2827055538 50085106
138 3 2 2770380097 49820671
138 3 3 2786377388 49824071
138 3 4 2823515410 49837962
139 3 1 2894025401 51641667
139 3 2 2828275999 51347670
139 3 3 2846237588 51345160
139 3 4 2884197865 51347920
140 3 1 2951390235 52343809
140 3 2 2888015657 52077333
140 3 3 2905882645 52055053
140 3 4 2942655048 52059394
141 3 1 3013940155 53679004
141 3 2 2949466117 53422160
141 3 3 2966292074 53381108
141 3 4 3006461743 53391539
142 3 1 3080618283 54628752
142 3 2 3011585418 54272605
142 3 3 3028976667 54286636
142 3 4 3067665107 54257285
143 3 1 3142583733 55767934
143 3 2 3070737895 55465018
143 3 3 3092288001 55504468
143 3 4 3133300567 55497499
144 3 1 3209505786 60887451
144 3 2 3138120696 60599175
144 3 3 3155051097 60598035
144 3 4 3197518017 60634415
145 3 1 3272485204 58122047
145 3 2 3200909512 57826383
145 3 3 3223138430 57844634
145 3 4 3262384291 57881603
146 3 1 3343144527 59368341
146 3 2 3262875221 59014585
146 3 3 3282939029 59016654
146 3 4 3325396511 59031306
147 3 1 3408819737 60547363
147 3 2 3328065371 60467852
147 3 3 3351207397 60237808
147 3 4 3397189766 60247948
148 3 1 3474193700 62053432
148 3 2 3400564538 61736666
148 3 3 3420816881 61734726
148 3 4 3464136328 61742507
149 3 1 3544176051 63271266
149 3 2 3463884473 62966089
149 3 3 3489734580 62965910
149 3 4 3533183172 62958380
150 3 1 3613731253 64605420
150 3 2 3532554219 64204703
150 3 3 3562025005 64225732
150 3 4 3601343058 64241964
151 3 1 3688079196 66090659
151 3 2 3600661384 65757572
151 3 3 3630063799 65744852
151 3 4 3673284125 65736242
152 3 1 3759379612 67249310
152 3 2 3675324562 66886974
152 3 3 3704104046 66904574
152 3 4 3746940515 66927035
153 3 1 3832926339 69170047
153 3 2 3749473402 68843740
153 3 3 3775764228 68808860
153 3 4 3823673383 68833321
154 3 1 3907189220 69854330
154 3 2 3816369894 69485552
154 3 3 3843617868 69493193
154 3 4 3897930313 69486053
155 3 1 3979958573 71234866
155 3 2 3892845137 70857379
155 3 3 3914062566 70850509
155 3 4 3969556674 70859138
156 3 1 4053578561 72827785
156 3 2 3968197728 72466029
156 3 3 3996615375 72463098
156 3 4 4048016665 72480639
157 3 1 4132597312 74285574
157 3 2 4039895911 73917546
157 3 3 4068794506 73974507
157 3 4 4125231001 73894576
158 3 1 4226588446 77104277
158 3 2 4127740918 76743689
158 3 3 4156654255 76724419
158 3 4 4212577302 76739150
159 3 1 4293773943 76987333
159 3 2 4193665001 76620227
159 3 3 4223354622 76639828
159 3 4 4276448783 76658077
160 3 1 4372993687 83098160
160 3 2 4272737663 82715861
160 3 3 4302127608 82721412
160 3 4 4361515839 82716013
161 3 1 4452503657 82660021
161 3 2 4352453067 79780647
161 3 3 4387529399 82068171
161 3 4 4443978754 82087090
162 3 1 4545013943 87038724
162 3 2 4434896822 87051343
162 3 3 4461532025 87028364
162 3 4 4521179621 87083934
163 3 1 4619106740 87396551
163 3 2 4513023026 87409070
163 3 3 4544538251 87395371
163 3 4 4606188294 87370450
164 3 1 4703979250 86737808
164 3 2 4591946685 86737617
164 3 3 4629740627 86729268
164 3 4 4687443948 86747348
165 3 1 4790697937 88670514
165 3 2 4677827055 88633814
165 3 3 4709919970 88633945
165 3 4 4783990348 88716475
166 3 1 4879395790 90400958
166 3 2 4769708448 90344126
166 3 3 4796313930 90306196
166 3 4 4860275297 90308765
167 3 1 4959453251 92656390
167 3 2 4851587103 92617778
167 3 3 4882412875 92629570
167 3 4 4948150135 92647189
168 3 1 5049693372 94097687
168 3 2 4941165043 94048167
168 3 3 4971980933 94119457
168 3 4 5035444312 94029656
169 3 1 5199948218 102297501
169 3 2 5081069653 102318912
169 3 3 5112364183 102276872
169 3 4 5188464209 102279031
170 3 1 5298560789 97521711
170 3 2 5173741121 97529611
170 3 3 5210741679 97719776
170 3 4 5273185478 97499731
171 3 1 5388686778 98822976
171 3 2 5264708077 98790536
171 3 3 5303378056 98777125
171 3 4 5368287882 98787096
172 3 1 5476853001 103557435
172 3 2 5349499676 103576946
172 3 3 5381141233 103559915
172 3 4 5461533540 103608266
173 3 1 5569013710 101731471
173 3 2 5444592810 101732211
173 3 3 5488697392 101704580
173 3 4 5553231860 101738541
174 3 1 5668038327 103661028
174 3 2 5535316581 103648287
174 3 3 5570804411 103698888
174 3 4 5641456925 103664158
175 3 1 5768144676 106330088
175 3 2 5636742595 106281327
175 3 3 5669175677 106352188
175 3 4 5751742345 106321988
176 3 1 5860986329 108552479
176 3 2 5721642183 108497067
176 3 3 5766898811 108567989
176 3 4 5839378685 108501818
177 3 1 5954492178 110624459
177 3 2 5816487375 110601598
177 3 3 5855665482 110638459
177 3 4 5925466737 110573998
178 3 1 6051807979 110638900
178 3 2 5907971875 110616290
178 3 3 5963726220 110609740
178 3 4 6033292130 110590270
179 3 1 6153925679 113527715
179 3 2 6015120597 113526785
179 3 3 6050548864 113495066
179 3 4 6136444839 113478605
180 3 1 6257303574 114878831
180 3 2 6117640722 114914423
180 3 3 6160332156 114911264
180 3 4 6239789561 114858792
181 3 1 6360068376 117159355
181 3 2 6217857836 117122676
181 3 3 6249447452 117145506
181 3 4 6337407587 117168657
182 3 1 6465536898 118516453
182 3 2 6310590139 118553614
182 3 3 6361800280 118504443
182 3 4 6442696784 118520714
183 3 1 6571773285 121409338
183 3 2 6424942635 121212984
183 3 3 6466156650 121191545
183 3 4 6544420846 121060132
184 3 1 6676209417 126797399
184 3 2 6528181542 126813019
184 3 3 6566229760 126825180
184 3 4 6654526562 126770821
185 3 1 6780801402 125267012
185 3 2 6627181772 125322565
185 3 3 6674439480 125481218
185 3 4 6761803596 125476677
186 3 1 6888594747 127163959
186 3 2 6734349342 127147159
186 3 3 6777011906 127235761
186 3 4 6862558979 127287463
187 3 1 7000523548 128741080
187 3 2 6836782595 128570887
187 3 3 6886075042 128689829
187 3 4 6970604345 128545137
188 3 1 7113645741 132162235
188 3 2 6950163790 132197596
188 3 3 6987640766 132156796
188 3 4 7086563579 132260138
189 3 1 7223457081 133963150
189 3 2 7061018357 133947490
189 3 3 7107520233 133813688
189 3 4 7204588880 134023722
190 3 1 7337523720 136890126
190 3 2 7174172258 137178682
190 3 3 7212036771 136892827
190 3 4 7318283221 136892367
191 3 1 7458225303 147823831
191 3 2 7291790150 147742570
191 3 3 7337426229 147746471
191 3 4 7434464019 147691430
192 3 1 7562842123 139837033
192 3 2 7396024443 139801193
192 3 3 7445425772 139764693
192 3 4 7540342411 139773643
193 3 1 7687862185 144826588
193 3 2 7509725519 144830379
193 3 3 7557349346 144882449
193 3 4 7660581201 144834979
194 3 1 7802567952 146845757
194 3 2 7624271732 146772006
194 3 3 7680417478 146773866
194 3 4 7772692030 146753715
195 3 1 7920880647 145558384
195 3 2 7741406993 145870110
195 3 3 7790061728 145599395
195 3 4 7889418632 145513674
196 3 1 8033623396 148559451
196 3 2 7854902655 148564532
196 3 3 7904290053 148564402
196 3 4 8008813383 148511361
197 3 1 8166969520 153088607
197 3 2 7979781657 153109007
197 3 3 8027174448 153154138
197 3 4 8131859693 153124438
198 3 1 8284569326 154578916
198 3 2 8103275164 154547015
198 3 3 8151072332 154548996
198 3 4 8253639988 154617898
199 3 1 8405019796 161160100
199 3 2 8212524851 161215662
199 3 3 8274772381 161203812
199 3 4 8377481509 161161591
200 3 1 8536279578 173219908
200 3 2 8343551978 173246468
200 3 3 8399531479 173152256
200 3 4 8501412442 173144246
201 3 1 8668971736 159804727
201 3 2 8465577993 159813797
201 3 3 8520768620 159788656
201 3 4 8624028237 159794977
202 3 1 8800951498 163379624
202 3 2 8594336334 163417685
202 3 3 8654839940 163410355
202 3 4 8763363367 163428605
203 3 1 8924107953 166392513
203 3 2 8717831914 166431432
203 3 3 8776497705 166330561
203 3 4 8886987720 166320091
204 3 1 9056139124 167950312
204 3 2 8844040615 167953932
204 3 3 8900559217 167917831
204 3 4 9018911947 167925972
205 3 1 9177549305 170483710
205 3 2 8976850909 170421990
205 3 3 9031789809 170470241
205 3 4 9147584043 170422010
206 3 1 9310862059 172606681
206 3 2 9099726324 172272996
206 3 3 9165708982 172285186
206 3 4 9288217351 172320096
207 3 1 9454599906 174723621
207 3 2 9236996729 174786782
207 3 3 9293319656 174698081
207 3 4 9408313265 174703041
208 3 1 9584454002 179002573
208 3 2 9359011955 178915671
208 3 3 9427255616 178923051
208 3 4 9551402937 178935732
209 3 1 9728505833 180315608
209 3 2 9506000001 180168295
209 3 3 9570075053 180188835
209 3 4 9694507799 180285658
210 3 1 9865359088 182873077
210 3 2 9637182688 182912057
210 3 3 9699266752 182914578
210 3 4 9825689066 182956188
211 3 1 9995204810 185639299
211 3 2 9771703607 185601208
211 3 3 9841566927 185650609
211 3 4 9973587366 185605679
212 3 1 10138952312 187504364
212 3 2 9914351467 187252260
212 3 3 9985137215 187297581
212 3 4 10108407359 187345112
213 3 1 10400847433 195239900
213 3 2 10162010411 195207800
213 3 3 10243072301 195144120
213 3 4 10360047007 195287343
214 3 1 10545726076 193732503
214 3 2 10303023189 193723183
214 3 3 10376768371 193713732
214 3 4 10514184062 193747484
215 3 1 10692057263 198322640
215 3 2 10441857324 198343610
215 3 3 10523577367 198318420
215 3 4 10652887514 198344920
216 3 1 10828696238 197621087
216 3 2 10600511171 197738639
216 3 3 10664041833 197666487
216 3 4 10795551551 198027565
217 3 1 10985433689 201189794
217 3 2 10737527563 201186834
217 3 3 10813639899 201187444
217 3 4 10949632303 201124173
218 3 1 11137626134 204116070
218 3 2 10884886405 204093590
218 3 3 10956216162 204135310
218 3 4 11101423579 204146091
219 3 1 11283810025 206836321
219 3 2 11030272080 207056165
219 3 3 11101167849 206865001
219 3 4 11249406293 206790541
220 3 1 11437336713 210108834
220 3 2 11181498664 210227776
220 3 3 11253374051 210105063
220 3 4 11408249009 209856449
221 3 1 11607868150 218956370
221 3 2 11342052962 219005081
221 3 3 11422304996 218966350
221 3 4 11561489940 218975681
222 3 1 11740238978 216747299
222 3 2 11483016182 216711747
222 3 3 11554457140 216735429
222 3 4 11701501791 216688958
223 3 1 11899383658 218092515
223 3 2 11628738840 217966702
223 3 3 11713882986 217953351
223 3 4 11865608625 218018204
224 3 1 12054850590 221497169
224 3 2 11790632551 221502219
224 3 3 11862245143 221470879
224 3 4 12018186681 221524999
225 3 1 12211887090 223549678
225 3 2 11943700825 223559298
225 3 3 12031415120 223575868
225 3 4 12175539156 223572328
226 3 1 12374600035 227149136
226 3 2 12086089040 227058395
226 3 3 12180775433 227128435
226 3 4 12332775258 227307029
227 3 1 12541549610 236268377
227 3 2 12266474866 236327089
227 3 3 12340821198 236339919
227 3 4 12503934720 236367780
228 3 1 12704486999 234012505
228 3 2 12416746525 233997464
228 3 3 12489451177 234268081
228 3 4 12664818110 234048727
229 3 1 12873966840 246423618
229 3 2 12580218313 245973501
229 3 3 12654730407 246027992
229 3 4 12825994924 246010312
230 3 1 13030103439 239000859
230 3 2 12731433959 238955959
230 3 3 12811468517 238937458
230 3 4 12989354239 239016970
231 3 1 13202995714 269199478
231 3 2 12898273298 269593766
231 3 3 12977199345 269683710
231 3 4 13144042172 269563597
232 3 1 13370560426 245424227
232 3 2 13061455497 245449485
232 3 3 13148341164 245381131
232 3 4 13320610349 245424679
233 3 1 13540546921 249044497
233 3 2 13223011972 248848651
233 3 3 13316100587 248318517
233 3 4 13492414284 248572170
234 3 1 13705253871 252055715
234 3 2 13394053206 251973842
234 3 3 13494066991 252060411
234 3 4 13664943326 251995978
235 3 1 13891411946 256292208
235 3 2 13581171370 256205454
235 3 3 13666436238 256123841
235 3 4 13827725153 256112498
236 3 1 14061660500 259839108
236 3 2 13737036747 260081101
236 3 3 13828643343 260208791
236 3 4 14006584501 260109967
237 3 1 14241692022 263268036
237 3 2 13912620361 263474418
237 3 3 13992680112 263355735
237 3 4 14180522303 263439274
238 3 1 14417818398 270509808
238 3 2 14089344716 270497555
238 3 3 14186770544 270565876
238 3 4 14360634280 270463032
239 3 1 14595473300 267983683
239 3 2 14272212223 268038682
239 3 3 14364867884 267952550
239 3 4 14548415549 267986700
240 3 1 14770598360 275524252
240 3 2 14427574989 275839257
240 3 3 14528077214 275902165
240 3 4 14720486622 275835663
241 3 1 14956397786 280462400
241 3 2 14617547058 280406938
241 3 3 14710939163 280606120
241 3 4 14894987873 280420736
242 3 1 15134927246 286391628
242 3 2 14793930429 286370147
242 3 3 14893740229 286483308
242 3 4 15087927115 286423316
243 3 1 15373095960 289734948
243 3 2 15018750790 289758727
243 3 3 15120440279 289715675
243 3 4 15318427270 289748915
244 3 1 15506093573 287815146
244 3 2 15153219781 287722264
244 3 3 15286860881 287737584
244 3 4 15452213945 288092380
245 3 1 15699752848 292322339
245 3 2 15347838322 292189605
245 3 3 15443400943 292408169
245 3 4 15638892851 292729964
246 3 1 15889883130 305783622
246 3 2 15528743908 305915523
246 3 3 15636009905 305827500
246 3 4 15829841892 305880431
247 3 1 16075941282 297465341
247 3 2 15724832257 296989312
247 3 3 15820602898 297414529
247 3 4 16012335108 297530480
248 3 1 16271297492 312396791
248 3 2 15903461638 312545523
248 3 3 16012719067 312428941
248 3 4 16207914914 312327888
249 3 1 16473586697 305683800
249 3 2 16090275725 306017517
249 3 3 16206829404 305617478
249 3 4 16391540145 305675910
250 3 1 16668615485 307398112
250 3 2 16286071754 307391121
250 3 3 16398652640 307365991
250 3 4 16601294622 307364320
251 3 1 16879198219 316862609
251 3 2 16488854696 316796938
251 3 3 16596315487 316752006
251 3 4 16811829092 316768536
252 3 1 17050383055 313904251
252 3 2 16673452359 313874280
252 3 3 16786872176 313894341
252 3 4 16999478889 314091254
253 3 1 17259993899 318531598
253 3 2 16853646771 318282322
253 3 3 16990447581 318263891
253 3 4 17196335068 318200481
254 3 1 17468471939 323050412
254 3 2 17074471708 322694554
254 3 3 17181133948 322888648
254 3 4 17407631068 322800385
255 3 1 17685484948 328449482
255 3 2 17289717557 328397231
255 3 3 17407677294 328388220
255 3 4 17627343543 328393621
256 3 1 17889259432 740304610
256 3 2 17457581354 740579535
256 3 3 17598719641 740221857
256 3 4 17810937560 740150014
257 3 1 18085556930 332963986
257 3 2 17672609771 332989556
257 3 3 17789339614 332472176
257 3 4 18021832490 333247161
258 3 1 18285593016 372614754
258 3 2 17867378988 372552663
258 3 3 17990977945 372631354
258 3 4 18214755565 372650245
259 3 1 18514658044 341626738
259 3 2 18088281136 341573477
259 3 3 18212510415 341661628
259 3 4 18450673618 341588436
260 3 1 18713669040 344856708
260 3 2 18279001084 344796147
260 3 3 18394562911 344816637
260 3 4 18652306495 344811928
261 3 1 18939760961 355481418
261 3 2 18507252629 355515949
261 3 3 18619662376 355540810
261 3 4 18880727353 355620321
262 3 1 19144499912 400067320
262 3 2 18712769336 400028100
262 3 3 18830937213 400060410
262 3 4 19074653459 400177251
263 3 1 19358967094 363419926
263 3 2 18921875593 363423376
263 3 3 19051623551 363363485
263 3 4 19301201503 363367175
264 3 1 19592826201 370948638
264 3 2 19147427883 370909598
264 3 3 19269346034 370755645
264 3 4 19523194747 370866527
265 3 1 19803833996 365324851
265 3 2 19355343271 365394044
265 3 3 19482847388 365472765
265 3 4 19749519212 365490256
266 3 1 20018418900 369579142
266 3 2 19565495411 369652735
266 3 3 19700346067 369621204
266 3 4 19952607971 369182384
267 3 1 20255310677 374091488
267 3 2 19783807078 374151019
267 3 3 19916801239 373847082
267 3 4 20170166854 374050046
268 3 1 20709768266 377783177
268 3 2 20229479212 377842998
268 3 3 20375165351 377776217
268 3 4 20640427931 377846658
269 3 1 20932342423 381200031
269 3 2 20452167461 381828604
269 3 3 20601444430 381802693
269 3 4 20858511155 381832283
270 3 1 21168004661 386107985
270 3 2 20666873822 386073283
270 3 3 20823896887 386185985
270 3 4 21079664697 386174635
271 3 1 21400207572 393556304
271 3 2 20909355438 393516295
271 3 3 21057839262 393538864
271 3 4 21310495824 393208848
272 3 1 21632263671 400459006
272 3 2 21134214212 400515696
272 3 3 21289899632 399760491
272 3 4 21541934241 400448855
273 3 1 21870855924 409727260
273 3 2 21359686360 410207049
273 3 3 21510340723 409590368
273 3 4 21768860616 409818402
274 3 1 22102853184 408187261
274 3 2 21592348450 408194241
274 3 3 21750301913 408400055
274 3 4 22026168054 408217851
275 3 1 22330206556 412884551
275 3 2 21833210948 413277927
275 3 3 21981197582 413309307
275 3 4 22248826938 413263147
276 3 1 22570862340 411903111
276 3 2 22065109866 411952112
276 3 3 22212895176 411922992
276 3 4 22504873902 411915611
277 3 1 22816036690 417212711
277 3 2 22297103026 417170690
277 3 3 22455411107 417687081
277 3 4 22747524285 417382665
278 3 1 23061065567 423616753
278 3 2 22531268068 423577062
278 3 3 22683633766 423898548
278 3 4 22971866300 423650312
279 3 1 23307835756 435878285
279 3 2 22779716330 435489677
279 3 3 22937442030 435554278
279 3 4 23205799868 435755712
280 3 1 23541022922 430681235
280 3 2 23017031272 430690946
280 3 3 23167133138 430778887
280 3 4 23446698258 430576683
281 3 1 23792415548 444384775
281 3 2 23259346658 444207520
281 3 3 23433414925 444540717
281 3 4 23721738193 444195940
282 3 1 24047604977 441907748
282 3 2 23495642040 441939689
282 3 3 23670865181 441918468
282 3 4 23966270480 441975379
283 3 1 24317564177 446195889
283 3 2 23767427424 446249860
283 3 3 23909208202 446153958
283 3 4 24209042096 446236280
284 3 1 24554047713 453205781
284 3 2 23996063302 452826504
284 3 3 24175541534 452973737
284 3 4 24472408780 452921225
285 3 1 24807279076 460774194
285 3 2 24235800501 460378337
285 3 3 24420922377 460346506
285 3 4 24708175666 460332011
286 3 1 25070737520 467055380
286 3 2 24493971299 467153431
286 3 3 24658202170 467231851
286 3 4 24978646952 467076828
287 3 1 25324707259 464404815
287 3 2 24759200454 464653021
287 3 3 24912116975 464508359
287 3 4 25246945533 464567231
288 3 1 25573199290 470754813
288 3 2 24987695490 470632892
288 3 3 25172755662 470767857
288 3 4 25494120067 470759220
289 3 1 25841684021 473652099
289 3 2 25262102914 473700233
289 3 3 25435177815 473888651
289 3 4 25765319715 473644000
290 3 1 26128696110 493719510
290 3 2 25543589408 493964699
290 3 3 25694111723 493694918
290 3 4 26023355218 493787155
291 3 1 26376614268 483254029
291 3 2 25782486279 483321024
291 3 3 25944031750 482613677
291 3 4 26286878769 483352867
292 3 1 26631180350 488026492
292 3 2 26040732868 488243913
292 3 3 26210698413 488242619
292 3 4 26552201777 488522531
293 3 1 26917642870 494482192
293 3 2 26308038385 494573490
293 3 3 26466947420 494579878
293 3 4 26806908417 494490743
294 3 1 27189333288 511810011
294 3 2 26558188495 511421091
294 3 3 26749684457 511467999
294 3 4 27104865845 511479637
295 3 1 27460050075 621830319
295 3 2 26840769546 621915768
295 3 3 27018854662 621906486
295 3 4 27376460603 621799261
296 3 1 27750362866 523614068
296 3 2 27115017602 523811680
296 3 3 27280842291 523778718
296 3 4 27659871565 523908449
297 3 1 28053187033 514336725
297 3 2 27439555868 514015587
297 3 3 27610092552 514022626
297 3 4 27901787963 514301519
298 3 1 28332526263 519341205
298 3 2 27697369369 519347724
298 3 3 27890602086 519167369
298 3 4 28189788932 519345212
299 3 1 28698829721 550001134
299 3 2 28058684869 549779649
299 3 3 28241140890 549926730
299 3 4 28556337549 549789516
300 3 1 28902591798 530014550
300 3 2 28252410689 530071971
300 3 3 28436464400 530112720
300 3 4 28753053601 530120979
301 3 1 29184670491 557186034
301 3 2 28530958829 557281054
301 3 3 28722472717 558183991
301 3 4 29037406872 558097019
302 3 1 29466385037 543444010
302 3 2 28809231838 542978471
302 3 3 29004462902 543003280
302 3 4 29329287860 542967390
303 3 1 29760133785 547036327
303 3 2 29087562559 547193929
303 3 3 29294454189 547489854
303 3 4 29609198621 547203478
304 3 1 30058047821 554882374
304 3 2 29375497577 554795794
304 3 3 29584186505 553898826
304 3 4 29902844801 554735359
305 3 1 30355283013 576110397
305 3 2 29664540158 576140035
305 3 3 29868581327 576482207
305 3 4 30197480457 576069156
306 3 1 30645256961 565483934
306 3 2 29942312837 565329206
306 3 3 30146169570 565386592
306 3 4 30478353985 565499851
307 3 1 30935246000 568282508
307 3 2 30237326512 568183340
307 3 3 30457616884 568238436
307 3 4 30766767121 568200958
308 3 1 31238132378 578350254
308 3 2 30522456815 578944919
308 3 3 30745948906 578821469
308 3 4 31078527498 578390305
309 3 1 31539614579 583898332
309 3 2 30821853939 583645100
309 3 3 31025990791 583978629
309 3 4 31377886678 583475922
310 3 1 31842078403 585895881
310 3 2 31141082604 586149878
310 3 3 31342256375 585838533
310 3 4 31680996877 585887657
311 3 1 32335179153 620857160
311 3 2 31601032794 621650627
311 3 3 31818459408 621935854
311 3 4 32172090206 621647190
312 3 1 32458279879 628128694
312 3 2 31733302220 628073054
312 3 3 31949053255 628119747
312 3 4 32300614228 628032337
313 3 1 32766428502 611505635
313 3 2 32039987034 611422615
313 3 3 32254827747 611316444
313 3 4 32610093489 611243464
314 3 1 33067487482 612897375
314 3 2 32325468770 612931397
314 3 3 32520684832 611694875
314 3 4 32902479426 612843077
315 3 1 33380597774 630055984
315 3 2 32617492559 630124266
315 3 3 32848393466 630130776
315 3 4 33225864201 629998215
316 3 1 33703888529 619347883
316 3 2 32925403371 619397335
316 3 3 33157998745 619313524
316 3 4 33520987447 619043960
317 3 1 34011647412 625715616
317 3 2 33260678105 625792858
317 3 3 33469646657 625993752
317 3 4 33843371899 625779149
318 3 1 34325032136 733898497
318 3 2 33535706868 733922699
318 3 3 33792312316 734104703
318 3 4 34152469518 733977630
319 3 1 34659585644 643408644
319 3 2 33866982376 644350713
319 3 3 34103807497 644670029
319 3 4 34477418022 644277671
320 3 1 34982914719 646838663
320 3 2 34186958627 646775527
320 3 3 34439639999 646774331
320 3 4 34792431988 646471175
321 3 1 35301925089 660748025
321 3 2 34504841181 660685002
321 3 3 34738503871 660678097
321 3 4 35106730194 660631740
322 3 1 35607891140 663162269
322 3 2 34804430185 663226091
322 3 3 35050756251 662882975
322 3 4 35442651034 663231100
323 3 1 35951744166 660781522
323 3 2 35137630024 660885789
323 3 3 35352536495 660861055
323 3 4 35777328462 660856698
324 3 1 36300522098 668847280
324 3 2 35481690589 668857412
324 3 3 35696327210 668209571
324 3 4 36102197894 669163080
325 3 1 36615941117 679927632
325 3 2 35792874132 681011221
325 3 3 36023534917 679904210
325 3 4 36417279196 681104590
326 3 1 36956513069 683035794
326 3 2 36117786574 683192044
326 3 3 36350447253 683541707
326 3 4 36766773994 683180897
327 3 1 37289719910 688665795
327 3 2 36441124791 688589829
327 3 3 36705490947 688478262
327 3 4 37099216984 688659600
328 3 1 37638512543 693773691
328 3 2 36776907653 693762734
328 3 3 37014651687 693780490
328 3 4 37429747701 693881835
329 3 1 37969573991 699887822
329 3 2 37105135753 699624838
329 3 3 37356344293 699671453
329 3 4 37777609583 699592924
330 3 1 38298776565 709329890
330 3 2 37443403360 709333412
330 3 3 37664837645 709254482
330 3 4 38113700923 709783154
331 3 1 38644575260 720217603
331 3 2 37780234273 718736976
331 3 3 38044763922 720382930
331 3 4 38456629899 720048796
332 3 1 39013028934 729102827
332 3 2 38138888441 729028177
332 3 3 38371383817 729366673
332 3 4 38809985020 729322335
333 3 1 39343846903 726103024
333 3 2 38460105386 726166958
333 3 3 38661483999 726063716
333 3 4 39146667055 726178430
334 3 1 39692440483 734405003
334 3 2 38810549915 734607761
334 3 3 39070279799 734933175
334 3 4 39494987734 734911833
335 3 1 40063476119 745934285
335 3 2 39151590263 746583166
335 3 3 39414883440 745867528
335 3 4 39851587025 746073446
336 3 1 40410521812 754470203
336 3 2 39517427282 754661583
336 3 3 39782052883 754440585
336 3 4 40205890597 753039376
337 3 1 40780469989 783065129
337 3 2 39862566302 783165840
337 3 3 40125031387 781659652
337 3 4 40562774003 783089801
338 3 1 41582961322 760227096
338 3 2 40664104911 760196838
338 3 3 40940929096 760624890
338 3 4 41395685026 760162704
339 3 1 41968460228 779769561
339 3 2 41018995881 779922119
339 3 3 41303136677 779849362
339 3 4 41749235077 779954969
340 3 1 42327762014 809586708
340 3 2 41370638298 809583924
340 3 3 41636714781 808477099
340 3 4 42106027034 808479425
341 3 1 42685174008 803440256
341 3 2 41704805742 803301971
341 3 3 42008949149 801979923
341 3 4 42475501703 803362686
342 3 1 43060634393 791572550
342 3 2 42101785322 791461307
342 3 3 42383358289 791744159
342 3 4 42846704434 791631955
343 3 1 43447015352 826026555
343 3 2 42442662753 824239180
343 3 3 42741646956 826112274
343 3 4 43206683459 825807246
344 3 1 43801737419 812055395
344 3 2 42815833229 812095195
344 3 3 43115383464 811996522
344 3 4 43567110742 812007901
345 3 1 44185143222 849422648
345 3 2 43147198241 849952488
345 3 3 43491942595 849201903
345 3 4 43956493138 849091969
346 3 1 44517985856 813534422
346 3 2 43551666834 813361812
346 3 3 43836758099 813509148
346 3 4 44285629162 813482401
347 3 1 44915603643 831013934
347 3 2 43923263316 831438035
347 3 3 44208255662 830055712
347 3 4 44669750226 831366178
348 3 1 45315957321 838019274
348 3 2 44312386464 838067828
348 3 3 44593022038 836601191
348 3 4 45081912260 837920737
349 3 1 45690971368 836099854
349 3 2 44690278002 836235778
349 3 3 44988635968 836478513
349 3 4 45462518407 836086387
350 3 1 46083355280 842049840
350 3 2 45058234176 841999480
350 3 3 45368933150 841843578
350 3 4 45862791742 842079313
351 3 1 46464652303 861042103
351 3 2 45405286135 861146156
351 3 3 45733829976 859227199
351 3 4 46221951719 860966933
352 3 1 46885324202 871460382
352 3 2 45815508675 872128685
352 3 3 46134719910 871287670
352 3 4 46636911571 871281790
353 3 1 47258428298 878584148
353 3 2 46211316343 878873084
353 3 3 46496031879 879110238
353 3 4 47006824157 878943845
354 3 1 47650330075 921402348
354 3 2 46579955082 921597173
354 3 3 46892789357 921552022
354 3 4 47397885265 921558942
355 3 1 48143191224 940126054
355 3 2 47046987778 940255406
355 3 3 47369133817 940122614
355 3 4 47863102380 940640603
356 3 1 48449212678 949049023
356 3 2 47369505471 948993442
356 3 3 47666013282 948769327
356 3 4 48197678683 948816397
357 3 1 48834408819 937931825
357 3 2 47700357138 937638666
357 3 3 48065451777 937620902
357 3 4 48583785954 937801692
358 3 1 49248388044 947026354
358 3 2 48161558216 948509109
358 3 3 48483091187 948437514
358 3 4 48993977726 948526404
359 3 1 49725796084 959010600
359 3 2 48615211325 957997509
359 3 3 48938924478 958677670
359 3 4 49457371936 957638158
360 3 1 50070089372 915801095
360 3 2 48953690746 915607600
360 3 3 49221903385 918117917
360 3 4 49812515753 915718990
361 3 1 50489063591 953552426
361 3 2 49351887800 953453622
361 3 3 49704687011 953928520
361 3 4 50215145899 953453541
362 3 1 50877297950 943437421
362 3 2 49757344244 942201737
362 3 3 50086030851 943437940
362 3 4 50585576696 943472800
363 3 1 51294151976 962377096
363 3 2 50156844256 962295834
363 3 3 50474254128 962285524
363 3 4 51026001288 962737832
364 3 1 51715774449 948499042
364 3 2 50545665027 947803469
364 3 3 50900838252 947795450
364 3 4 51423383294 947802660
365 3 1 52130019289 953999476
365 3 2 50947407978 953808762
365 3 3 51315098873 953987026
365 3 4 51865689409 954276551
366 3 1 52551191105 962717870
366 3 2 51381525637 962392584
366 3 3 51728631926 962605967
366 3 4 52278821945 961554425
367 3 1 53033406072 978342370
367 3 2 51868589851 977977842
367 3 3 52180313915 977869748
367 3 4 52753470735 977999391
368 3 1 53428411442 980048870
368 3 2 52211116714 979794017
368 3 3 52560767877 979494233
368 3 4 53145277169 979693160
369 3 1 53841092670 986211448
369 3 2 52623647743 986117981
369 3 3 52946726795 986578674
369 3 4 53577760602 986171672
370 3 1 54211034062 994295392
370 3 2 53049873295 994174736
370 3 3 53387633445 994099442
370 3 4 53971112958 994312282
371 3 1 54700352398 1003435562
371 3 2 53466285534 1002644885
371 3 3 53833146593 1002599812
371 3 4 54416915114 1002937766
372 3 1 55151494942 1093150244
372 3 2 53900681659 1091437670
372 3 3 54252263129 1093638000
372 3 4 54866791958 1093462315
373 3 1 55583947015 1020292047
373 3 2 54348043193 1021957088
373 3 3 54706988108 1021962297
373 3 4 55304940754 1020016529
374 3 1 56000890572 1069981755
374 3 2 54749200777 1069847032
374 3 3 55143005719 1069954503
374 3 4 55671553008 1069878112
375 3 1 56463480516 1068245201
375 3 2 55168247533 1066736011
375 3 3 55552888824 1066473346
375 3 4 56166991881 1068432782
376 3 1 56954971858 1095230640
376 3 2 55693607103 1096085933
376 3 3 56074022500 1096042141
376 3 4 56661310974 1096180094
377 3 1 57357808318 1071028296
377 3 2 56077439561 1070510869
377 3 3 56444460224 1070928301
377 3 4 57043641269 1070958284
378 3 1 58031656236 1120878267
378 3 2 56718914159 1120543125
378 3 3 57105197604 1120588501
378 3 4 57699363085 1120437544
379 3 1 58310323734 1078358721
379 3 2 56963140910 1080475989
379 3 3 57373468635 1079917365
379 3 4 58021915081 1080921082
380 3 1 58723006438 1076449405
380 3 2 57393932464 1076729908
380 3 3 57783777745 1074585635
380 3 4 58382269041 1076208114
381 3 1 59171810025 1122829828
381 3 2 57828626467 1122883297
381 3 3 58240721744 1122934726
381 3 4 58859701240 1122720671
382 3 1 59639484826 1120618011
382 3 2 58302457676 1122245321
382 3 3 58651062092 1122189409
382 3 4 59318465024 1122040276
383 3 1 60080655436 1187550407
383 3 2 58710598450 1187901203
383 3 3 59111663925 1187897112
383 3 4 59746931700 1187433163
384 3 1 60561938474 1112947121
384 3 2 59143600317 1112837338
384 3 3 59600505496 1113449590
384 3 4 60249351490 1112997101
385 3 1 61123545391 1213598196
385 3 2 59763664499 1213192229
385 3 3 60140084583 1213399103
385 3 4 60756651597 1213985053
386 3 1 61496664801 1205823529
386 3 2 60115852541 1205597145
386 3 3 60514919414 1205692086
386 3 4 61172531070 1205530532
387 3 1 61971849209 1159282787
387 3 2 60561123514 1159089052
387 3 3 61003146866 1159405310
387 3 4 61649419406 1159182844
388 3 1 62437026348 1155822610
388 3 2 61026925006 1155616258
388 3 3 61445493844 1155133887
388 3 4 62131113763 1155976924
389 3 1 62903000447 1183439613
389 3 2 61506081678 1182851782
389 3 3 61909049350 1182798542
389 3 4 62581640114 1181108951
390 3 1 63401740681 1168294917
390 3 2 61977425161 1168593332
390 3 3 62389922207 1168074243
390 3 4 63075152601 1168106873
391 3 1 63936008660 1210678520
391 3 2 62491768557 1210875213
391 3 3 62919805884 1211304662
391 3 4 63554861058 1209242742
392 3 1 64345316984 1190617079
392 3 2 62877461581 1191022307
392 3 3 63261589799 1190481588
392 3 4 64011451240 1190921121
393 3 1 64867045195 1192857205
393 3 2 63380535834 1192145158
393 3 3 63817957691 1192330481
393 3 4 64519156282 1192750542
394 3 1 65347463482 1208192975
394 3 2 63889811072 1209060290
394 3 3 64328514742 1210036367
394 3 4 64982533928 1209704153
395 3 1 65818729038 1244064841
395 3 2 64340195619 1241903804
395 3 3 64778307975 1243894629
395 3 4 65491177423 1243939546
396 3 1 66327886698 1218304590
396 3 2 64808994252 1219320233
396 3 3 65263434499 1218894814
396 3 4 66000549248 1217214574
397 3 1 66869521952 1238103211
397 3 2 65317843862 1238379735
397 3 3 65796583499 1238070835
397 3 4 66539592521 1237915323
398 3 1 67325519752 1271706262
398 3 2 65807005117 1271200917
398 3 3 66241206387 1271183428
398 3 4 66980421359 1271545883
399 3 1 67825832691 1249414182
399 3 2 66269563150 1250956734
399 3 3 66730453553 1249813405
399 3 4 67452761422 1250859335
400 3 1 68389121110 1274113065
400 3 2 66846583689 1274004229
400 3 3 67316660362 1272301355
400 3 4 68062100919 1274126244
