1 2 1 39342554 72041
1 2 2 17010 7610
1 2 3 11640 5880
1 2 4 12580 5360
2 2 1 25860 8390
2 2 2 19840 5730
2 2 3 18840 7080
2 2 4 18790 9241
3 2 1 41211 7100
3 2 2 31480 5691
3 2 3 30130 5530
3 2 4 28730 5720
4 2 1 52581 6930
4 2 2 44931 5970
4 2 3 42961 5830
4 2 4 44721 5821
5 2 1 66791 6661
5 2 2 63631 6200
5 2 3 63672 6020
5 2 4 62871 6230
6 2 1 99492 7500
6 2 2 87061 6381
6 2 3 85551 6460
6 2 4 87272 6450
7 2 1 115353 7550
7 2 2 124522 7450
7 2 3 113902 6891
7 2 4 112302 7100
8 2 1 160063 8550
8 2 2 144173 7610
8 2 3 147232 7500
8 2 4 146143 7340
9 2 1 196134 9521
9 2 2 187543 8270
9 2 3 182163 8070
9 2 4 222364 8921
10 2 1 222344 10010
10 2 2 228404 9110
10 2 3 219464 8711
10 2 4 222034 8610
11 2 1 277985 10781
11 2 2 279925 9921
11 2 3 271885 9310
11 2 4 267695 9180
12 2 1 327376 11330
12 2 2 313345 10230
12 2 3 316946 10221
12 2 4 319226 10150
13 2 1 378357 12400
13 2 2 379037 11270
13 2 3 367817 10870
13 2 4 370647 11130
14 2 1 426078 13370
14 2 2 432778 11990
14 2 3 425978 11790
14 2 4 433738 11980
15 2 1 514890 14310
15 2 2 513169 13730
15 2 3 508180 12960
15 2 4 501629 12811
16 2 1 575491 15761
16 2 2 553160 13880
16 2 3 564431 13830
16 2 4 568260 25330
17 2 1 645552 17041
17 2 2 622921 14980
17 2 3 624732 15001
17 2 4 627532 15140
18 2 1 708514 17520
18 2 2 713283 16961
18 2 3 708603 16080
18 2 4 700594 16050
19 2 1 797755 18921
19 2 2 778705 17750
19 2 3 808856 18410
19 2 4 776814 17470
20 2 1 870617 21181
20 2 2 854927 20150
20 2 3 851016 19190
20 2 4 859657 19920
21 2 1 1003249 23171
21 2 2 988489 22360
21 2 3 983349 22091
21 2 4 681482 9220
22 2 1 428158 10380
22 2 2 431348 9721
22 2 3 436068 9660
22 2 4 429168 9610
23 2 1 474708 10820
23 2 2 468709 10430
23 2 3 478989 10510
23 2 4 471469 10370
24 2 1 514210 11560
24 2 2 511030 10840
24 2 3 517540 10791
24 2 4 509519 10750
25 2 1 558631 11920
25 2 2 556801 11970
25 2 3 555650 11601
25 2 4 559511 11680
26 2 1 600042 13070
26 2 2 598471 12270
26 2 3 600261 12491
26 2 4 599071 12401
27 2 1 663103 13540
27 2 2 643883 13230
27 2 3 650153 13110
27 2 4 643752 12990
28 2 1 683133 13981
28 2 2 702203 13821
28 2 3 687423 13641
28 2 4 682753 13390
29 2 1 738344 14780
29 2 2 737344 14400
29 2 3 746724 14230
29 2 4 755364 14450
30 2 1 841876 16230
30 2 2 831616 14920
30 2 3 791615 15070
30 2 4 798745 15170
31 2 1 855437 16310
31 2 2 857147 15780
31 2 3 837376 15930
31 2 4 848976 15780
32 2 1 911748 17340
32 2 2 936077 19201
32 2 3 928988 16820
32 2 4 916917 16810
33 2 1 1029229 18500
33 2 2 986869 17571
33 2 3 983029 17650
33 2 4 1000329 17710
34 2 1 1064850 19321
34 2 2 1042670 18490
34 2 3 1045899 18620
34 2 4 1043250 18911
35 2 1 1108921 20151
35 2 2 1127771 19750
35 2 3 1120791 19540
35 2 4 1121592 20080
36 2 1 1202523 20941
36 2 2 1160792 20561
36 2 3 1170002 20710
36 2 4 1165782 20360
37 2 1 1236353 22201
37 2 2 1252594 21970
37 2 3 1230543 21510
37 2 4 1240554 21191
38 2 1 1334666 23090
38 2 2 1294124 22301
38 2 3 1291965 22320
38 2 4 1299654 22710
39 2 1 1562479 24050
39 2 2 1365996 23560
39 2 3 1381436 24011
39 2 4 1394906 23560
40 2 1 1453817 25141
40 2 2 1448078 24761
40 2 3 1442838 24870
40 2 4 1463028 25030
41 2 1 1612191 26490
41 2 2 1505979 25340
41 2 3 1566239 26080
41 2 4 1575539 25880
42 2 1 1639121 27411
42 2 2 1619411 26741
42 2 3 1659252 27061
42 2 4 1615611 26751
43 2 1 1717813 28580
43 2 2 1741073 28501
43 2 3 1725832 27980
43 2 4 1744493 28031
44 2 1 1810965 29540
44 2 2 1806094 29571
44 2 3 1786834 29200
44 2 4 1787404 29371
45 2 1 1857495 30840
45 2 2 1867195 30530
45 2 3 1867015 30170
45 2 4 1900306 30501
46 2 1 1967117 32081
46 2 2 1973407 31970
46 2 3 1944717 31400
46 2 4 1952807 31731
47 2 1 2026048 33630
47 2 2 2044639 33191
47 2 3 2024019 32840
47 2 4 2036649 33071
48 2 1 2124511 35021
48 2 2 2146320 37091
48 2 3 2122910 34231
48 2 4 2128930 34531
49 2 1 2204472 36381
49 2 2 2087979 35110
49 2 3 2138870 35720
49 2 4 2061480 34700
50 2 1 2137030 37460
50 2 2 2132261 36951
50 2 3 2110519 36900
50 2 4 2128450 36730
51 2 1 2259263 38691
51 2 2 2297744 38661
51 2 3 2235422 37730
51 2 4 2188752 37821
52 2 1 2277873 39620
52 2 2 2267673 39140
52 2 3 2276682 39220
52 2 4 2280593 40021
53 2 1 2423986 41460
53 2 2 2368214 40561
53 2 3 2370715 40550
53 2 4 2370506 40331
54 2 1 2462856 42600
54 2 2 2489906 42130
54 2 3 2443936 41901
54 2 4 2443696 42391
55 2 1 2569498 44771
55 2 2 2524257 43561
55 2 3 2549139 43411
55 2 4 2520408 43761
56 2 1 2614300 45731
56 2 2 2655220 45651
56 2 3 2628780 45491
56 2 4 2626659 45311
57 2 1 2784152 47401
57 2 2 2728852 46591
57 2 3 2715391 46691
57 2 4 2734402 46881
58 2 1 2981187 49341
58 2 2 2941906 48041
58 2 3 2877034 47661
58 2 4 2930115 47900
59 2 1 2999437 50541
59 2 2 2985506 49751
59 2 3 2978567 50521
59 2 4 2992746 49791
60 2 1 3090938 52071
60 2 2 3091059 51561
60 2 3 3136859 51461
60 2 4 3071208 51661
61 2 1 3192470 53781
61 2 2 3182920 52891
61 2 3 3171419 52921
61 2 4 3213751 53031
62 2 1 3279761 55341
62 2 2 3310033 54531
62 2 3 3286342 54761
62 2 4 3296802 54831
63 2 1 3448625 57301
63 2 2 3391414 56571
63 2 3 3378874 56481
63 2 4 3389225 56591
64 2 1 3521746 58191
64 2 2 3516847 58181
64 2 3 3526007 57651
64 2 4 3476366 58101
65 2 1 3607078 60452
65 2 2 3615078 59732
65 2 3 3586958 59721
65 2 4 3581558 59611
66 2 1 3755160 62901
66 2 2 3711391 61711
66 2 3 3692540 61661
66 2 4 3704351 68912
67 2 1 3803462 63741
67 2 2 3833073 63421
67 2 3 3870683 64621
67 2 4 3833654 63301
68 2 1 3944635 66451
68 2 2 4215859 66202
68 2 3 4207700 67501
68 2 4 4197479 66161
69 2 1 4331022 68212
69 2 2 4329432 70002
69 2 3 4320662 68231
69 2 4 4346583 68232
70 2 1 4439624 70581
70 2 2 4419623 70172
70 2 3 4436954 70361
70 2 4 4446274 70462
71 2 1 4597598 72681
71 2 2 4615817 72132
71 2 3 4582727 72581
71 2 4 4606267 72201
72 2 1 4709388 75921
72 2 2 4706980 73921
72 2 3 4702609 73601
72 2 4 4691609 73762
73 2 1 4851922 76431
73 2 2 4875643 75641
73 2 3 4857612 75631
73 2 4 4860102 75401
74 2 1 4978824 78102
74 2 2 4964074 77731
74 2 3 4953164 77491
74 2 4 4985864 79822
75 2 1 5089707 79842
75 2 2 5076777 79441
75 2 3 5097756 79611
75 2 4 5098256 79542
76 2 1 5249590 81932
76 2 2 5259120 81942
76 2 3 5230229 81661
76 2 4 5222328 82081
77 2 1 5400103 84392
77 2 2 5377771 83981
77 2 3 5368282 84812
77 2 4 5342081 84122
78 2 1 5522824 87301
78 2 2 5520295 86662
78 2 3 5495614 86981
78 2 4 5494604 103092
79 2 1 5634356 88822
79 2 2 5644786 88671
79 2 3 5631207 87732
79 2 4 5646548 89062
80 2 1 5782720 90812
80 2 2 5794930 90632
80 2 3 5783819 90522
80 2 4 5784110 91232
81 2 1 5925812 92891
81 2 2 5916792 92611
81 2 3 5945142 93631
81 2 4 5895132 93742
82 2 1 6149877 95152
82 2 2 5818160 114423
82 2 3 5619587 95142
82 2 4 5641377 94462
83 2 1 5794840 99512
83 2 2 5783240 98002
83 2 3 5784529 99781
83 2 4 5780889 98122
84 2 1 5968013 101592
84 2 2 5943103 100982
84 2 3 5929412 100682
84 2 4 5937422 100841
85 2 1 6114505 105682
85 2 2 6039484 103602
85 2 3 6074656 103052
85 2 4 6108746 102872
86 2 1 6192977 107312
86 2 2 6198848 104952
86 2 3 6171117 105482
86 2 4 6190077 106702
87 2 1 6322450 113412
87 2 2 6315710 107992
87 2 3 6375591 108292
87 2 4 6324479 108092
88 2 1 6539994 110242
88 2 2 7041753 110382
88 2 3 7033743 111123
88 2 4 7011282 110152
89 2 1 7184356 114962
89 2 2 7184306 114482
89 2 3 7204497 112672
89 2 4 7166076 112402
90 2 1 7329379 114822
90 2 2 7334629 117162
90 2 3 7335328 115152
90 2 4 7307668 114682
91 2 1 7457592 118812
91 2 2 7492022 121752
91 2 3 7487812 120142
91 2 4 7474022 118892
92 2 1 7680495 121952
92 2 2 7629305 122122
92 2 3 7627695 121183
92 2 4 7660444 122392
93 2 1 7844089 124123
93 2 2 7781027 123983
93 2 3 7814358 123343
93 2 4 7887289 123342
94 2 1 7957691 127773
94 2 2 7951220 128772
94 2 3 7990822 127032
94 2 4 7959370 127422
95 2 1 8175324 127732
95 2 2 8199675 127863
95 2 3 8197316 128362
95 2 4 8156164 128712
96 2 1 8306407 133043
96 2 2 8352038 133663
96 2 3 8355259 131422
96 2 4 8358658 130283
97 2 1 8545662 133793
97 2 2 8579963 133313
97 2 3 8611403 132502
97 2 4 8606693 133753
98 2 1 8725246 136113
98 2 2 8761036 135793
98 2 3 8761696 135602
98 2 4 8798427 135903
99 2 1 8912259 140192
99 2 2 8922309 139033
99 2 3 8906939 140243
99 2 4 8891628 138252
100 2 1 9061211 140532
100 2 2 9043591 141663
100 2 3 9092122 141243
100 2 4 9066752 142652
101 2 1 9254825 143813
101 2 2 9293856 144923
101 2 3 9276396 142983
101 2 4 9237596 142963
102 2 1 9386497 145323
102 2 2 9422508 146523
102 2 3 9417269 145823
102 2 4 9406718 146193
103 2 1 9616502 149753
103 2 2 9565361 151333
103 2 3 9614962 148683
103 2 4 9595071 149433
104 2 1 9796755 152673
104 2 2 9820257 151813
104 2 3 9791376 154183
104 2 4 9782525 151122
105 2 1 10007329 154513
105 2 2 9991779 160513
105 2 3 10025460 154343
105 2 4 9994209 153733
106 2 1 10128662 158863
106 2 2 10136972 158013
106 2 3 10179473 164293
106 2 4 10145962 157643
107 2 1 10372447 162863
107 2 2 10376067 166523
107 2 3 10400376 161103
107 2 4 10347386 160743
108 2 1 10673572 165743
108 2 2 10606241 162723
108 2 3 10625952 166113
108 2 4 10575330 165624
109 2 1 10833705 169354
109 2 2 10772124 167733
109 2 3 10857586 166463
109 2 4 10785265 167413
110 2 1 11007868 171313
110 2 2 10981068 171634
110 2 3 10976018 180783
110 2 4 11003518 170103
111 2 1 11202982 173454
111 2 2 11199002 172533
111 2 3 11190851 174823
111 2 4 11177072 171784
112 2 1 11403206 176183
112 2 2 11347464 175464
112 2 3 11366046 178304
112 2 4 11382476 178553
113 2 1 11567690 178483
113 2 2 11542628 179343
113 2 3 11671071 179933
113 2 4 11576450 178694
114 2 1 11813464 183194
114 2 2 11784073 181993
114 2 3 11721972 182764
114 2 4 11719602 182414
115 2 1 11919485 187303
115 2 2 11332755 184773
115 2 3 11053499 186464
115 2 4 11162511 186804
116 2 1 11175592 188563
116 2 2 11316804 190634
116 2 3 11162781 187643
116 2 4 11206443 187664
117 2 1 11478897 191454
117 2 2 11406547 192674
117 2 3 11423646 191074
117 2 4 11322274 198404
118 2 1 11671692 200894
118 2 2 11521108 194624
118 2 3 11651081 196514
118 2 4 11529618 195394
119 2 1 11840644 196863
119 2 2 12887955 200104
119 2 3 12890114 196694
119 2 4 12917275 196114
120 2 1 13125368 201074
120 2 2 13032507 200074
120 2 3 13093448 200634
120 2 4 13073748 200754
121 2 1 13294531 205084
121 2 2 13247161 201964
121 2 3 13346602 203614
121 2 4 13279952 204454
122 2 1 13490165 209404
122 2 2 13470086 208834
122 2 3 13519566 210344
122 2 4 13453655 209654
123 2 1 13847023 217625
123 2 2 13764061 213704
123 2 3 13749690 210734
123 2 4 13761810 210204
124 2 1 13934164 216904
124 2 2 13924634 215205
124 2 3 13917733 214304
124 2 4 13880443 214234
125 2 1 14127798 220094
125 2 2 14119167 217534
125 2 3 14143938 216094
125 2 4 14137367 218044
126 2 1 14400762 221584
126 2 2 14303911 220104
126 2 3 14353722 220395
126 2 4 14383913 220425
127 2 1 14564196 226964
127 2 2 14593716 226734
127 2 3 14582576 223804
127 2 4 14560726 224844
128 2 1 14769149 227624
128 2 2 14776781 230264
128 2 3 14713498 227854
128 2 4 14752059 227644
129 2 1 15095815 231894
129 2 2 15234139 230955
129 2 3 15126567 231644
129 2 4 15164937 231335
130 2 1 15382862 233894
130 2 2 15306220 235794
130 2 3 15293560 235095
130 2 4 15274969 240824
131 2 1 15557834 244014
131 2 2 15569755 238444
131 2 3 15551835 238245
131 2 4 15621786 240265
132 2 1 15750358 242324
132 2 2 15964823 241505
132 2 3 15834340 242484
132 2 4 15790478 242304
133 2 1 15976692 245065
133 2 2 16023334 245745
133 2 3 16120855 244655
133 2 4 16033163 248415
134 2 1 16259768 251054
134 2 2 16217058 251965
134 2 3 16215427 250635
134 2 4 16235358 248775
135 2 1 16602115 254835
135 2 2 16498223 252164
135 2 3 16432521 255685
135 2 4 16512753 254325
136 2 1 16683356 256555
136 2 2 16715577 256924
136 2 3 16693666 257055
136 2 4 16691947 255905
137 2 1 16921010 261434
137 2 2 16920590 261405
137 2 3 16953431 263755
137 2 4 16921860 264965
138 2 1 17184855 267575
138 2 2 17234607 266125
138 2 3 17217836 266115
138 2 4 17158215 264745
139 2 1 17416650 268015
139 2 2 17427290 269635
139 2 3 17397500 267325
139 2 4 17472041 273285
140 2 1 17716155 278045
140 2 2 17665215 277845
140 2 3 17667885 272425
140 2 4 17655434 275155
141 2 1 18022652 278255
141 2 2 18068342 292956
141 2 3 18063502 277185
141 2 4 18095723 276405
142 2 1 18285477 282726
142 2 2 18325887 281746
142 2 3 18356417 281945
142 2 4 18293307 283206
143 2 1 18472110 288566
143 2 2 18476250 286566
143 2 3 18482990 287855
143 2 4 18491121 286376
144 2 1 18811026 289746
144 2 2 18869267 291586
144 2 3 18725324 307976
144 2 4 18803606 288276
145 2 1 19018041 293115
145 2 2 19003140 293096
145 2 3 19051521 296856
145 2 4 19042530 292496
146 2 1 19243195 299416
146 2 2 19275275 296315
146 2 3 19194644 296635
146 2 4 19281915 297456
147 2 1 19682503 300276
147 2 2 19666483 298716
147 2 3 19534500 300145
147 2 4 19495159 301346
148 2 1 19727455 308886
148 2 2 19738934 310306
148 2 3 19796595 305216
148 2 4 19922107 307086
149 2 1 20106751 306865
149 2 2 20025089 309396
149 2 3 20021700 313366
149 2 4 20013239 315456
150 2 1 20349026 312946
150 2 2 20318935 316126
150 2 3 20357965 315826
150 2 4 20396977 318686
151 2 1 20590880 317556
151 2 2 20668202 320406
151 2 3 20567210 320906
151 2 4 20604211 316136
152 2 1 20918706 320666
152 2 2 20917097 319426
152 2 3 20982507 322916
152 2 4 20966417 325566
153 2 1 21258973 327647
153 2 2 21136520 335406
153 2 3 21164891 328116
153 2 4 21106219 327866
154 2 1 21588050 336207
154 2 2 21556638 332516
154 2 3 21517498 333347
154 2 4 21430016 331326
155 2 1 21807323 332686
155 2 2 21667360 332886
155 2 3 21708981 337506
155 2 4 21684220 338556
156 2 1 21946616 341556
156 2 2 21911985 335437
156 2 3 22083188 339647
156 2 4 22183600 337277
157 2 1 22230641 343127
157 2 2 22197600 341446
157 2 3 22183400 341586
157 2 4 22213591 340146
158 2 1 22575927 349027
158 2 2 22573758 354946
158 2 3 22677619 350667
158 2 4 22760041 354216
159 2 1 22915354 354477
159 2 2 22851383 350707
159 2 3 22959705 357267
159 2 4 22914574 352096
160 2 1 23144919 359406
160 2 2 23247200 356307
160 2 3 23189399 355927
160 2 4 23238041 359546
161 2 1 23396763 357726
161 2 2 23469684 362527
161 2 3 23399644 360407
161 2 4 23534516 363787
162 2 1 23665179 363007
162 2 2 23692408 363207
162 2 3 23722910 370367
162 2 4 23688809 365007
163 2 1 23697059 370297
163 2 2 22240281 373777
163 2 3 21964726 366017
163 2 4 21909735 367027
164 2 1 22300913 373927
164 2 2 22193440 370697
164 2 3 22241582 371507
164 2 4 22299862 372297
165 2 1 22637920 382358
165 2 2 22491006 374697
165 2 3 22514156 379367
165 2 4 22584848 374997
166 2 1 22988166 390728
166 2 2 24613057 385878
166 2 3 24542355 381087
166 2 4 24571435 380497
167 2 1 24729909 385637
167 2 2 24822090 383677
167 2 3 24908852 392088
167 2 4 24866732 383308
168 2 1 25450112 390897
168 2 2 25037765 390017
168 2 3 25149987 392087
168 2 4 25502413 391988
169 2 1 25411682 397897
169 2 2 25627695 396308
169 2 3 25467992 400178
169 2 4 25528073 393178
170 2 1 25622255 399758
170 2 2 25588885 402998
170 2 3 25733628 399087
170 2 4 25713757 400347
171 2 1 26162335 408748
171 2 2 25988143 407098
171 2 3 26080184 404188
171 2 4 25940351 402578
172 2 1 26283158 408518
172 2 2 26251187 409078
172 2 3 26295078 409398
172 2 4 26398520 415228
173 2 1 26552223 412138
173 2 2 26646645 412708
173 2 3 26435051 418118
173 2 4 26522492 414458
174 2 1 27054322 428778
174 2 2 26725345 422418
174 2 3 26846689 421168
174 2 4 26771167 426878
175 2 1 27238896 430118
175 2 2 27102743 426058
175 2 3 27132234 421848
175 2 4 27223506 428898
176 2 1 27511771 432949
176 2 2 27411749 427728
176 2 3 27507061 431618
176 2 4 27425639 426058
177 2 1 27881519 433668
177 2 2 27706124 432548
177 2 3 27715295 438808
177 2 4 27853947 434268
178 2 1 28060572 437348
178 2 2 28135382 436709
178 2 3 28176964 436078
178 2 4 28006760 440729
179 2 1 28641693 445718
179 2 2 28550821 441768
179 2 3 28632112 441369
179 2 4 28477239 441448
180 2 1 28772225 448139
180 2 2 29027940 455578
180 2 3 28825556 448378
180 2 4 28794805 452168
181 2 1 29283044 453079
181 2 2 29090212 459248
181 2 3 29084560 454119
181 2 4 29134192 457899
182 2 1 29472359 461009
182 2 2 29446638 457899
182 2 3 29506849 456029
182 2 4 29484668 460409
183 2 1 29800115 462869
183 2 2 29982687 464939
183 2 3 29744554 463689
183 2 4 29782844 467019
184 2 1 30155902 467639
184 2 2 30252033 470479
184 2 3 30241823 467329
184 2 4 30186882 468568
185 2 1 30448338 471629
185 2 2 30616719 477919
185 2 3 30365035 472649
185 2 4 30415706 471339
186 2 1 30731492 476209
186 2 2 30730242 478019
186 2 3 30791883 478129
186 2 4 30707822 474840
187 2 1 31089489 485739
187 2 2 31035558 479679
187 2 3 31027237 483069
187 2 4 30984367 484249
188 2 1 31285713 492059
188 2 2 31277212 489939
188 2 3 31332143 489289
188 2 4 31447835 487749
189 2 1 31721530 497020
189 2 2 31754212 497640
189 2 3 31777372 495679
189 2 4 31679790 493680
190 2 1 32268251 499779
190 2 2 31974566 498290
190 2 3 32052348 501389
190 2 4 32268391 501590
191 2 1 32261871 504899
191 2 2 32326223 512679
191 2 3 32525147 509089
191 2 4 32468955 508650
192 2 1 32687099 511929
192 2 2 32592928 512049
192 2 3 32572077 517240
192 2 4 32899174 513479
193 2 1 33228320 529440
193 2 2 33035005 516430
193 2 3 33176018 517900
193 2 4 32954764 516320
194 2 1 33312341 519840
194 2 2 33506005 523000
194 2 3 33398993 519750
194 2 4 33424364 519110
195 2 1 33825110 531240
195 2 2 33846792 531540
195 2 3 34037385 529410
195 2 4 33932573 530160
196 2 1 34281539 531921
196 2 2 34299360 535380
196 2 3 34233108 533700
196 2 4 34462443 534170
197 2 1 35058044 540120
197 2 2 34587145 538090
197 2 3 34631866 537830
197 2 4 34649827 540290
198 2 1 35181727 545750
198 2 2 35007633 540121
198 2 3 35043124 544961
198 2 4 34893280 543091
199 2 1 35727487 550910
199 2 2 35216717 549801
199 2 3 35240768 549650
199 2 4 35216228 546490
200 2 1 35610324 551391
200 2 2 35690876 556030
200 2 3 35760087 553101
200 2 4 35841659 559421
201 2 1 35808438 569901
201 2 2 35995052 558141
201 2 3 36159825 560151
201 2 4 35906560 556261
202 2 1 36447160 567471
202 2 2 36205216 563580
202 2 3 36525041 563091
202 2 4 36388670 570060
203 2 1 36907790 575101
203 2 2 36616864 582751
203 2 3 36707085 569571
203 2 4 36873268 568951
204 2 1 37084532 577761
204 2 2 36956680 580301
204 2 3 37046061 578351
204 2 4 37077072 577240
205 2 1 37317217 581562
205 2 2 37248966 579481
205 2 3 37254205 578991
205 2 4 37511051 581001
206 2 1 37697404 583501
206 2 2 37690634 592151
206 2 3 37779005 584121
206 2 4 37809026 583201
207 2 1 38143363 591501
207 2 2 38458808 591451
207 2 3 38028281 598651
207 2 4 38541180 600871
208 2 1 38450679 597681
208 2 2 38609211 595101
208 2 3 38503929 595632
208 2 4 38478619 596161
209 2 1 38877997 601022
209 2 2 38862226 602952
209 2 3 38786574 601772
209 2 4 38845246 611422
210 2 1 39302824 609051
210 2 2 39265795 607151
210 2 3 39308844 613582
210 2 4 39125311 614172
211 2 1 39565089 620952
211 2 2 39964167 611901
211 2 3 39665062 615462
211 2 4 39540678 620402
212 2 1 39953607 619121
212 2 2 40103230 629982
212 2 3 39917226 619822
212 2 4 39934566 619622
213 2 1 40171811 627552
213 2 2 40496907 625152
213 2 3 40304143 632022
213 2 4 40308754 624882
214 2 1 40583939 629332
214 2 2 40730551 629642
214 2 3 40654281 635752
214 2 4 40698121 636732
215 2 1 41040987 639253
215 2 2 40960996 638062
215 2 3 41192570 650993
215 2 4 41060668 636822
216 2 1 41663029 656332
216 2 2 41440124 647553
216 2 3 41547206 651042
216 2 4 41534917 651512
217 2 1 42034406 648412
217 2 2 41813952 651372
217 2 3 42201929 653043
217 2 4 42044157 655422
218 2 1 42463855 662092
218 2 2 42312602 655062
218 2 3 42677338 658713
218 2 4 42342883 663242
219 2 1 42953074 662933
219 2 2 42500715 661882
219 2 3 42575777 661512
219 2 4 42878463 660502
220 2 1 43431813 674843
220 2 2 42968154 676603
220 2 3 43404182 680963
220 2 4 43210898 668633
221 2 1 43710548 677043
221 2 2 43515904 671933
221 2 3 43569925 674683
221 2 4 43935392 674263
222 2 1 43844791 678443
222 2 2 44045274 686283
222 2 3 44111026 683373
222 2 4 43838891 690953
223 2 1 44266279 684963
223 2 2 44141566 685673
223 2 3 44402371 690263
223 2 4 44252029 683662
224 2 1 44749628 704474
224 2 2 44870610 699124
224 2 3 44742298 694603
224 2 4 44883740 702523
225 2 1 44994962 699943
225 2 2 45263898 703524
225 2 3 45142805 713264
225 2 4 45112924 698494
226 2 1 46028923 703483
226 2 2 45696356 702343
226 2 3 45708986 709364
226 2 4 45723566 711543
227 2 1 46036212 709254
227 2 2 46154964 708894
227 2 3 45891699 715863
227 2 4 46448300 723153
228 2 1 46569012 728944
228 2 2 46411529 726704
228 2 3 46726075 719504
228 2 4 46497321 722154
229 2 1 46773986 724714
229 2 2 46800147 722814
229 2 3 46871558 720854
229 2 4 46811977 726674
230 2 1 46277626 739964
230 2 2 43661017 731204
230 2 3 43582866 731034
230 2 4 43622107 731724
231 2 1 43828061 736734
231 2 2 44066145 746164
231 2 3 43957003 732974
231 2 4 43817410 734574
232 2 1 44319780 743664
232 2 2 44211298 749454
232 2 3 44248108 741724
232 2 4 44222508 739994
233 2 1 44747528 750764
233 2 2 44778808 746904
233 2 3 44690507 746445
233 2 4 44833689 758494
234 2 1 45311098 756604
234 2 2 45102604 762214
234 2 3 44913051 758774
234 2 4 45078674 764184
235 2 1 45494992 760125
235 2 2 45318549 760625
235 2 3 45504042 759944
235 2 4 45620195 763064
236 2 1 45774707 774855
236 2 2 45654535 766725
236 2 3 45796827 769474
236 2 4 45951261 774825
237 2 1 46683004 774965
237 2 2 49341495 773485
237 2 3 49330704 774984
237 2 4 49052069 776624
238 2 1 49841394 782645
238 2 2 50299683 794815
238 2 3 49713121 794885
238 2 4 49781773 784515
239 2 1 50402045 803516
239 2 2 50290262 800205
239 2 3 50108750 793935
239 2 4 50814313 793775
240 2 1 50747992 800535
240 2 2 50497507 804195
240 2 3 51085318 812765
240 2 4 50511007 800005
241 2 1 50863054 809205
241 2 2 51024857 802246
241 2 3 51756821 812826
241 2 4 51047247 803466
242 2 1 51200560 814376
242 2 2 51319992 815645
242 2 3 51190030 811866
242 2 4 51220051 812545
243 2 1 51594078 822786
243 2 2 51525437 815665
243 2 3 51569897 830306
243 2 4 51782791 818165
244 2 1 52361282 822585
244 2 2 52772950 822005
244 2 3 52230059 829256
244 2 4 52571676 821696
245 2 1 52530095 835536
245 2 2 52798150 828146
245 2 3 52584496 829976
245 2 4 52482725 827586
246 2 1 53265649 856366
246 2 2 53000114 832676
246 2 3 53361461 839316
246 2 4 52936322 833636
247 2 1 53632606 840456
247 2 2 53341160 838825
247 2 3 53614526 844366
247 2 4 53488694 843396
248 2 1 53760029 850766
248 2 2 54290849 852126
248 2 3 53751439 847686
248 2 4 53845760 845206
249 2 1 54032384 865676
249 2 2 54474522 857176
249 2 3 54197288 865956
249 2 4 54053224 856247
250 2 1 54982822 871187
250 2 2 55027332 869586
250 2 3 54851580 859476
250 2 4 55144104 875917
251 2 1 55165855 865466
251 2 2 55389349 866607
251 2 3 54915420 871637
251 2 4 55280688 876796
252 2 1 55607623 871737
252 2 2 55623123 873666
252 2 3 55918869 876427
252 2 4 55614584 876657
253 2 1 58863385 884427
253 2 2 56310276 885547
253 2 3 55911659 889487
253 2 4 55798717 882286
254 2 1 56166174 895147
254 2 2 56334767 890587
254 2 3 56605983 896487
254 2 4 56156614 894006
255 2 1 56527211 895747
255 2 2 56952629 900607
255 2 3 56278786 899367
255 2 4 56632903 896867
256 2 1 57396817 909747
256 2 2 56999500 906078
256 2 3 56951068 904887
256 2 4 57218024 908637
257 2 1 57546761 923518
257 2 2 57448798 914037
257 2 3 57855426 912017
257 2 4 57302166 922408
258 2 1 57844436 919287
258 2 2 58110241 915677
258 2 3 58065070 916177
258 2 4 58533319 919727
259 2 1 58416467 931588
259 2 2 58539120 923948
259 2 3 58684662 948408
259 2 4 58603380 925717
260 2 1 58540209 933297
260 2 2 59184702 950638
260 2 3 58960087 936258
260 2 4 59137590 934998
261 2 1 59618889 934827
261 2 2 59218302 941058
261 2 3 59392865 940078
261 2 4 59669271 934448
262 2 1 59772183 947387
262 2 2 59663600 940467
262 2 3 60194091 943667
262 2 4 59587689 942168
263 2 1 59914855 954558
263 2 2 59749542 949308
263 2 3 60424825 950768
263 2 4 59895944 954148
264 2 1 60740460 965018
264 2 2 60455905 967598
264 2 3 60441015 957008
264 2 4 60651399 970508
265 2 1 61325752 967758
265 2 2 60896683 973349
265 2 3 60949255 972708
265 2 4 60992656 970148
266 2 1 61079127 971039
266 2 2 61543056 971069
266 2 3 61400593 1062320
266 2 4 61258581 974019
267 2 1 62169847 983448
267 2 2 61813421 980038
267 2 3 61964244 977528
267 2 4 62312580 985369
268 2 1 62317351 988608
268 2 2 62247030 994869
268 2 3 62407763 990319
268 2 4 63739077 992869
269 2 1 62458663 994789
269 2 2 62632947 1003029
269 2 3 63029545 997119
269 2 4 63220407 1015179
270 2 1 63407532 1008069
270 2 2 63514083 1005269
270 2 3 63688996 1005249
270 2 4 63472683 1029079
271 2 1 63269508 1009969
271 2 2 63664986 1014219
271 2 3 63638076 1031080
271 2 4 63434372 1017440
272 2 1 64278448 1018349
272 2 2 64297679 1015419
272 2 3 63770108 1020139
272 2 4 64259637 1020409
273 2 1 64602744 1029130
273 2 2 64662804 1040020
273 2 3 64768057 1030880
273 2 4 64767368 1027450
274 2 1 64903210 1056420
274 2 2 64936920 1036099
274 2 3 65086513 1032290
274 2 4 65478421 1058331
275 2 1 68185712 1057010
275 2 2 67604011 1081980
275 2 3 66049642 1049129
275 2 4 65751246 1050450
276 2 1 68525799 1082661
276 2 2 68682161 1055180
276 2 3 66737444 1075080
276 2 4 66948989 1054690
277 2 1 67818485 1090900
277 2 2 67380946 1094981
277 2 3 67820245 1105791
277 2 4 67542630 1079060
278 2 1 67486039 1125321
278 2 2 67723333 1094201
278 2 3 67928847 1099301
278 2 4 68299954 1087021
279 2 1 68072499 1073831
279 2 2 67820675 1080551
279 2 3 68462097 1127702
279 2 4 68155622 1075600
280 2 1 68683232 1145452
280 2 2 68452927 1081761
280 2 3 68614810 1094440
280 2 4 68879504 1113761
281 2 1 69508177 1087531
281 2 2 69744191 1152642
281 2 3 68877805 1093591
281 2 4 68487118 1096611
282 2 1 70279221 1139901
282 2 2 69218342 1103501
282 2 3 69213901 1098281
282 2 4 70269051 1132521
283 2 1 69867984 1109571
283 2 2 69579408 1113441
283 2 3 70702230 1108761
283 2 4 69789822 1100100
284 2 1 69808032 1113401
284 2 2 70371123 1116921
284 2 3 70861102 1294804
284 2 4 70740870 1123331
285 2 1 71000916 1119791
285 2 2 71019085 1144172
285 2 3 70710720 1118871
285 2 4 70727851 1121381
286 2 1 71156418 1146382
286 2 2 71127078 1123641
286 2 3 71159198 1130661
286 2 4 71675008 1130612
287 2 1 71667228 1142631
287 2 2 71788220 1136182
287 2 3 71777010 1148052
287 2 4 72319501 1133571
288 2 1 72471963 1158952
288 2 2 72451573 1148222
288 2 3 72413692 1146072
288 2 4 71944573 1149702
289 2 1 72550275 1146251
289 2 2 72536584 1173773
289 2 3 72672667 1166982
289 2 4 72646026 1164932
290 2 1 73301019 1170972
290 2 2 73185177 1155862
290 2 3 73026934 1157152
290 2 4 73141647 1151741
291 2 1 73589854 1184883
291 2 2 73409111 1176903
291 2 3 80386453 1228163
291 2 4 74250297 1231013
292 2 1 74310068 1177782
292 2 2 74535642 1177203
292 2 3 75109093 1203943
292 2 4 74821988 1195493
293 2 1 74607084 1182122
293 2 2 75192355 1207463
293 2 3 74608673 1183783
293 2 4 74431280 1183883
294 2 1 75467380 1193492
294 2 2 75352768 1187483
294 2 3 75517291 1254214
294 2 4 75274617 1182302
295 2 1 75713345 1203332
295 2 2 75941358 1206373
295 2 3 75434279 1203903
295 2 4 76442789 1206232
296 2 1 76023311 1202363
296 2 2 76364147 1214243
296 2 3 76631192 1211963
296 2 4 76326556 1206983
297 2 1 77181283 1226813
297 2 2 76925488 1219773
297 2 3 77047590 1231273
297 2 4 77027729 1241903
298 2 1 77132391 1227573
298 2 2 77220133 1227113
298 2 3 77440427 1223113
298 2 4 77777773 1221833
299 2 1 77453908 1228454
299 2 2 77837684 1276785
299 2 3 77509969 1235534
299 2 4 77777614 1240243
300 2 1 78399736 1246574
300 2 2 78341784 1282274
300 2 3 78008908 1250214
300 2 4 78177871 1241414
301 2 1 78501988 1249893
301 2 2 78885105 1247014
301 2 3 79060498 1250644
301 2 4 78793404 1248723
302 2 1 79351404 1467238
302 2 2 79777812 1263964
302 2 3 79102298 1264474
302 2 4 79611988 1266984
303 2 1 79752682 1267254
303 2 2 80109118 1264105
303 2 3 79673650 1266214
303 2 4 80404733 1268624
304 2 1 80304122 1280914
304 2 2 80164989 1276884
304 2 3 80527176 1267164
304 2 4 80764960 1272764
305 2 1 80624738 1294034
305 2 2 80881312 1279984
305 2 3 81193849 1283085
305 2 4 80816492 1283954
306 2 1 81685918 1288094
306 2 2 81366343 1287024
306 2 3 81476174 1323955
306 2 4 81983953 1300365
307 2 1 82540833 1329145
307 2 2 82213327 1305525
307 2 3 82190887 1304915
307 2 4 81994174 1302645
308 2 1 82565874 1315795
308 2 2 82826859 1309235
308 2 3 83130135 1306224
308 2 4 82934491 1301155
309 2 1 83655656 1332205
309 2 2 83254267 1321185
309 2 3 83750357 1327745
309 2 4 83436941 1308255
310 2 1 84244246 1321335
310 2 2 84063452 1340425
310 2 3 84098614 1319475
310 2 4 83843049 1325056
311 2 1 84557352 1347936
311 2 2 84984502 1337435
311 2 3 84720016 1329965
311 2 4 84120174 1329545
312 2 1 85170574 1342546
312 2 2 84833788 1344426
312 2 3 85061832 1345326
312 2 4 85109033 1342545
313 2 1 85807186 1357965
313 2 2 85710065 1357236
313 2 3 86108381 1348636
313 2 4 85512530 1346635
314 2 1 86535120 1365646
314 2 2 85747354 1363295
314 2 3 86194843 1371186
314 2 4 86377327 1363576
315 2 1 86848386 1377376
315 2 2 86800215 1383286
315 2 3 86782884 1373516
315 2 4 86721393 1365155
316 2 1 87104571 1369116
316 2 2 87554899 1377187
316 2 3 87316354 1371806
316 2 4 87248914 1378337
317 2 1 87829374 1385606
317 2 2 88385115 1401086
317 2 3 87772634 1390936
317 2 4 87932696 1403587
318 2 1 88575748 1401267
318 2 2 88768872 1391396
318 2 3 88438036 1402126
318 2 4 88867424 1398456
319 2 1 88432736 1394147
319 2 2 88763782 1408297
319 2 3 88875395 1417847
319 2 4 88905625 1396616
320 2 1 89490316 1436457
320 2 2 89308512 1460578
320 2 3 89222771 1421597
320 2 4 89367164 1415557
321 2 1 89639399 1418947
321 2 2 90529265 1416307
321 2 3 90489474 1415367
321 2 4 89873233 1419687
322 2 1 90458714 1416186
322 2 2 90592826 1435927
322 2 3 90600457 1433338
322 2 4 90532645 1443348
323 2 1 90986794 1446127
323 2 2 90712689 1433237
323 2 3 90796740 1429308
323 2 4 90860571 1427937
324 2 1 91258089 1454178
324 2 2 91662297 1451968
324 2 3 91460093 1461368
324 2 4 91782230 1454267
325 2 1 91762969 1466617
325 2 2 87590439 1454318
325 2 3 87112030 1475738
325 2 4 87142371 1452007
326 2 1 87238354 1463668
326 2 2 87443097 1459228
326 2 3 87487188 1453947
326 2 4 87326405 1460467
327 2 1 87722343 1468198
327 2 2 87923076 1486539
327 2 3 88036349 1469298
327 2 4 87723192 1462887
328 2 1 88494287 1482798
328 2 2 88646030 1473898
328 2 3 88473857 1480768
328 2 4 88806923 1473727
329 2 1 89113149 1484239
329 2 2 89165379 1487588
329 2 3 89349893 1496788
329 2 4 88953476 1486318
330 2 1 89603297 1506538
330 2 2 89503136 1497908
330 2 3 89906573 1494978
330 2 4 89960605 1495869
331 2 1 90409843 1501008
331 2 2 90429043 1504598
331 2 3 90436844 1498488
331 2 4 90296602 1504989
332 2 1 90740589 1518808
332 2 2 90612917 1530789
332 2 3 90656837 1516339
332 2 4 90645517 1516379
333 2 1 91351361 1519308
333 2 2 91253469 1526799
333 2 3 91138228 1528019
333 2 4 91349661 1527768
334 2 1 91805300 1539249
334 2 2 91448334 1541450
334 2 3 91641686 1543109
334 2 4 91799100 1547939
335 2 1 92345230 1545290
335 2 2 92102215 1536249
335 2 3 92404571 1540979
335 2 4 91927862 1534179
336 2 1 93434351 1554519
336 2 2 98211872 1554720
336 2 3 98581238 1549520
336 2 4 98909894 1560810
337 2 1 97646280 1568770
337 2 2 98169831 1562800
337 2 3 98342763 1699042
337 2 4 97956467 1726642
338 2 1 98915594 1750093
338 2 2 98971566 1593760
338 2 3 99137999 1573969
338 2 4 98832503 1597300
339 2 1 99122669 1576200
339 2 2 99651898 1576910
339 2 3 99061358 1585460
339 2 4 99580237 1574870
340 2 1 100138938 1599180
340 2 2 99572347 1756193
340 2 3 99942445 1590720
340 2 4 99853802 1593350
341 2 1 100412753 1600480
341 2 2 100810780 1620241
341 2 3 99811002 1604910
341 2 4 101032195 1608280
342 2 1 101349151 1620290
342 2 2 101268969 1621801
342 2 3 100590167 1608990
342 2 4 101857470 1619891
343 2 1 101252869 1616290
343 2 2 101288919 1613031
343 2 3 101602416 1620471
343 2 4 101937682 1625861
344 2 1 102300909 1638271
344 2 2 102097855 1637311
344 2 3 102080985 1639411
344 2 4 102566223 1639501
345 2 1 102648746 1640441
345 2 2 102951301 1651901
345 2 3 103022083 1645951
345 2 4 102437312 1635781
346 2 1 103134165 1667431
346 2 2 103496942 1649081
346 2 3 103851569 1661801
346 2 4 104165265 1696292
347 2 1 104154433 1660612
347 2 2 103637945 1674251
347 2 3 103898149 1675872
347 2 4 103989760 1659052
348 2 1 104603323 1676172
348 2 2 105692383 1708912
348 2 3 103908929 1662141
348 2 4 103890679 1679412
349 2 1 104745265 1683782
349 2 2 105064222 1695602
349 2 3 105127013 1681841
349 2 4 105348387 1698282
350 2 1 105122962 1717982
350 2 2 105681683 1702212
350 2 3 105771554 1703193
350 2 4 106222964 1711182
351 2 1 106435607 1693771
351 2 2 105587311 1694012
351 2 3 106118941 1695992
351 2 4 106189072 1702353
352 2 1 106990758 1740522
352 2 2 106604171 1740703
352 2 3 106680621 1717513
352 2 4 107249132 1724823
353 2 1 107402055 1728223
353 2 2 107411747 1711372
353 2 3 107591909 1723572
353 2 4 107421846 1724762
354 2 1 108336843 1744213
354 2 2 108635159 1736723
354 2 3 107704162 1729522
354 2 4 107749343 1744223
355 2 1 108864133 1759273
355 2 2 108368263 1753613
355 2 3 108436446 1890466
355 2 4 108503167 1742333
356 2 1 109188600 1927047
356 2 2 108593987 1749873
356 2 3 108685570 1747973
356 2 4 109594057 1753853
357 2 1 109587547 1754193
357 2 2 109636818 1781404
357 2 3 109561136 1775584
357 2 4 109760250 1778623
358 2 1 110477814 1793954
358 2 2 110728749 1776453
358 2 3 110380962 1965287
358 2 4 110001285 1789274
359 2 1 111496492 1781513
359 2 2 110816950 1788824
359 2 3 110679678 1775934
359 2 4 110790200 1807735
360 2 1 111451642 1785994
360 2 2 111172107 1794864
360 2 3 111428022 1791114
360 2 4 111829320 1797704
361 2 1 112261838 1801814
361 2 2 112657775 1797334
361 2 3 112105185 1805664
361 2 4 112294358 1816544
362 2 1 113196755 1816914
362 2 2 112555364 1803394
362 2 3 112819808 1812834
362 2 4 113129404 1802344
363 2 1 114112233 1829835
363 2 2 113953570 1823825
363 2 3 114442339 1837645
363 2 4 113511801 2001298
364 2 1 114218035 1841035
364 2 2 113969361 2026119
364 2 3 114496240 1846996
364 2 4 114835677 2020678
365 2 1 114945589 1852155
365 2 2 115775374 1851596
365 2 3 115170682 1836605
365 2 4 114628683 1850395
366 2 1 115038260 1883245
366 2 2 115257595 1843425
366 2 3 115944218 1863886
366 2 4 115354846 1862955
367 2 1 115570701 1882016
367 2 2 116786984 1870185
367 2 3 115931918 1877386
367 2 4 116142821 1872176
368 2 1 116889946 1876826
368 2 2 117127500 1878676
368 2 3 116937616 1881276
368 2 4 116974757 1884126
369 2 1 117009687 1896816
369 2 2 118606678 1896256
369 2 3 117199972 1897686
369 2 4 117899224 1904896
370 2 1 118767551 1907256
370 2 2 117617519 2092639
370 2 3 117733801 1919206
370 2 4 117867854 1898825
371 2 1 118621978 1906076
371 2 2 118396704 1911066
371 2 3 118995786 1912586
371 2 4 119144589 1910376
372 2 1 119549086 1932597
372 2 2 120553666 1934636
372 2 3 119172988 1926326
372 2 4 119730389 1920347
373 2 1 120941642 1927836
373 2 2 120178528 2122960
373 2 3 119770250 1949807
373 2 4 119814071 1924806
374 2 1 121281709 1936696
374 2 2 120895222 1950707
374 2 3 120471143 2136431
374 2 4 120390282 1942497
375 2 1 120992143 1965107
375 2 2 120957493 1958038
375 2 3 120712318 2149061
375 2 4 121290329 1964147
376 2 1 121855939 1967977
376 2 2 122221457 1962217
376 2 3 121558504 2157471
376 2 4 122378960 1959648
377 2 1 122800897 1975257
377 2 2 122758517 1991447
377 2 3 121996283 1973997
377 2 4 122729666 1979458
378 2 1 122795129 1991488
378 2 2 122797677 1994188
378 2 3 123659193 1989438
378 2 4 122855258 1988738
379 2 1 124143943 1984228
379 2 2 123316738 1992577
379 2 3 124960459 2200781
379 2 4 124330277 2004858
380 2 1 124743134 2029659
380 2 2 124853076 2035829
380 2 3 124044212 2020428
380 2 4 124785025 2026958
381 2 1 124712633 2026319
381 2 2 125145493 2022029
381 2 3 124985439 2020148
381 2 4 124792246 2031419
382 2 1 126247893 2057199
382 2 2 125390367 2222972
382 2 3 125568420 2024049
382 2 4 126298244 2032558
383 2 1 126771163 2045539
383 2 2 126670781 2051349
383 2 3 125566190 2047539
383 2 4 126246184 2047838
384 2 1 126590840 2071559
384 2 2 126402727 2086970
384 2 3 126947536 2071919
384 2 4 126753893 2108740
385 2 1 127272793 2055048
385 2 2 127449116 2067539
385 2 3 127522538 2069809
385 2 4 127321054 2057439
386 2 1 128758770 2076950
386 2 2 127787522 2074390
386 2 3 128399594 2105910
386 2 4 128293212 2086489
387 2 1 128791061 2092170
387 2 2 128886494 2095200
387 2 3 128696309 2098240
387 2 4 128823332 2107310
388 2 1 130053255 2105080
388 2 2 129464135 2098199
388 2 3 130030506 2269832
388 2 4 129302731 2111381
389 2 1 129743790 2128910
389 2 2 130079307 2115440
389 2 3 130037625 2298563
389 2 4 129936863 2114500
390 2 1 131241268 2107260
390 2 2 130245569 2114340
390 2 3 130946402 2109370
390 2 4 132037673 2127580
391 2 1 131399831 2133900
391 2 2 130737899 2125690
391 2 3 131539453 2126691
391 2 4 131038284 2122250
392 2 1 132655775 2131541
392 2 2 132122965 2143841
392 2 3 132439601 2144851
392 2 4 131621964 2140411
393 2 1 133432140 2166641
393 2 2 133577832 2152601
393 2 3 133744346 2158621
393 2 4 134062832 2152381
394 2 1 134239325 2150601
394 2 2 133658243 2169601
394 2 3 134261386 2348775
394 2 4 134416048 2168821
395 2 1 134357678 2182261
395 2 2 134687483 2172531
395 2 3 134985589 2172161
395 2 4 134474959 2183881
396 2 1 135314005 2197502
396 2 2 135470548 2205401
396 2 3 136165762 2204622
396 2 4 134733074 2193492
397 2 1 135890235 2198332
397 2 2 135459458 2374155
397 2 3 136432196 2392335
397 2 4 135241484 2197182
398 2 1 137407225 2215682
398 2 2 136462567 2205032
398 2 3 136769833 2207032
398 2 4 136055430 2206632
399 2 1 136780093 2226453
399 2 2 137041748 2231793
399 2 3 137315383 2222393
399 2 4 136818813 2231272
400 2 1 138620607 2227732
400 2 2 137935335 2235903
400 2 3 138004556 2229522
400 2 4 137452155 2234082
1 3 1 15741 3600
1 3 2 5020 2370
1 3 3 4680 2140
1 3 4 4520 2060
2 3 1 14310 2410
2 3 2 12941 2200
2 3 3 13280 2180
2 3 4 12591 2160
3 3 1 37491 2870
3 3 2 35121 2570
3 3 3 34000 3580
3 3 4 34040 2491
4 3 1 77931 3680
4 3 2 77102 3330
4 3 3 75212 3190
4 3 4 76151 3140
5 3 1 143622 4660
5 3 2 145402 4250
5 3 3 142642 4150
5 3 4 144092 4260
6 3 1 248954 6250
6 3 2 248794 5790
6 3 3 247254 5730
6 3 4 247475 5690
7 3 1 390898 8470
7 3 2 398798 8470
7 3 3 387578 8090
7 3 4 387667 8061
8 3 1 572841 11900
8 3 2 575971 11450
8 3 3 572210 11450
8 3 4 577641 11420
9 3 1 818376 15870
9 3 2 821926 15370
9 3 3 815296 15220
9 3 4 821226 15340
10 3 1 1124231 20950
10 3 2 1112961 20510
10 3 3 1113691 20391
10 3 4 1109771 20291
11 3 1 1562939 27271
11 3 2 1505068 26240
11 3 3 1524289 26461
11 3 4 1502288 26121
12 3 1 1999378 34101
12 3 2 1962017 33771
12 3 3 1972847 33461
12 3 4 1957127 33820
13 3 1 2495428 43341
13 3 2 2461346 42510
13 3 3 2454407 42621
13 3 4 2446277 47881
14 3 1 3209931 52731
14 3 2 3148090 52391
14 3 3 3163010 52511
14 3 4 3149240 52711
15 3 1 3934565 64971
15 3 2 3842882 64162
15 3 3 3843063 64481
15 3 4 3806892 64172
16 3 1 4718619 79891
16 3 2 4643988 79471
16 3 3 4681319 79841
16 3 4 4633728 79072
17 3 1 5580666 92982
17 3 2 5534575 92302
17 3 3 5547355 93132
17 3 4 5495664 92731
18 3 1 6701657 110492
18 3 2 6885291 112862
18 3 3 6513844 113102
18 3 4 6533534 112022
19 3 1 7854418 130792
19 3 2 7637005 131613
19 3 3 7693126 130803
19 3 4 7686205 130742
20 3 1 8958640 151523
20 3 2 8876108 153123
20 3 3 8924519 151953
20 3 4 8881698 151652
21 3 1 10488899 183724
21 3 2 10380956 178883
21 3 3 10301175 176833
21 3 4 10269245 178254
22 3 1 12047588 202584
22 3 2 11804804 209774
22 3 3 11954856 203473
22 3 4 11915376 203134
23 3 1 13691050 230085
23 3 2 13470025 233105
23 3 3 13522997 227704
23 3 4 13457034 229624
24 3 1 15439393 262085
24 3 2 15397332 261775
24 3 3 15279300 263175
24 3 4 15309861 259725
25 3 1 17607184 303376
25 3 2 17248078 296646
25 3 3 17437320 295265
25 3 4 17324858 297625
26 3 1 19710444 335436
26 3 2 19518560 331136
26 3 3 19406428 330566
26 3 4 19459059 330526
27 3 1 22280903 373507
27 3 2 21822143 370317
27 3 3 21837964 369147
27 3 4 21868285 370037
28 3 1 24709898 414507
28 3 2 24416873 419668
28 3 3 24250630 412448
28 3 4 24339891 414118
29 3 1 27359479 459129
29 3 2 27057143 458409
29 3 3 27064613 460999
29 3 4 27080803 464378
30 3 1 30048769 509280
30 3 2 29842506 507650
30 3 3 29785084 513510
30 3 4 29924167 506930
31 3 1 33245960 563060
31 3 2 32950435 559400
31 3 3 32929574 557111
31 3 4 33087377 555640
32 3 1 36382959 625392
32 3 2 36132136 625822
32 3 3 36026553 624062
32 3 4 36359819 628232
33 3 1 39914528 674303
33 3 2 39499499 682073
33 3 3 39579300 674653
33 3 4 39637662 673752
34 3 1 43863981 739684
34 3 2 43379173 737344
34 3 3 43432503 742005
34 3 4 43507464 737284
35 3 1 48319967 816506
35 3 2 47384698 803545
35 3 3 47499601 804055
35 3 4 47498021 803275
36 3 1 51604119 884177
36 3 2 51353333 882727
36 3 3 51473786 876157
36 3 4 51620169 876986
37 3 1 56500901 958168
37 3 2 56053292 956808
37 3 3 56133424 948308
37 3 4 56281837 952518
38 3 1 60654560 1035120
38 3 2 60703851 1054460
38 3 3 60459537 1034500
38 3 4 60795842 1035990
39 3 1 66396979 1124331
39 3 2 65531182 1120201
39 3 3 65363809 1122262
39 3 4 65678745 1116371
40 3 1 70931885 1223783
40 3 2 70465147 1220423
40 3 3 70485996 1221363
40 3 4 70828062 1222203
41 3 1 76294036 1302415
41 3 2 76059752 1295904
41 3 3 75979710 1300965
41 3 4 76183764 1296965
42 3 1 82314790 1394157
42 3 2 81566296 1401237
42 3 3 81770770 1391616
42 3 4 82030605 1389897
43 3 1 88686561 1492709
43 3 2 87758254 1494238
43 3 3 88039360 1499168
43 3 4 88363035 1499059
44 3 1 94537852 1607110
44 3 2 99542587 1602901
44 3 3 99112989 1601681
44 3 4 99225972 1612130
45 3 1 106926778 1758153
45 3 2 106098041 1759963
45 3 3 105473250 1760493
45 3 4 105908218 1762263
46 3 1 112429652 1848215
46 3 2 112876431 1858326
46 3 3 112947211 1844926
46 3 4 113504632 1851115
47 3 1 120604026 1998448
47 3 2 121020475 1989477
47 3 3 120175128 2002758
47 3 4 120924693 2005787
48 3 1 128103309 2326574
48 3 2 128061518 2165750
48 3 3 127611380 2336644
48 3 4 127874255 2156321
49 3 1 136918825 2252703
49 3 2 136381016 2447946
49 3 3 136002198 2265583
49 3 4 136444917 2445376
50 3 1 144896866 2423556
50 3 2 145386797 2426196
50 3 3 145413167 2401356
50 3 4 145726562 2404236
51 3 1 152536342 2543108
51 3 2 153910178 2553048
51 3 3 152940130 2730202
51 3 4 153963679 2549219
52 3 1 162393229 2683431
52 3 2 162109594 2697361
52 3 3 162431909 2700122
52 3 4 163129332 2700702
53 3 1 172838936 2904246
53 3 2 173182684 2879395
53 3 3 172777265 2898344
53 3 4 173733604 2855314
54 3 1 182901397 3272353
54 3 2 177422304 3245562
54 3 3 177141209 3361484
54 3 4 178090077 3262702
55 3 1 186834042 3496686
55 3 2 188323281 3514577
55 3 3 187167178 3590838
55 3 4 186508077 3636830
56 3 1 199199156 3860983
56 3 2 203912446 3727881
56 3 3 203859635 3747071
56 3 4 203728453 3720160
57 3 1 215617838 4053317
57 3 2 215367664 3915654
57 3 3 214220732 4029396
57 3 4 214256953 3822693
58 3 1 227894151 4343482
58 3 2 226652998 4223070
58 3 3 228239637 4112768
58 3 4 226952874 4094127
59 3 1 237591325 4543716
59 3 2 238081734 4533056
59 3 3 236869081 4476756
59 3 4 237784038 4433524
60 3 1 250350847 4678658
60 3 2 251078571 4775081
60 3 3 249634093 4658359
60 3 4 249033221 4649098
61 3 1 263632168 5060957
61 3 2 262679351 5098876
61 3 3 262213061 4997046
61 3 4 263076838 4871892
62 3 1 274593827 4886872
62 3 2 276097115 5017225
62 3 3 276006174 4931784
62 3 4 274405352 4834872
63 3 1 287284918 5376692
63 3 2 287976230 5338902
63 3 3 288814006 5460293
63 3 4 289900247 5279820
64 3 1 301761361 5428813
64 3 2 302337023 5447083
64 3 3 300723942 5520585
64 3 4 303029476 5606106
65 3 1 316107215 5568855
65 3 2 317595161 5712119
65 3 3 317028682 5729198
65 3 4 315470861 5732649
66 3 1 332042117 5810930
66 3 2 330903995 5821891
66 3 3 330589979 5799690
66 3 4 331686030 5902141
67 3 1 348865895 6159496
67 3 2 350229762 5994504
67 3 3 346865578 5966253
67 3 4 345466052 6157347
68 3 1 363810109 6334810
68 3 2 359165971 6484412
68 3 3 366270846 6301339
68 3 4 364193447 6272549
69 3 1 379875654 6707637
69 3 2 376519650 6848409
69 3 3 382383992 6818589
69 3 4 382675206 6782008
70 3 1 396657672 6988483
70 3 2 392715437 6882580
70 3 3 396857776 6966372
70 3 4 398575818 6982293
71 3 1 412924120 7100225
71 3 2 409536616 7366310
71 3 3 415275476 7607144
71 3 4 415694003 7423971
72 3 1 430190267 7751607
72 3 2 426950757 8089164
72 3 3 432867379 7591464
72 3 4 433368119 7765288
73 3 1 451186337 8475081
73 3 2 444041751 8150455
73 3 3 448825332 8227716
73 3 4 453913118 8162755
74 3 1 470250528 8890628
74 3 2 462184526 8358679
74 3 3 468556166 8151585
74 3 4 470852830 8150114
75 3 1 483598331 8910299
75 3 2 484936557 8666694
75 3 3 489716857 8574893
75 3 4 487891643 8790077
76 3 1 506143909 9200455
76 3 2 500621594 9174094
76 3 3 505387185 9083123
76 3 4 507087537 8935579
77 3 1 521895469 9637373
77 3 2 518988053 9630813
77 3 3 531400618 9711304
77 3 4 525484057 9952129
78 3 1 549353069 10044521
78 3 2 541036341 9825027
78 3 3 545800792 9793345
78 3 4 546683788 9839617
79 3 1 565516196 10566311
79 3 2 566761740 10450908
79 3 3 568517963 10467039
79 3 4 568459991 10448719
80 3 1 586246519 11281434
80 3 2 584372514 10814835
80 3 3 586880172 10859406
80 3 4 592114381 10841615
81 3 1 607053654 11218113
81 3 2 603031428 11311045
81 3 3 609112204 11074540
81 3 4 610501040 11253333
82 3 1 638913629 11974418
82 3 2 628964050 11596480
82 3 3 631138842 11605260
82 3 4 633056279 11585580
83 3 1 656093405 12260293
83 3 2 650539230 12546648
83 3 3 657688616 12081139
83 3 4 659140714 12106599
84 3 1 680110851 13246521
84 3 2 673543407 12351444
84 3 3 677227636 12450297
84 3 4 680316086 12461706
85 3 1 710864405 12873584
85 3 2 706670176 13267321
85 3 3 704209409 13130609
85 3 4 706680685 13268862
86 3 1 729618622 13664859
86 3 2 730517668 13337494
86 3 3 730844714 13836503
86 3 4 725977422 13643379
87 3 1 752723189 14330032
87 3 2 752130358 14111858
87 3 3 751733391 14403373
87 3 4 752578347 14333982
88 3 1 785729786 14840332
88 3 2 783566585 14774520
88 3 3 781342953 15064215
88 3 4 783745059 14602127
89 3 1 804614735 14952814
89 3 2 806775846 15307900
89 3 3 805134306 15138888
89 3 4 806613142 15224200
90 3 1 834472371 15481694
90 3 2 843813840 15987453
90 3 3 846007871 15640537
90 3 4 846062742 15417942
91 3 1 875736595 16390960
91 3 2 867872066 16643806
91 3 3 868855295 16312200
91 3 4 868723013 15782880
92 3 1 896733825 16718467
92 3 2 897543300 16899550
92 3 3 902968764 16804659
92 3 4 903807189 16797918
93 3 1 930804672 17648335
93 3 2 928646581 17273909
93 3 3 925358488 17264638
93 3 4 927292665 17484011
94 3 1 955198765 18215225
94 3 2 957420027 18163185
94 3 3 955320848 18339598
94 3 4 961211040 18037033
95 3 1 989240892 18415400
95 3 2 989731941 17989952
95 3 3 990052077 18273497
95 3 4 983888050 18429830
96 3 1 1014771817 19194804
96 3 2 1013955472 19329776
96 3 3 1016015611 19189255
96 3 4 1017786385 19034592
97 3 1 1052605885 19620593
97 3 2 1051174229 19962759
97 3 3 1056019861 19946919
97 3 4 1053678255 20047090
98 3 1 1076356517 20970328
98 3 2 1081345552 20123302
98 3 3 1076774765 20171793
98 3 4 1083083725 20265725
99 3 1 1110931023 20832306
99 3 2 1116663083 20639381
99 3 3 1117373387 20965928
99 3 4 1118015959 21044850
100 3 1 1151477974 22080419
100 3 2 1143228418 21771453
100 3 3 1144974041 21430997
100 3 4 1146556841 21845985
101 3 1 1178959627 22309414
101 3 2 1183861729 22789403
101 3 3 1184814518 22210111
101 3 4 1184077896 22813453
102 3 1 1216905338 22496247
102 3 2 1220290762 23196630
102 3 3 1210458926 23067728
102 3 4 1214511803 23040688
103 3 1 1248981918 24064616
103 3 2 1251498596 23567978
103 3 3 1247225665 23565727
103 3 4 1254520784 23392954
104 3 1 1291164319 24716379
104 3 2 1296639744 24886102
104 3 3 1294458313 24803670
104 3 4 1282504826 24142078
105 3 1 1321410894 25256140
105 3 2 1325131385 24502435
105 3 3 1320902175 25431432
105 3 4 1327965140 24637638
106 3 1 1366824729 26048174
106 3 2 1359722104 25709077
106 3 3 1363919244 26075585
106 3 4 1362816303 25696507
107 3 1 1413196900 27535422
107 3 2 1415238708 26814829
107 3 3 1411387776 26926902
107 3 4 1409379138 27406271
108 3 1 1459667693 27346429
108 3 2 1459443249 27366930
108 3 3 1459960259 27316758
108 3 4 1455500915 26740118
109 3 1 1489284387 27418540
109 3 2 1490696564 28107553
109 3 3 1498442462 27843079
109 3 4 1494633129 28215235
110 3 1 1528685506 29861167
110 3 2 1538576085 28664224
110 3 3 1527135958 29081982
110 3 4 1529041524 28851227
111 3 1 1577156958 29254456
111 3 2 1567772440 29171884
111 3 3 1578386763 29546611
111 3 4 1569229009 29495360
112 3 1 1610735767 32422906
112 3 2 1617949204 31835024
112 3 3 1622277508 32858884
112 3 4 1613547262 31645620
113 3 1 1666066590 30677972
113 3 2 1663309447 31022210
113 3 3 1654028041 31296204
113 3 4 1654358219 31675572
114 3 1 1705747145 31523849
114 3 2 1706935348 31763464
114 3 3 1697817325 32148331
114 3 4 1708802714 32026448
115 3 1 1743251429 33142929
115 3 2 1743231739 32902545
115 3 3 1749665611 32989377
115 3 4 1743952664 33024557
116 3 1 1789403758 34456824
116 3 2 1786028063 33535677
116 3 3 1786843869 33336243
116 3 4 1789719805 33740120
117 3 1 1838914300 34719679
117 3 2 1841056330 35585727
117 3 3 1844668129 35059576
117 3 4 1843610200 34985494
118 3 1 1878089816 35414633
118 3 2 1879868810 35720429
118 3 3 1890903799 35695818
118 3 4 1889662047 35825890
119 3 1 1927117308 36480583
119 3 2 1938020876 36364761
119 3 3 1926475467 36450332
119 3 4 1929793732 36337770
120 3 1 1985055472 38491421
120 3 2 1976060941 37803098
120 3 3 1985439000 37865689
120 3 4 1974973942 37563913
121 3 1 2022522826 38782796
121 3 2 2034412392 38405290
121 3 3 2034327081 37737738
121 3 4 2030062330 38202286
122 3 1 2086469162 39007232
122 3 2 2084471275 39700454
122 3 3 2069516991 39208185
122 3 4 2076864642 39420919
123 3 1 2126591127 40248845
123 3 2 2134596690 40308296
123 3 3 2124449098 40173604
123 3 4 2132748906 40529400
124 3 1 2175078561 42010228
124 3 2 2172803708 42385436
124 3 3 2186345926 41920286
124 3 4 2175606813 42017529
125 3 1 2230370154 43126309
125 3 2 2230321143 42296584
125 3 3 2224173517 42546919
125 3 4 2230084270 43259442
126 3 1 2296123155 43659100
126 3 2 2292148511 44325172
126 3 3 2293713712 43699261
126 3 4 2289978361 43503307
127 3 1 2334384396 44958034
127 3 2 2335553158 44511786
127 3 3 2346987086 44811642
127 3 4 2347693040 45055286
128 3 1 2386677392 48402690
128 3 2 2401735909 48241058
128 3 3 2389564638 47163757
128 3 4 2386691125 47398480
129 3 1 2457799807 47743557
129 3 2 2443076587 47745688
129 3 3 2453521526 46794789
129 3 4 2446133506 47315149
130 3 1 2501282726 48361699
130 3 2 2511908867 48706115
130 3 3 2513692643 47995412
130 3 4 2506054638 47855840
131 3 1 2571595984 50044302
131 3 2 2572802398 49538862
131 3 3 2558500917 49178025
131 3 4 2564845948 49437160
132 3 1 2620286753 50358517
132 3 2 2635676496 50925078
132 3 3 2619955208 50912818
132 3 4 2630356707 50685923
133 3 1 2673362316 52030030
133 3 2 2674701882 51293305
133 3 3 2690638926 52490418
133 3 4 2674622941 51094971
134 3 1 2739086468 52722352
134 3 2 2740300732 52560270
134 3 3 2734758887 53812683
134 3 4 2740050349 52739543
135 3 1 2839555731 53877243
135 3 2 2841963878 53198202
135 3 3 2841824766 53220061
135 3 4 2839900740 53850424
136 3 1 2889250530 56801790
136 3 2 2889640888 56328082
136 3 3 2904743436 56751319
136 3 4 2906396508 56224469
137 3 1 2951653870 57917992
137 3 2 2967101294 56224809
137 3 3 2952976237 57165087
137 3 4 2952616221 57434822
138 3 1 3030055173 57985633
138 3 2 3018597757 58149076
138 3 3 3036432798 58248827
138 3 4 3019114288 58653015
139 3 1 3082785760 59906640
139 3 2 3101550608 60091652
139 3 3 3099573450 60540062
139 3 4 3096573944 58687846
140 3 1 3162784005 61090183
140 3 2 3160635854 60498771
140 3 3 3142194034 60136994
140 3 4 3153475689 61049762
141 3 1 3218624260 63646731
141 3 2 3232785981 62132461
141 3 3 3211537197 61995249
141 3 4 3229256095 63182873
142 3 1 3276451155 65253961
142 3 2 3277941923 62805085
142 3 3 3291747767 62285654
142 3 4 3275217064 63897825
143 3 1 3355204435 65301321
143 3 2 3348951788 64395645
143 3 3 3350281374 64782292
143 3 4 3356916921 65299432
144 3 1 3432333127 72014950
144 3 2 3433339396 72350397
144 3 3 3440751325 71201771
144 3 4 3441289778 73056032
145 3 1 3485274740 68258118
145 3 2 3487283234 68299209
145 3 3 3506585269 67465847
145 3 4 3506733862 67795904
146 3 1 3560426334 69196358
146 3 2 3574589780 67965549
146 3 3 3558330635 68842154
146 3 4 3563086500 70221488
147 3 1 3650272149 72018298
147 3 2 3629915170 70833230
147 3 3 3651022559 71331370
147 3 4 3631111281 69834317
148 3 1 3704516487 72013613
148 3 2 3726703338 71695230
148 3 3 3723565310 71369076
148 3 4 3714229163 72288412
149 3 1 3801450879 73452422
149 3 2 3795588929 72282495
149 3 3 3778258034 73359914
149 3 4 3783280679 74581506
150 3 1 3861230392 74111609
150 3 2 3872035211 75089186
150 3 3 3851743808 75258730
150 3 4 3878030487 74987927
151 3 1 3932408534 77906176
151 3 2 3929747417 77763465
151 3 3 3950376847 76479476
151 3 4 3924616282 76984046
152 3 1 4014577695 78730725
152 3 2 4006998397 79048602
152 3 3 4007554261 78543925
152 3 4 4014255265 79157707
153 3 1 4108444005 79550566
153 3 2 4112289235 79569237
153 3 3 4107742006 79781261
153 3 4 4117137638 80791880
154 3 1 4163566247 82114913
154 3 2 4165475177 80594570
154 3 3 4186954327 80026472
154 3 4 4186146070 81311534
155 3 1 4247074755 83181127
155 3 2 4270746383 82934713
155 3 3 4243786784 83465354
155 3 4 4243843511 81858569
156 3 1 4345555815 83381646
156 3 2 4327508113 83961037
156 3 3 4355450546 84393236
156 3 4 4324150151 81568040
157 3 1 4401073722 86192718
157 3 2 4431478096 84369309
157 3 3 4429334797 85450940
157 3 4 4413222594 86384566
158 3 1 4525413852 87770031
158 3 2 4533144579 86121615
158 3 3 4498941994 88559478
158 3 4 4502067483 86732068
159 3 1 4583767174 89021018
159 3 2 4599715601 90120839
159 3 3 4572408987 89351977
159 3 4 4603601321 90779873
160 3 1 4658352423 100576659
160 3 2 4668274279 104812713
160 3 3 4693066218 104679193
160 3 4 4665349554 104838687
161 3 1 4762592360 95733185
161 3 2 4754301457 97137399
161 3 3 4751918405 95191198
161 3 4 4759917457 98096269
162 3 1 4873538658 106583766
162 3 2 4863310562 106823451
162 3 3 4837885777 106134041
162 3 4 4863896117 106984257
163 3 1 4926027035 103505530
163 3 2 4950587233 102071607
163 3 3 4954049420 102754400
163 3 4 4930257120 101841066
164 3 1 5014421269 105102553
164 3 2 5045950100 105267937
164 3 3 5039286071 105058206
164 3 4 5016194141 105954984
165 3 1 5134671705 107032053
165 3 2 5124005439 107441711
165 3 3 5106279891 107316221
165 3 4 5135146575 108280349
166 3 1 5199722515 106775725
166 3 2 5211806952 108702630
166 3 3 5226904779 110261988
166 3 4 5236505041 108487570
167 3 1 5293211678 111040375
167 3 2 5325523446 111290411
167 3 3 5293963983 109961209
167 3 4 5325533818 111954395
168 3 1 5417755386 111871955
168 3 2 5392410152 114020045
168 3 3 5384919357 112493389
168 3 4 5418466285 114168360
169 3 1 5566419559 117429379
169 3 2 5546114792 119445815
169 3 3 5572795985 117770298
169 3 4 5556273012 118427041
170 3 1 5639070805 117186841
170 3 2 5671318066 117293084
170 3 3 5641904816 117883466
170 3 4 5655638380 117542902
171 3 1 5768693478 119159852
171 3 2 5766637979 117569236
171 3 3 5739817922 118887130
171 3 4 5769521419 119768337
172 3 1 5842275303 122844162
172 3 2 5870511934 122500428
172 3 3 5869989129 123295583
172 3 4 5841408659 121020025
173 3 1 5932317215 122548024
173 3 2 5970352310 124960248
173 3 3 5970681449 122572078
173 3 4 5946437522 123434144
174 3 1 6071750991 127216222
174 3 2 6049675063 127280955
174 3 3 6035955102 126754847
174 3 4 6067719556 126695117
175 3 1 6150539896 129133753
175 3 2 6164252401 129241686
175 3 3 6173775541 129387750
175 3 4 6179536205 129824349
176 3 1 6248022862 130855309
176 3 2 6280104993 131875319
176 3 3 6249725871 130837221
176 3 4 6285114532 131154738
177 3 1 6382335484 131789161
177 3 2 6351346390 133569775
177 3 3 6344575577 133320472
177 3 4 6386075605 133398394
178 3 1 6485169977 133830123
178 3 2 6457632190 132902487
178 3 3 6493130933 136195328
178 3 4 6470477624 133173677
179 3 1 6559677348 135325295
179 3 2 6599958336 136957537
179 3 3 6545019297 135623143
179 3 4 6563676646 136019512
180 3 1 6688167465 140346821
180 3 2 6691104514 139887084
180 3 3 6650254513 139039050
180 3 4 6691543140 139875407
181 3 1 6767530691 141083240
181 3 2 6803989220 138567296
181 3 3 8093539123 310314173
181 3 4 8395410057 247237968
182 3 1 8765526750 142065493
182 3 2 8405806194 319261745
182 3 3 8690088621 141686710
182 3 4 8232594625 325764518
183 3 1 8793220301 149038076
183 3 2 8404737583 145690387
183 3 3 8297061357 332176725
183 3 4 8802637700 324263295
184 3 1 8453027142 145828874
184 3 2 8469666604 145569161
184 3 3 8457881191 145964808
184 3 4 8513337766 145800448
185 3 1 8561132291 152703694
185 3 2 8335111371 328810226
185 3 3 8619893902 286491189
185 3 4 8595429964 335957152
186 3 1 8622559784 333018501
186 3 2 8499617617 338721119
186 3 3 8277617907 152928415
186 3 4 8768825204 150059055
187 3 1 8834086675 152578412
187 3 2 8131981110 155053828
187 3 3 8894154998 153659395
187 3 4 8790684129 152352201
188 3 1 8762910970 363112212
188 3 2 8399956235 161082493
188 3 3 8935481033 159909713
188 3 4 8973877442 184130587
189 3 1 8364749404 158539750
189 3 2 9074426647 158991199
189 3 3 8398086810 157841501
189 3 4 9012713910 157328241
190 3 1 8458754093 306137198
190 3 2 9103298100 160990350
190 3 3 9138449156 160201827
190 3 4 8464796081 160804139
191 3 1 9273093890 176681352
191 3 2 8651828077 173711648
191 3 3 8659439040 173592327
191 3 4 9255623368 171636302
192 3 1 9295039528 378019964
192 3 2 8789679428 168530678
192 3 3 9376770432 168816603
192 3 4 8737831275 168149362
193 3 1 9487765405 172566884
193 3 2 8845178606 174627773
193 3 3 8876122122 171652630
193 3 4 9523820182 172189660
194 3 1 8950977805 172376384
194 3 2 9670666695 172073240
194 3 3 8957792822 339808360
194 3 4 9557780063 171625483
195 3 1 9124142718 174871244
195 3 2 9105046669 175839542
195 3 3 9222857584 391204085
195 3 4 10899751575 174589692
196 3 1 11261562940 371546857
196 3 2 10552369859 176711382
196 3 3 10585842510 177194892
196 3 4 10547230098 178490906
197 3 1 10664034466 179322103
197 3 2 10574927069 400764836
197 3 3 10204586902 408956608
197 3 4 10523647847 180484547
198 3 1 10834185963 183361120
198 3 2 10479268316 394641329
198 3 3 10541817869 182543767
198 3 4 10722746920 411737328
199 3 1 10477052986 195224904
199 3 2 10334263674 195699123
199 3 3 10315529816 195708664
199 3 4 10310695854 195624163
200 3 1 11105527804 283097314
200 3 2 10459468836 198680611
200 3 3 10474127824 198930756
200 3 4 10418049652 199836444
201 3 1 10640950108 189692106
201 3 2 10524914482 352484186
201 3 3 10537673033 313831249
201 3 4 10665786744 269976707
202 3 1 10712118647 308997782
202 3 2 10022618586 322459212
202 3 3 10702768136 192375830
202 3 4 10092061623 193327888
203 3 1 10812354361 194995190
203 3 2 10865078542 196023089
203 3 3 10794266438 195210775
203 3 4 11004283196 222079793
204 3 1 10319967948 402064627
204 3 2 10907072179 202257817
204 3 3 10790507682 440900011
204 3 4 10927600727 407958540
205 3 1 11033094975 381880687
205 3 2 10905670654 201530956
205 3 3 11153697560 203193327
205 3 4 11092114331 201313543
206 3 1 10601496875 206369747
206 3 2 11310588154 210417523
206 3 3 11313287131 212685405
206 3 4 11350603058 317440274
207 3 1 10858981739 208436007
207 3 2 11658039875 423857146
207 3 3 13177763648 219888531
207 3 4 12745688638 407263148
208 3 1 12722673647 473383620
208 3 2 12497506654 214349049
208 3 3 12979151305 222504912
208 3 4 12240949269 218791943
209 3 1 12334132317 214938442
209 3 2 12413832725 213889562
209 3 3 12387582288 214553916
209 3 4 12376708218 216248767
210 3 1 12572971986 217119744
210 3 2 12544299953 217487471
210 3 3 11871080103 275394320
210 3 4 12491780496 217394510
211 3 1 11996831533 218970970
211 3 2 12685500693 220376747
211 3 3 12486588916 490362688
211 3 4 12227346445 219755586
212 3 1 12149075264 495618986
212 3 2 12622485265 225605265
212 3 3 12219514797 250455328
212 3 4 11517931397 229320591
213 3 1 11131404701 235554312
213 3 2 11081829763 235411634
213 3 3 11066944349 235099980
213 3 4 11126182531 231735028
214 3 1 11277815202 238017702
214 3 2 11227678688 237930084
214 3 3 11279494704 233971061
214 3 4 11238462718 238280981
215 3 1 11374564435 238653253
215 3 2 11433393564 238076447
215 3 3 11377077212 237738404
215 3 4 11395298536 236729549
216 3 1 11588910236 240771842
216 3 2 11592799474 241374062
216 3 3 11534746012 238694759
216 3 4 11592228528 241562888
217 3 1 11695829365 244471457
217 3 2 11754294877 243981174
217 3 3 11749102287 243949490
217 3 4 11700501828 243561220
218 3 1 11848758077 246896818
218 3 2 11910130160 245672670
218 3 3 11905790719 245135148
218 3 4 11857187311 246691179
219 3 1 12066475474 250456386
219 3 2 12026489972 250493557
219 3 3 12010565791 249421033
219 3 4 12069026064 248257007
220 3 1 12177286855 253836123
220 3 2 12194361648 253433914
220 3 3 12233037631 254572398
220 3 4 12239893751 255368654
221 3 1 12349427447 261437409
221 3 2 12413128957 260344896
221 3 3 12345928411 260924360
221 3 4 12411407024 255179742
222 3 1 12554751381 263646126
222 3 2 12499658015 263433683
222 3 3 12487474903 264381283
222 3 4 12562736133 262744950
223 3 1 12727198845 260305853
223 3 2 12667738918 264350466
223 3 3 12724372132 266115024
223 3 4 12689807534 262217157
224 3 1 12822472222 273832514
224 3 2 12899057943 270336725
224 3 3 12821639963 272027711
224 3 4 12855535406 273609897
225 3 1 13063258181 273091869
225 3 2 13066588882 273522179
225 3 3 12993394123 268719446
225 3 4 13063484937 272123528
226 3 1 13173812392 275820094
226 3 2 13238394719 276273408
226 3 3 13235802787 274110988
226 3 4 13170455367 273990529
227 3 1 13339403291 280687896
227 3 2 13414837256 279697269
227 3 3 13412827510 277576091
227 3 4 13349177654 278315170
228 3 1 13584889824 279567949
228 3 2 13546066703 285565523
228 3 3 13508772301 285709780
228 3 4 13587457769 283713735
229 3 1 13684531593 303456910
229 3 2 13717995700 304044486
229 3 3 13755356399 303293727
229 3 4 13764566187 298251982
230 3 1 13857900752 289999764
230 3 2 13940538077 290434157
230 3 3 13863470027 288683688
230 3 4 13939792629 289427769
231 3 1 14118856444 342196782
231 3 2 14047146345 341178007
231 3 3 14036382144 342708872
231 3 4 14118321920 341385401
232 3 1 14299205396 297733039
232 3 2 14232062531 296192976
232 3 3 14298045101 297018167
232 3 4 14256553502 296476703
233 3 1 14401406052 300953017
233 3 2 14483094209 298054777
233 3 3 14402354075 303752955
233 3 4 14433711627 299513858
234 3 1 14664824932 306289846
234 3 2 14666502878 305597070
234 3 3 14581210353 305985614
234 3 4 14667357687 305923670
235 3 1 14783060377 308548557
235 3 2 14860206067 311637225
235 3 3 14859350764 308511061
235 3 4 14787431172 309138041
236 3 1 14949878101 316203484
236 3 2 15043254499 316383995
236 3 3 15039536692 315586327
236 3 4 14970825989 318052351
237 3 1 15225584975 320594049
237 3 2 15178083049 316671760
237 3 3 15139039571 320795237
237 3 4 15226246967 315006563
238 3 1 15335090507 328593264
238 3 2 15375252851 327190954
238 3 3 15424184919 328854033
238 3 4 15424879495 328048566
239 3 1 15526981686 325889472
239 3 2 15614036987 324810379
239 3 3 15537644900 324594123
239 3 4 15616874365 325545550
240 3 1 15799837883 333681585
240 3 2 15729341178 332974149
240 3 3 15715911350 333028718
240 3 4 15798419117 330810882
241 3 1 15998556733 339254775
241 3 2 15933636446 340879555
241 3 3 16000420891 343172797
241 3 4 15946754279 340606075
242 3 1 16116256298 340496992
242 3 2 16197681602 346436295
242 3 3 16114097899 340540510
242 3 4 16140357024 347287209
243 3 1 16437357613 339634259
243 3 2 16448619991 343764067
243 3 3 16362337644 343079523
243 3 4 16446128583 343985899
244 3 1 16525668320 349014094
244 3 2 16600896296 348109855
244 3 3 16595723537 349118394
244 3 4 16530453015 347592683
245 3 1 16714012539 350984017
245 3 2 16798435267 352325773
245 3 3 16802411220 350564137
245 3 4 16725522391 350330802
246 3 1 17002860769 367661194
246 3 2 16941328399 371438795
246 3 3 16909658652 366904627
246 3 4 17001681144 371198869
247 3 1 17119413090 356546607
247 3 2 17144288252 364530138
247 3 3 17206665488 358969701
247 3 4 17206099266 362797503
248 3 1 17327813423 385378276
248 3 2 17420183496 383896299
248 3 3 17336298279 383520214
248 3 4 17422083879 385384822
249 3 1 17621050799 371207704
249 3 2 17544432561 370605739
249 3 3 17534142163 371979683
249 3 4 17625946477 373216643
250 3 1 17834383202 373653201
250 3 2 17755012670 374342450
250 3 3 17834327949 373840671
250 3 4 17769893703 373570773
251 3 1 17963354785 378028770
251 3 2 18056543871 377524387
251 3 3 17959437429 379295902
251 3 4 17986015829 376759801
252 3 1 18259122459 380119027
252 3 2 18264434054 381173366
252 3 3 18165389848 379937326
252 3 4 18265979526 383772497
253 3 1 18375977113 388150639
253 3 2 18475496740 380117441
253 3 3 18472434832 387306338
253 3 4 18394639535 385742247
254 3 1 18600385597 390269238
254 3 2 18696370676 388792127
254 3 3 18698253232 390990808
254 3 4 18609839980 390025624
255 3 1 18927779279 396421037
255 3 2 18858687615 397070078
255 3 3 18831876694 397478346
255 3 4 18930286505 395970929
256 3 1 19035069766 900239391
256 3 2 19053707839 901110609
256 3 3 19125407133 900991090
256 3 4 19128844428 900923678
257 3 1 19249641813 407507583
257 3 2 19351796832 407313007
257 3 3 19263755965 401952177
257 3 4 19349724227 404741372
258 3 1 19575401779 450416386
258 3 2 19492079770 450997512
258 3 3 19473975075 448619875
258 3 4 19576768330 451131805
259 3 1 19803975301 414551826
259 3 2 19719675075 413703323
259 3 3 19805996335 415156500
259 3 4 19733178803 411650269
260 3 1 19924733535 418849900
260 3 2 20029259925 421316106
260 3 3 19929022751 418558956
260 3 4 19958847248 421523229
261 3 1 20261402036 423235851
261 3 2 20273260237 426561131
261 3 3 20159046896 423176538
261 3 4 20268405284 421906104
262 3 1 20395483474 483981540
262 3 2 20490995204 483143033
262 3 3 20488678750 482839637
262 3 4 20401266752 482434569
263 3 1 20610505383 439867190
263 3 2 20724463630 438616015
263 3 3 20719203831 438363507
263 3 4 20632196104 439437793
264 3 1 20964833308 441088110
264 3 2 20891540820 448203787
264 3 3 20861053692 442984308
264 3 4 20968098181 445015281
265 3 1 21089348106 444014777
265 3 2 21116771121 444606814
265 3 3 21195303143 444695811
265 3 4 21196886175 442464514
266 3 1 21319649115 450310434
266 3 2 21430690623 450557954
266 3 3 21331598656 447777946
266 3 4 21428932636 449192087
267 3 1 21664297275 455615839
267 3 2 21577417727 450537489
267 3 3 21558673829 454907954
267 3 4 21673435844 453927020
268 3 1 22157757500 458186802
268 3 2 22067762249 459394467
268 3 3 22154436664 459147697
268 3 4 22084663691 459636498
269 3 1 22272321632 467132870
269 3 2 22400263765 463699840
269 3 3 22270537704 464570779
269 3 4 22329087550 465550450
270 3 1 22640861914 469616647
270 3 2 22644446576 471092507
270 3 3 22518803717 469555311
270 3 4 22651431299 470560282
271 3 1 22774650734 477731418
271 3 2 22891070428 478631426
271 3 3 22886603989 473490723
271 3 4 22787486137 477374277
272 3 1 23005299312 481845382
272 3 2 23136988166 480561911
272 3 3 23136827020 481280065
272 3 4 23030922707 482259085
273 3 1 23389654289 483308297
273 3 2 23321327909 482875410
273 3 3 23254330615 485746450
273 3 4 23390365411 479767946
274 3 1 23511768021 496367211
274 3 2 23565306388 497166462
274 3 3 23641460574 493828614
274 3 4 23648148797 495902611
275 3 1 23760474931 502106116
275 3 2 23909501013 499344471
275 3 3 23775758628 499545393
275 3 4 23905012036 498425671
276 3 1 24150590584 499778839
276 3 2 24034818839 500671038
276 3 3 24015409740 499864766
276 3 4 24154669149 500851724
277 3 1 24411829481 510033710
277 3 2 24291625919 506807025
277 3 3 24408112667 508540061
277 3 4 24342003309 509014805
278 3 1 24532543272 514635557
278 3 2 24676154866 516094157
278 3 3 24531789504 515671402
278 3 4 24598411755 516194102
279 3 1 24936938575 527613211
279 3 2 24941028345 529265562
279 3 3 24810136243 529215891
279 3 4 24940785481 525071097
280 3 1 25092282594 523386205
280 3 2 25207337001 525422147
280 3 3 25204467265 526239618
280 3 4 25097444197 523803870
281 3 1 25346977588 544249185
281 3 2 25476920756 542011641
281 3 3 25478883373 535267865
281 3 4 25365769040 542262462
282 3 1 25728425534 538765922
282 3 2 25643961465 538778885
282 3 3 25597323874 536988154
282 3 4 25737702160 539262545
283 3 1 25884884870 541994954
283 3 2 25922171332 541871941
283 3 3 26015565175 542198886
283 3 4 26025494727 540914522
284 3 1 26150087350 548729030
284 3 2 26288264469 548374743
284 3 3 26162942013 551117379
284 3 4 26290760232 551964662
285 3 1 26550047373 552786134
285 3 2 26443933741 556803683
285 3 3 26418096108 554503147
285 3 4 26555211986 555075404
286 3 1 26826845643 568146514
286 3 2 26711210596 567503799
286 3 3 26827336523 568735926
286 3 4 26728086442 565656836
287 3 1 26964915089 564434888
287 3 2 27103946058 565031064
287 3 3 26963732743 557409831
287 3 4 27004675231 567151140
288 3 1 27375860979 572032662
288 3 2 27384986219 571294862
288 3 3 27238954517 571988349
288 3 4 27385928266 569608780
289 3 1 27543130315 577148868
289 3 2 27672490922 575684685
289 3 3 27656483496 572377169
289 3 4 27551938103 569523319
290 3 1 27815380905 600223717
290 3 2 27962965678 597362308
290 3 3 27957914444 600284343
290 3 4 27842255842 600320466
291 3 1 28223583630 582706300
291 3 2 28130932323 584066296
291 3 3 28085548606 590689008
291 3 4 28229118566 588970729
292 3 1 28367006751 594439690
292 3 2 28408977543 592156200
292 3 3 28515808488 589133526
292 3 4 28518603830 595823687
293 3 1 28663234285 602063520
293 3 2 28807621461 599723828
293 3 3 28657285769 599316671
293 3 4 28802774074 595370040
294 3 1 29090675803 604896369
294 3 2 28961846148 604588033
294 3 3 28936391972 607577994
294 3 4 29096224582 606687087
295 3 1 29389307285 741132113
295 3 2 29238055469 735764664
295 3 3 29385182643 740492957
295 3 4 29292252896 742412190
296 3 1 29520628678 619133442
296 3 2 29690784071 618128031
296 3 3 29521262967 620543388
296 3 4 29603229216 618462657
297 3 1 29977589427 624360747
297 3 2 29982415240 625605704
297 3 3 29802022690 624485088
297 3 4 29976655534 629587844
298 3 1 30118642970 629607169
298 3 2 30276909493 632123798
298 3 3 30272458832 632877215
298 3 4 30127866922 627549761
299 3 1 30482597203 639376297
299 3 2 30665197903 636782615
299 3 3 30655126396 637985559
299 3 4 30514022057 637602015
300 3 1 30876301801 645935438
300 3 2 30783469189 644902731
300 3 3 30703421099 643901105
300 3 4 30881472468 639748512
301 3 1 31011146069 690472581
301 3 2 31084740699 689037167
301 3 3 31179208043 690454255
301 3 4 31191838712 688692434
302 3 1 31312685164 657542773
302 3 2 31492154703 657185398
302 3 3 31326290741 657734809
302 3 4 31495511406 658802020
303 3 1 31799928184 660582613
303 3 2 31651595948 656160124
303 3 3 31614316346 664891823
303 3 4 31798240656 663442838
304 3 1 32107520601 672694956
304 3 2 31955180471 675606100
304 3 3 32114461856 673790758
304 3 4 32007603561 672893352
305 3 1 32240909944 677586088
305 3 2 32423819811 681323027
305 3 3 32239383435 679241049
305 3 4 32319082409 675861129
306 3 1 32739156277 685317781
306 3 2 32740587750 686878120
306 3 3 32552603001 683549250
306 3 4 32741457418 674147301
307 3 1 32887148749 687065875
307 3 2 33056254994 694293436
307 3 3 33052403516 691684769
307 3 4 32887619610 690015980
308 3 1 33187458090 700573481
308 3 2 33376041533 697893793
308 3 3 33380451200 702242921
308 3 4 33214967509 702898674
309 3 1 33695122633 708077481
309 3 2 33589068151 705395888
309 3 3 33497049635 708096378
309 3 4 33697416633 706235065
310 3 1 33826937142 709069106
310 3 2 33911772796 713109235
310 3 3 34081067672 708054013
310 3 4 34043551458 710890219
311 3 1 34357608756 716502425
311 3 2 34542370218 715766597
311 3 3 34383718604 716603424
311 3 4 34542087052 714775485
312 3 1 34691044796 760380570
312 3 2 34548192134 761486991
312 3 3 34518919467 759129909
312 3 4 34699607905 759572309
313 3 1 35026077823 742348920
313 3 2 34873276950 741799419
313 3 3 35019419421 740875931
313 3 4 34897016852 743638157
314 3 1 35158867750 740891486
314 3 2 35346516831 739547609
314 3 3 35158698540 738645068
314 3 4 35210892511 738675965
315 3 1 35670840704 753096928
315 3 2 35679200697 753672664
315 3 3 35494722199 756159814
315 3 4 35676945592 749080300
316 3 1 35843430479 755123954
316 3 2 36014813164 753191623
316 3 3 36008200755 756886153
316 3 4 35858980920 754764388
317 3 1 36157673662 756146546
317 3 2 36355571478 761590697
317 3 3 36348308095 760919678
317 3 4 36192028980 760300069
318 3 1 36687928119 876978413
318 3 2 36562342271 881142220
318 3 3 36498466226 880095314
318 3 4 36689696606 879522176
319 3 1 36848260664 777496240
319 3 2 36896970407 775505455
319 3 3 37031531062 774351396
319 3 4 37041762131 777642358
320 3 1 37205243916 784945850
320 3 2 37391704922 789746599
320 3 3 37216287151 788708800
320 3 4 37387829759 792690794
321 3 1 37719402400 788722293
321 3 2 37533280123 793958978
321 3 3 37494437999 793446170
321 3 4 37718944728 791011877
322 3 1 38066846873 801495927
322 3 2 37883032044 803096377
322 3 3 38058913041 807006777
322 3 4 37947080689 802598230
323 3 1 38200119576 804082045
323 3 2 38422021043 790990785
323 3 3 38193750276 799224092
323 3 4 38293514429 804956863
324 3 1 38767702223 810082413
324 3 2 38788981955 812428512
324 3 3 38557863180 812968946
324 3 4 38775266949 812315759
325 3 1 38929461812 828692660
325 3 2 39129544899 830526864
325 3 3 39121827587 828450315
325 3 4 38928976688 827882382
326 3 1 39260525124 816541068
326 3 2 39480836025 827656040
326 3 3 39479586256 827639444
326 3 4 39289215333 833013753
327 3 1 39835519944 832661830
327 3 2 39719959113 835107444
327 3 3 39619200077 835367489
327 3 4 39848102393 829718278
328 3 1 39971229985 835919538
328 3 2 40080038781 843641044
328 3 3 40205721277 843092021
328 3 4 40208199779 840911970
329 3 1 40339703929 854984888
329 3 2 40572322433 854403444
329 3 3 40367529467 854356258
329 3 4 40576696787 849890713
330 3 1 40929255060 862099098
330 3 2 40740574719 863195061
330 3 3 40701093621 859277515
330 3 4 40944754776 861113832
331 3 1 41307667025 878800313
331 3 2 41101782403 873697094
331 3 3 41307329069 876352475
331 3 4 41178648684 877279115
332 3 1 41440112811 887339169
332 3 2 41688091908 890624259
332 3 3 41442158689 880824866
332 3 4 41542722376 889002194
333 3 1 42045486869 887044502
333 3 2 42056950774 883349018
333 3 3 41804150050 883940660
333 3 4 42052652275 877451334
334 3 1 42208295621 886918746
334 3 2 42433560654 892548528
334 3 3 42419672814 889986563
334 3 4 42216347269 889689320
335 3 1 42561882271 897293717
335 3 2 42813191037 897491828
335 3 3 42804185856 899035979
335 3 4 42590950479 897994905
336 3 1 43185447176 905687196
336 3 2 43049987111 904743253
336 3 3 42938621765 909436119
336 3 4 43185137232 906981180
337 3 1 43313841862 961718892
337 3 2 43423323516 964052957
337 3 3 43564503760 967665164
337 3 4 43567448937 964445999
338 3 1 44193559667 920857750
338 3 2 44448804802 920326812
338 3 3 44216591952 919748483
338 3 4 44441662465 916202701
339 3 1 44828980591 938907879
339 3 2 44607377410 941402256
339 3 3 44576404693 939459871
339 3 4 44840350331 945078693
340 3 1 45222941944 959786078
340 3 2 45033365597 966937497
340 3 3 45222718378 960765327
340 3 4 45070929774 963889825
341 3 1 45386973040 972671813
341 3 2 45624842338 980668668
341 3 3 45392723895 971055755
341 3 4 45454682093 977236456
342 3 1 46014284940 953579243
342 3 2 46027920858 955430816
342 3 3 45773880630 954095702
342 3 4 46018770924 957684248
343 3 1 46198876923 1018729743
343 3 2 46416653019 1013392537
343 3 3 46407463928 1019252733
343 3 4 46219689812 1018931508
344 3 1 46564718227 977742769
344 3 2 46819103373 984892598
344 3 3 46803167319 987549885
344 3 4 46602369784 975494459
345 3 1 47213529763 1008728106
345 3 2 47065191518 1016210770
345 3 3 46983672741 1007975992
345 3 4 47221206311 1014504270
346 3 1 47369028081 990037721
346 3 2 47442101944 985943987
346 3 3 47614602802 986239780
346 3 4 47620672193 984424558
347 3 1 47766632747 1007015842
347 3 2 48020186407 1009513517
347 3 3 47801322751 1006272849
347 3 4 48030955424 1011318290
348 3 1 48426151972 1003619196
348 3 2 48226878889 1003218842
348 3 3 48184377048 1008229718
348 3 4 48431091645 1004404805
349 3 1 48836342554 1017976772
349 3 2 48622829088 1011126666
349 3 3 48832386272 1017659209
349 3 4 48664808021 1019721820
350 3 1 48994109978 1026953768
350 3 2 49256865481 1029385208
350 3 3 48995412078 1023470169
350 3 4 49068441504 1027706954
351 3 1 49656625155 1048492541
351 3 2 49679634009 1040933465
351 3 3 49405229963 1043614705
351 3 4 49667404414 1039565695
352 3 1 49876957891 1060758201
352 3 2 50110548893 1055071522
352 3 3 50091745867 1060975822
352 3 4 49890895678 1059033722
353 3 1 50241546242 1062644694
353 3 2 50505081601 1059197366
353 3 3 50505808519 1054775972
353 3 4 50292778995 1061134663
354 3 1 50920497643 1103055028
354 3 2 50750254913 1113941121
354 3 3 50664410613 1105364793
354 3 4 50928999041 1110854131
355 3 1 51175498101 1115659315
355 3 2 51246073046 1123264500
355 3 3 51427094554 1122008636
355 3 4 51447005881 1119194183
356 3 1 51503783474 1130217150
356 3 2 51786812399 1131164682
356 3 3 51552676378 1129322123
356 3 4 51777145409 1128430109
357 3 1 52197429350 1111966730
357 3 2 51980528704 1110358809
357 3 3 51942344179 1113036443
357 3 4 52208652170 1113792515
358 3 1 52646964351 1128357671
358 3 2 52420192069 1127721474
358 3 3 52642097926 1123505662
358 3 4 52458055794 1126756110
359 3 1 52871858169 1155947443
359 3 2 53150470091 1164924228
359 3 3 52872428951 1158673699
359 3 4 52959062769 1171145800
360 3 1 53502242073 1112312747
360 3 2 53527814653 1111934108
360 3 3 53205251854 1107967956
360 3 4 53506276474 1111059683
361 3 1 53673017337 1126872652
361 3 2 53957088889 1128542324
361 3 3 53942305143 1136523491
361 3 4 53680848026 1131100408
362 3 1 54052353515 1141375177
362 3 2 54384285700 1134580149
362 3 3 54374187308 1139701269
362 3 4 54112770293 1138885099
363 3 1 54815330759 1147345648
363 3 2 54647080734 1142921985
363 3 3 54508153087 1140074681
363 3 4 54824281078 1145089308
364 3 1 54951310558 1141638845
364 3 2 55084765015 1149656597
364 3 3 55264314267 1148397612
364 3 4 55288593428 1150696712
365 3 1 55436019856 1157256099
365 3 2 55727482571 1146497303
365 3 3 55470539356 1162889048
365 3 4 55732631936 1160052180
366 3 1 56159232925 1169040968
366 3 2 55930220654 1166953934
366 3 3 55884734888 1157859125
366 3 4 56185630665 1167215157
367 3 1 56677232076 1182445007
367 3 2 56436462795 1182571892
367 3 3 56669488344 1177790807
367 3 4 56475680098 1183053466
368 3 1 56790749623 1190435181
368 3 2 57088566325 1189849822
368 3 3 56789482940 1184186192
368 3 4 56873347967 1192637546
369 3 1 57537342170 1202415355
369 3 2 57551435670 1196155032
369 3 3 57244980918 1202033309
369 3 4 57547097101 1196929289
370 3 1 57745375873 1214473066
370 3 2 58018994481 1210314762
370 3 3 58001053105 1209378875
370 3 4 57759547992 1210358904
371 3 1 58172211352 1219454350
371 3 2 58475755038 1216815682
371 3 3 58469042921 1220776954
371 3 4 58213856617 1218131937
372 3 1 58921605103 1327135969
372 3 2 58723496249 1320051071
372 3 3 58624203188 1324698676
372 3 4 58944232118 1325879916
373 3 1 59107422462 1232205682
373 3 2 59196248999 1238452165
373 3 3 59394515183 1236826397
373 3 4 59422498068 1234473874
374 3 1 59564744418 1317500396
374 3 2 59888787774 1316835146
374 3 3 59607731037 1315636007
374 3 4 59885341437 1310607637
375 3 1 60339651299 1286059474
375 3 2 60088906653 1286584972
375 3 3 60033451743 1289736036
375 3 4 60347442022 1288667884
376 3 1 60877438141 1336089275
376 3 2 60615435043 1340431528
376 3 3 60872906521 1339099220
376 3 4 60661263539 1342189880
377 3 1 60983120240 1298708748
377 3 2 61308556067 1301395651
377 3 3 60938774617 1301077697
377 3 4 61097732585 1304811797
378 3 1 61996735081 1285483821
378 3 2 62012684753 1292170734
378 3 3 61678142392 1284118769
378 3 4 62004645169 1278555801
379 3 1 62043112194 1303086785
379 3 2 62332907883 1300272116
379 3 3 62316263148 1301989368
379 3 4 62048484450 1308090928
380 3 1 62427017382 1308823784
380 3 2 62766307450 1312140133
380 3 3 62747319740 1306887099
380 3 4 62488529846 1313286667
381 3 1 63228110886 1355792884
381 3 2 63019401659 1359976010
381 3 3 62919032646 1361582210
381 3 4 63243062429 1364790709
382 3 1 63419199898 1363648468
382 3 2 63523136539 1360941160
382 3 3 63738237177 1348673211
382 3 4 63757060960 1358661460
383 3 1 63889451183 1439452752
383 3 2 64244792614 1442711053
383 3 3 63934331177 1442214711
383 3 4 64248893182 1438185173
384 3 1 64721248399 1353658061
384 3 2 64447934278 1356721740
384 3 3 64393000244 1357678578
384 3 4 64727921046 1359313087
385 3 1 65297841920 1461035508
385 3 2 64985533518 1460085977
385 3 3 65299320776 1461529316
385 3 4 65081846520 1452263482
386 3 1 65383318945 1463186419
386 3 2 65735175139 1462216202
386 3 3 65381841233 1463256468
386 3 4 65492883684 1460030517
387 3 1 66225499010 1398528767
387 3 2 66243845733 1399298477
387 3 3 65887146347 1399612987
387 3 4 66237841129 1389267254
388 3 1 66437368903 1398663376
388 3 2 66749353673 1400482103
388 3 3 66732360650 1398380087
388 3 4 66446464104 1399003231
389 3 1 66890961181 1439446552
389 3 2 67251656463 1443403186
389 3 3 67246538076 1439597519
389 3 4 66957206745 1438506710
390 3 1 67755410070 1414662190
390 3 2 67521697544 1414064372
390 3 3 67419862777 1416248697
390 3 4 67772892888 1403819873
391 3 1 67990887009 1424875996
391 3 2 68095810407 1423196260
391 3 3 68330019412 1430765032
391 3 4 68357583153 1431554570
392 3 1 68444570926 1444013912
392 3 2 68797402337 1439607769
392 3 3 68476496109 1439698263
392 3 4 68794749337 1448078692
393 3 1 69319340223 1447615361
393 3 2 69029580051 1448104406
393 3 3 68964778820 1453308872
393 3 4 69326662639 1449261801
394 3 1 69856435628 1463872293
394 3 2 69552370339 1464682037
394 3 3 69842005795 1464979339
394 3 4 69600391064 1463352557
395 3 1 70001450697 1487000267
395 3 2 70365943211 1491822009
395 3 3 70005487608 1487343652
395 3 4 70101967717 1492118242
396 3 1 70886252253 1479292465
396 3 2 70910562942 1483527114
396 3 3 70531919872 1483574708
396 3 4 70895779914 1485047846
397 3 1 71101991215 1487074735
397 3 2 71468592328 1492900823
397 3 3 71457324662 1496814955
397 3 4 71097248539 1497551297
398 3 1 71538128503 1536175380
398 3 2 71948798961 1535650003
398 3 3 71936089337 1536613961
398 3 4 71607820182 1534903266
399 3 1 72488148344 1522462688
399 3 2 72231856069 1513485990
399 3 3 72119963418 1521159178
399 3 4 72500267877 1515949273
400 3 1 72723532593 1532504269
400 3 2 72840334589 1530674693
400 3 3 73086292393 1535335052
400 3 4 73110758984 1536198284
