1 2 1 389307 80582
1 2 2 27311 9150
1 2 3 11710 6980
1 2 4 11200 6480
2 2 1 24591 9220
2 2 2 20111 6780
2 2 3 18871 6410
2 2 4 18741 6440
3 2 1 45331 7561
3 2 2 30550 6460
3 2 3 29731 6750
3 2 4 28961 6620
4 2 1 45641 7241
4 2 2 42781 6820
4 2 3 41991 6500
4 2 4 42761 6551
5 2 1 71061 7870
5 2 2 63641 6780
5 2 3 62051 6780
5 2 4 63762 7930
6 2 1 108712 9040
6 2 2 92482 7250
6 2 3 84872 6840
6 2 4 83931 6790
7 2 1 111452 7930
7 2 2 116382 7280
7 2 3 109902 7121
7 2 4 110202 7020
8 2 1 149762 8170
8 2 2 140133 7120
8 2 3 137693 7260
8 2 4 160883 7271
9 2 1 173273 7931
9 2 2 171713 7390
9 2 3 173504 7270
9 2 4 183674 7830
10 2 1 217314 8600
10 2 2 210154 7560
10 2 3 209393 7720
10 2 4 209934 7620
11 2 1 222194 7250
11 2 2 236774 7510
11 2 3 215114 6320
11 2 4 213134 6250
12 2 1 252465 7260
12 2 2 252395 6720
12 2 3 250095 6750
12 2 4 251575 6780
13 2 1 298515 7680
13 2 2 289265 6950
13 2 3 303196 7300
13 2 4 291336 6760
14 2 1 337927 7990
14 2 2 378697 8660
14 2 3 323605 3290
14 2 4 153442 3211
15 2 1 190733 3740
15 2 2 178854 3360
15 2 3 181303 3330
15 2 4 184324 3420
16 2 1 207254 3770
16 2 2 203654 3520
16 2 3 203874 3470
16 2 4 201974 3400
17 2 1 227174 4080
17 2 2 237435 4150
17 2 3 227504 3700
17 2 4 231055 3620
18 2 1 254505 4130
18 2 2 255675 3740
18 2 3 252665 3710
18 2 4 252474 3790
19 2 1 281165 4140
19 2 2 281095 3920
19 2 3 280505 3870
19 2 4 281075 3890
20 2 1 310445 4340
20 2 2 308055 4000
20 2 3 307555 3960
20 2 4 314676 4140
21 2 1 373406 4670
21 2 2 347726 4160
21 2 3 349257 4140
21 2 4 349086 4131
22 2 1 384867 4660
22 2 2 379757 4470
22 2 3 381877 4360
22 2 4 380037 4290
23 2 1 415007 4850
23 2 2 421367 4930
23 2 3 412487 4550
23 2 4 414267 4570
24 2 1 453098 5060
24 2 2 449078 4701
24 2 3 448048 4640
24 2 4 446218 4660
25 2 1 486908 5200
25 2 2 487579 4850
25 2 3 516159 5190
25 2 4 487679 4900
26 2 1 529550 5440
26 2 2 519179 5050
26 2 3 521839 5051
26 2 4 529339 5100
27 2 1 566310 5610
27 2 2 565561 5400
27 2 3 562530 5340
27 2 4 562270 5270
28 2 1 598781 5900
28 2 2 602251 5470
28 2 3 599851 5410
28 2 4 606281 5700
29 2 1 660702 6440
29 2 2 654102 6140
29 2 3 652152 6040
29 2 4 648871 6241
30 2 1 733533 6700
30 2 2 744083 6500
30 2 3 722403 6340
30 2 4 719753 6280
31 2 1 765194 7000
31 2 2 766654 6480
31 2 3 771214 6611
31 2 4 766784 6480
32 2 1 810555 7250
32 2 2 808815 6730
32 2 3 812805 6710
32 2 4 837515 6950
33 2 1 866346 7320
33 2 2 858726 6950
33 2 3 862316 6960
33 2 4 857766 7000
34 2 1 914967 7650
34 2 2 906986 7310
34 2 3 906907 7220
34 2 4 907107 7170
35 2 1 968108 7940
35 2 2 959928 7480
35 2 3 958817 7410
35 2 4 957637 7480
36 2 1 1023778 8131
36 2 2 1014368 7690
36 2 3 1016288 7650
36 2 4 1012119 7740
37 2 1 1085830 8500
37 2 2 1065640 8010
37 2 3 1066510 8060
37 2 4 1073919 8130
38 2 1 1131581 8580
38 2 2 1122690 8190
38 2 3 1123300 8180
38 2 4 1122000 8330
39 2 1 1190881 8730
39 2 2 1180321 8480
39 2 3 1340125 8640
39 2 4 1183881 8591
40 2 1 1256382 9131
40 2 2 1272453 9150
40 2 3 1250283 8900
40 2 4 1251323 8730
41 2 1 1390515 9720
41 2 2 1416576 9360
41 2 3 1384355 9290
41 2 4 1386125 9460
42 2 1 1442326 9790
42 2 2 1448447 9510
42 2 3 1448106 9700
42 2 4 1446056 9640
43 2 1 1530057 10490
43 2 2 1508437 9880
43 2 3 1501197 9870
43 2 4 1510877 9910
44 2 1 1559038 10280
44 2 2 1587498 10240
44 2 3 1598309 10221
44 2 4 1587329 10130
45 2 1 1662530 10910
45 2 2 1657760 10520
45 2 3 1661010 10580
45 2 4 1654710 10430
46 2 1 1721111 10930
46 2 2 1730491 10921
46 2 3 1724191 10671
46 2 4 1726151 10870
47 2 1 1795563 11340
47 2 2 1804773 11200
47 2 3 1796363 11060
47 2 4 1821063 11340
48 2 1 1869274 11700
48 2 2 1876364 11630
48 2 3 1871394 11330
48 2 4 1875634 11540
49 2 1 1951336 12000
49 2 2 1955375 11870
49 2 3 1948965 11680
49 2 4 2009476 11860
50 2 1 2017536 12290
50 2 2 2028617 12200
50 2 3 2013136 11980
50 2 4 2026157 12210
51 2 1 2101338 12681
51 2 2 2107688 12600
51 2 3 2099078 12421
51 2 4 2126419 12660
52 2 1 2225130 13301
52 2 2 2181670 13030
52 2 3 2185159 13030
52 2 4 2171010 12820
53 2 1 2263761 13610
53 2 2 2250731 13230
53 2 3 2264451 13590
53 2 4 2254180 13200
54 2 1 2345232 13931
54 2 2 2341432 13750
54 2 3 2333063 13530
54 2 4 2337042 13701
55 2 1 2423644 14411
55 2 2 2481185 14171
55 2 3 2427404 14081
55 2 4 2418234 13920
56 2 1 2535286 14861
56 2 2 2526606 14560
56 2 3 2519905 14470
56 2 4 2544846 14530
57 2 1 2620348 15130
57 2 2 2610147 14710
57 2 3 2617437 14840
57 2 4 2619047 14850
58 2 1 2875032 15780
58 2 2 2814361 15091
58 2 3 2838012 15290
58 2 4 2822831 15120
59 2 1 2921013 15920
59 2 2 2911623 15770
59 2 3 2938413 15811
59 2 4 2913332 15530
60 2 1 3018964 16330
60 2 2 3019344 16210
60 2 3 2999344 16061
60 2 4 3026215 16261
61 2 1 3093056 16740
61 2 2 3108466 16710
61 2 3 3116296 16501
61 2 4 3101916 16560
62 2 1 3209797 17321
62 2 2 3181227 16831
62 2 3 3195728 17050
62 2 4 3194738 16950
63 2 1 3292970 17700
63 2 2 3303830 17510
63 2 3 3280750 17300
63 2 4 3288720 17430
64 2 1 3396622 18200
64 2 2 3386292 18070
64 2 3 3397361 17960
64 2 4 3392651 18021
65 2 1 3483623 18740
65 2 2 3478033 18430
65 2 3 3475203 18140
65 2 4 3498713 18560
66 2 1 3578635 19010
66 2 2 3576755 18781
66 2 3 3584315 18810
66 2 4 3591465 18840
67 2 1 3685277 19511
67 2 2 3685276 19300
67 2 3 3683007 19120
67 2 4 3685317 19360
68 2 1 3794899 20061
68 2 2 3797399 19760
68 2 3 3796919 19580
68 2 4 3805779 19740
69 2 1 3977433 20390
69 2 2 3890721 20390
69 2 3 3893621 20160
69 2 4 3908121 20290
70 2 1 3997043 20940
70 2 2 4002633 20620
70 2 3 3979472 20621
70 2 4 4007251 20810
71 2 1 4107555 21520
71 2 2 4105845 21150
71 2 3 4100714 21080
71 2 4 4111124 21100
72 2 1 4228117 22180
72 2 2 4208477 21590
72 2 3 4209906 21550
72 2 4 4224336 21700
73 2 1 4318158 22400
73 2 2 4322448 22161
73 2 3 4384139 22231
73 2 4 4326948 22101
74 2 1 4492041 22961
74 2 2 4440950 22680
74 2 3 4450880 23190
74 2 4 4437930 22620
75 2 1 4563923 23420
75 2 2 4559543 23211
75 2 3 4545442 23251
75 2 4 4549573 23191
76 2 1 4670764 24080
76 2 2 4686805 23881
76 2 3 4662625 23831
76 2 4 5082412 23660
77 2 1 4799077 24540
77 2 2 4777457 24240
77 2 3 4781927 24301
77 2 4 4790466 24280
78 2 1 4905119 24931
78 2 2 4899338 24720
78 2 3 4896599 24800
78 2 4 5300106 24880
79 2 1 5024491 27260
79 2 2 5013931 25451
79 2 3 5036752 25390
79 2 4 5013091 25320
80 2 1 5213485 26200
80 2 2 5173503 25920
80 2 3 5201744 26020
80 2 4 5165473 25881
81 2 1 5295206 26680
81 2 2 5325306 26711
81 2 3 5340707 26540
81 2 4 5318297 26720
82 2 1 5778654 27450
82 2 2 5578731 26680
82 2 3 5702663 27010
82 2 4 5689583 26910
83 2 1 5811525 28010
83 2 2 5807535 27751
83 2 3 5817835 27550
83 2 4 5874565 28070
84 2 1 5959048 29361
84 2 2 5932398 28291
84 2 3 5954518 28281
84 2 4 5956378 28200
85 2 1 6073400 29551
85 2 2 6068730 28771
85 2 3 6087121 28941
85 2 4 6053850 28691
86 2 1 6205243 29581
86 2 2 6198731 29430
86 2 3 6189752 29461
86 2 4 6193132 29390
87 2 1 6332015 30321
87 2 2 6331385 29891
87 2 3 6322505 30111
87 2 4 6312865 29960
88 2 1 6477257 31190
88 2 2 6448337 30731
88 2 3 6455227 30621
88 2 4 6459877 30640
89 2 1 6611940 31421
89 2 2 6602000 31361
89 2 3 6593580 31381
89 2 4 6587470 31170
90 2 1 6719612 32111
90 2 2 6725152 31860
90 2 3 6729002 32140
90 2 4 6743132 31850
91 2 1 6863503 32940
91 2 2 6866884 32611
91 2 3 6874764 33470
91 2 4 6868744 32570
92 2 1 7000547 33291
92 2 2 6966447 33100
92 2 3 6989827 33291
92 2 4 6983327 33171
93 2 1 7156190 33981
93 2 2 7136478 33841
93 2 3 7139749 33821
93 2 4 7138480 33931
94 2 1 7273052 34611
94 2 2 7288182 34461
94 2 3 7270692 34421
94 2 4 7266751 34341
95 2 1 7427164 35370
95 2 2 7438095 35131
95 2 3 7406274 35091
95 2 4 7395164 35081
96 2 1 7572227 36101
96 2 2 7555327 36201
96 2 3 7566557 36250
96 2 4 7547317 36001
97 2 1 7696970 36641
97 2 2 7722249 36460
97 2 3 7694979 36481
97 2 4 7727130 36450
98 2 1 7869173 37281
98 2 2 7868073 37271
98 2 3 7863483 37061
98 2 4 7862092 36991
99 2 1 8013675 37931
99 2 2 8041485 37770
99 2 3 7979504 37851
99 2 4 7996745 37940
100 2 1 8171338 38670
100 2 2 8138328 38511
100 2 3 8148638 38531
100 2 4 8186018 38491
101 2 1 8318721 39471
101 2 2 8338482 39231
101 2 3 8307630 39261
101 2 4 8325040 39190
102 2 1 8474883 40251
102 2 2 8494674 39841
102 2 3 8458623 39831
102 2 4 8475543 40330
103 2 1 8614926 41231
103 2 2 8600275 44730
103 2 3 8605826 40731
103 2 4 8607286 40691
104 2 1 8775249 41581
104 2 2 8782569 41351
104 2 3 8796789 41300
104 2 4 8793889 41310
105 2 1 8956512 42341
105 2 2 8937822 41971
105 2 3 8939762 42101
105 2 4 8925732 42081
106 2 1 9107185 43140
106 2 2 9089845 42791
106 2 3 9116895 42791
106 2 4 9069504 42950
107 2 1 9257887 43801
107 2 2 9266158 43491
107 2 3 9268328 43491
107 2 4 9264498 43391
108 2 1 9428581 44561
108 2 2 9451951 44961
108 2 3 9439651 44321
108 2 4 9460001 44390
109 2 1 9630945 45431
109 2 2 9581154 45511
109 2 3 9589953 45271
109 2 4 9605454 45111
110 2 1 9776487 46051
110 2 2 9771516 45941
110 2 3 9796318 45861
110 2 4 9784077 45841
111 2 1 9929010 46781
111 2 2 9942950 46561
111 2 3 9946411 46461
111 2 4 9944039 46431
112 2 1 10211214 47660
112 2 2 10151214 47321
112 2 3 10182574 47501
112 2 4 10170664 47511
113 2 1 10370968 48531
113 2 2 10325937 48281
113 2 3 10413138 48291
113 2 4 10354478 49011
114 2 1 10541981 49031
114 2 2 10522900 49691
114 2 3 10509830 48941
114 2 4 10523380 48860
115 2 1 11437026 50221
115 2 2 10971718 49341
115 2 3 11250704 49791
115 2 4 11228873 49671
116 2 1 11425067 50931
116 2 2 11381835 50551
116 2 3 11403606 50551
116 2 4 11378807 50751
117 2 1 11608771 51651
117 2 2 11602410 51241
117 2 3 11599340 51321
117 2 4 11585939 51251
118 2 1 11776394 52401
118 2 2 11775583 52301
118 2 3 11765193 52101
118 2 4 11751093 52071
119 2 1 11948155 53521
119 2 2 11950226 53481
119 2 3 11949757 53161
119 2 4 11943946 53231
120 2 1 12108379 54331
120 2 2 12145819 53881
120 2 3 12100149 53791
120 2 4 12169750 54121
121 2 1 12328623 54811
121 2 2 12293783 54781
121 2 3 12386814 54841
121 2 4 12312313 54751
122 2 1 12486256 56111
122 2 2 12485157 56271
122 2 3 12487616 55621
122 2 4 12491275 55421
123 2 1 12697800 56732
123 2 2 12680759 56331
123 2 3 12685920 56091
123 2 4 12701060 56291
124 2 1 12887463 57261
124 2 2 12878114 57121
124 2 3 12868273 57301
124 2 4 12886583 57851
125 2 1 13075867 58741
125 2 2 13066465 58181
125 2 3 13073217 59641
125 2 4 13060877 57912
126 2 1 13268960 59261
126 2 2 13257720 58911
126 2 3 13257129 59521
126 2 4 13236709 58861
127 2 1 13458834 60191
127 2 2 13436253 59941
127 2 3 13448224 59651
127 2 4 13453733 59761
128 2 1 13657658 61451
128 2 2 13610787 61232
128 2 3 13626017 61031
128 2 4 13655707 61011
129 2 1 13836551 61741
129 2 2 13826251 61591
129 2 3 13838500 61811
129 2 4 13804660 61741
130 2 1 14037094 62601
130 2 2 14042995 62331
130 2 3 14043464 62391
130 2 4 14015514 62682
131 2 1 14242857 63631
131 2 2 14231388 63481
131 2 3 14260158 63331
131 2 4 14222868 63431
132 2 1 14431811 65111
132 2 2 14425921 64311
132 2 3 14413202 64551
132 2 4 14426722 64201
133 2 1 14619825 65541
133 2 2 14625604 66201
133 2 3 14641965 65252
133 2 4 14613515 71181
134 2 1 14843999 66442
134 2 2 14856368 66091
134 2 3 14824809 66031
134 2 4 14822208 65941
135 2 1 15038413 67232
135 2 2 15123463 67161
135 2 3 15058853 67121
135 2 4 15007142 67061
136 2 1 15248107 68111
136 2 2 15247736 67962
136 2 3 15267716 68461
136 2 4 15584632 67811
137 2 1 15457681 69081
137 2 2 15463280 68922
137 2 3 15426379 69091
137 2 4 15430999 68841
138 2 1 15650053 70081
138 2 2 15657354 69902
138 2 3 15700254 70011
138 2 4 15624153 69741
139 2 1 15881088 71042
139 2 2 15899218 71841
139 2 3 15973349 71391
139 2 4 15898568 70852
140 2 1 16104382 72021
140 2 2 16055270 71971
140 2 3 16114032 71701
140 2 4 16082501 71771
141 2 1 16288875 73272
141 2 2 16267434 73141
141 2 3 16317435 73872
141 2 4 16375097 73172
142 2 1 16532650 74111
142 2 2 16509459 73761
142 2 3 16516369 73681
142 2 4 16510860 75771
143 2 1 16718593 75261
143 2 2 16846784 75002
143 2 3 16731803 75031
143 2 4 16699982 75651
144 2 1 16937297 76182
144 2 2 16926676 76892
144 2 3 16996528 76011
144 2 4 16995088 75981
145 2 1 17165911 77202
145 2 2 17175071 78362
145 2 3 17199242 77211
145 2 4 17172002 76791
146 2 1 17400595 77981
146 2 2 17397705 77951
146 2 3 17415995 78241
146 2 4 17412695 78061
147 2 1 17650149 79331
147 2 2 17646459 78711
147 2 3 17628849 78791
147 2 4 17570298 78681
148 2 1 17848273 80192
148 2 2 17865374 79982
148 2 3 17852654 79802
148 2 4 17847583 79862
149 2 1 18108488 81312
149 2 2 18043016 80981
149 2 3 18093788 80552
149 2 4 18087297 80731
150 2 1 18351013 82002
150 2 2 18304752 81722
150 2 3 18287190 81801
150 2 4 18309591 82051
151 2 1 18522216 82982
151 2 2 18519865 82822
151 2 3 18627068 82932
151 2 4 18563407 82912
152 2 1 18784180 84572
152 2 2 18758309 83892
152 2 3 18772011 83792
152 2 4 18791651 83722
153 2 1 18990183 85122
153 2 2 18976064 85112
153 2 3 18994785 84942
153 2 4 18980544 84892
154 2 1 19205387 86062
154 2 2 19209368 86021
154 2 3 19239519 86032
154 2 4 19263778 85792
155 2 1 19457592 87311
155 2 2 19442623 86922
155 2 3 19445122 87132
155 2 4 19446122 92311
156 2 1 19724498 88832
156 2 2 19725566 88261
156 2 3 19699477 88111
156 2 4 19696527 88172
157 2 1 19930550 89511
157 2 2 19873350 89142
157 2 3 19932452 89952
157 2 4 19895550 89092
158 2 1 20154544 90602
158 2 2 20158056 90272
158 2 3 20200226 90622
158 2 4 20141644 90432
159 2 1 20643494 91831
159 2 2 20546072 91271
159 2 3 20583782 91442
159 2 4 20552073 91302
160 2 1 20805177 94062
160 2 2 20783836 94262
160 2 3 20822878 93862
160 2 4 20785746 93642
161 2 1 21058241 93842
161 2 2 21047731 93682
161 2 3 21079142 93572
161 2 4 21009960 93661
162 2 1 21299576 94811
162 2 2 21243435 94642
162 2 3 21269784 95511
162 2 4 21297866 94732
163 2 1 22636850 96531
163 2 2 21605860 95781
163 2 3 22189822 96042
163 2 4 22164821 97222
164 2 1 22445377 97482
164 2 2 22473537 97211
164 2 3 22353174 97122
164 2 4 22400156 98092
165 2 1 22645000 103772
165 2 2 22636839 98322
165 2 3 22668291 98212
165 2 4 22650021 98032
166 2 1 22957605 100042
166 2 2 22844414 99482
166 2 3 22949656 99452
166 2 4 22842413 99282
167 2 1 23170250 101042
167 2 2 23125418 100611
167 2 3 23144399 100481
167 2 4 23159579 100632
168 2 1 23428664 106952
168 2 2 23387164 101872
168 2 3 23385714 102872
168 2 4 23420354 102442
169 2 1 23627758 103511
169 2 2 23643597 102922
169 2 3 23655878 103202
169 2 4 23612808 103081
170 2 1 23893042 104451
170 2 2 23811541 103972
170 2 3 23874843 104122
170 2 4 23867142 104931
171 2 1 24110247 105402
171 2 2 24115266 107532
171 2 3 24176437 105052
171 2 4 24109987 105312
172 2 1 24387821 106572
172 2 2 24386232 106342
172 2 3 24337541 106472
172 2 4 24407272 106742
173 2 1 24645336 107892
173 2 2 24678956 107822
173 2 3 24641177 108272
173 2 4 24637387 107902
174 2 1 24903570 109712
174 2 2 24954282 109282
174 2 3 24881969 108772
174 2 4 24894091 108642
175 2 1 25193576 110542
175 2 2 25166335 109812
175 2 3 25189226 109952
175 2 4 25139305 109822
176 2 1 25426031 111642
176 2 2 25478501 111482
176 2 3 25471071 111492
176 2 4 25491462 110932
177 2 1 25713035 112922
177 2 2 25765467 112422
177 2 3 25742486 112692
177 2 4 25715525 113302
178 2 1 25970240 114242
178 2 2 25986980 113642
178 2 3 25946741 120493
178 2 4 25925830 113722
179 2 1 26260495 115303
179 2 2 26275396 114912
179 2 3 26238615 115312
179 2 4 26249855 114872
180 2 1 26517709 116402
180 2 2 26543501 116172
180 2 3 26532091 115982
180 2 4 26528669 116342
181 2 1 26841946 117362
181 2 2 26794324 117362
181 2 3 26833477 117282
181 2 4 26798415 117392
182 2 1 27080631 119202
182 2 2 27081961 118723
182 2 3 27107220 124162
182 2 4 27054430 118592
183 2 1 27342535 120502
183 2 2 27345436 120003
183 2 3 27474867 120382
183 2 4 27470037 119902
184 2 1 27659831 121222
184 2 2 27623810 121562
184 2 3 27728803 121253
184 2 4 27655930 121302
185 2 1 27962087 122723
185 2 2 27906475 122452
185 2 3 27887256 126423
185 2 4 27899006 122573
186 2 1 28197220 123712
186 2 2 28163420 123622
186 2 3 28183089 123732
186 2 4 28183591 125143
187 2 1 28476315 125212
187 2 2 28492966 125372
187 2 3 28565617 124742
187 2 4 28507587 124973
188 2 1 28818012 126613
188 2 2 28766482 126433
188 2 3 28795412 126572
188 2 4 28794280 126232
189 2 1 29039677 128083
189 2 2 29076876 127552
189 2 3 29068897 127623
189 2 4 29086206 127483
190 2 1 29452764 129312
190 2 2 29332000 128822
190 2 3 29332202 129803
190 2 4 29327811 128992
191 2 1 29617606 130373
191 2 2 29668558 130053
191 2 3 29645437 130282
191 2 4 29632317 130353
192 2 1 29980742 133312
192 2 2 29902752 133102
192 2 3 29903281 138243
192 2 4 29954052 133313
193 2 1 30250877 133563
193 2 2 30377280 133202
193 2 3 30223227 133092
193 2 4 30269408 133012
194 2 1 30551493 134672
194 2 2 30516333 134142
194 2 3 30467231 134252
194 2 4 30465422 134422
195 2 1 30807218 135943
195 2 2 30844189 136083
195 2 3 30784206 137213
195 2 4 30862590 135183
196 2 1 31104593 137123
196 2 2 31101203 137822
196 2 3 31136624 137203
196 2 4 31088573 137022
197 2 1 31478600 139722
197 2 2 31367588 138263
197 2 3 31399618 144843
197 2 4 31376739 139113
198 2 1 31784245 139852
198 2 2 31727174 139553
198 2 3 31742164 140362
198 2 4 31686454 139293
199 2 1 32014169 141492
199 2 2 32067201 141153
199 2 3 32054520 141093
199 2 4 32060031 141822
200 2 1 32393146 142943
200 2 2 32341006 142832
200 2 3 32346055 142643
200 2 4 32344856 143873
201 2 1 32689802 143943
201 2 2 32618501 143553
201 2 3 32582779 143632
201 2 4 32628222 143583
202 2 1 33013667 145483
202 2 2 32954567 145143
202 2 3 32907715 145052
202 2 4 32838005 150813
203 2 1 33217611 146993
203 2 2 33219742 146743
203 2 3 33274482 146633
203 2 4 33246442 146863
204 2 1 33594048 148343
204 2 2 33596918 148873
204 2 3 33577318 148213
204 2 4 33533557 148473
205 2 1 33923695 149852
205 2 2 33873813 149043
205 2 3 33901105 149173
205 2 4 33802552 149422
206 2 1 34176689 151083
206 2 2 34199379 150883
206 2 3 34176920 150783
206 2 4 34103677 151023
207 2 1 34484245 152613
207 2 2 34457833 152233
207 2 3 34512246 157893
207 2 4 34533565 153983
208 2 1 34820090 154243
208 2 2 34826291 153573
208 2 3 34833190 153823
208 2 4 34786680 153883
209 2 1 35126095 155253
209 2 2 35152187 155243
209 2 3 35155356 155343
209 2 4 35092826 155053
210 2 1 35436121 156483
210 2 2 35514073 156432
210 2 3 35513813 157313
210 2 4 35501463 156483
211 2 1 35780548 158633
211 2 2 35737437 157722
211 2 3 35797578 157773
211 2 4 35727977 158283
212 2 1 36111234 159883
212 2 2 36181545 159813
212 2 3 36186215 159603
212 2 4 36105894 159823
213 2 1 36426469 161243
213 2 2 36432140 161303
213 2 3 36395759 161183
213 2 4 36357518 160852
214 2 1 36747296 162463
214 2 2 36756755 162523
214 2 3 36707015 162202
214 2 4 36718234 162183
215 2 1 37144573 164203
215 2 2 37069451 164073
215 2 3 37039581 163523
215 2 4 37017851 163823
216 2 1 37454318 165733
216 2 2 37399177 165493
216 2 3 37420647 165523
216 2 4 37379016 165413
217 2 1 37807515 166923
217 2 2 37743063 166753
217 2 3 37718773 172463
217 2 4 37776554 166673
218 2 1 38195601 168973
218 2 2 38091000 168373
218 2 3 38036698 168493
218 2 4 38057930 168453
219 2 1 38369074 170323
219 2 2 38396715 170594
219 2 3 38413336 169733
219 2 4 38426285 169613
220 2 1 38691321 171703
220 2 2 38756451 171613
220 2 3 38713160 171213
220 2 4 38718112 171444
221 2 1 39163079 173113
221 2 2 39024187 172973
221 2 3 39010377 174013
221 2 4 39059197 178833
222 2 1 39489746 178333
222 2 2 39327141 180044
222 2 3 39429304 179253
222 2 4 39336592 174794
223 2 1 39815970 176513
223 2 2 39845942 176813
223 2 3 39732539 176203
223 2 4 39827460 176854
224 2 1 40448052 179764
224 2 2 40346320 179943
224 2 3 40342960 179543
224 2 4 40401022 179463
225 2 1 40749578 179594
225 2 2 40775037 185534
225 2 3 40793169 179193
225 2 4 40766887 180414
226 2 1 41095383 182414
226 2 2 40970812 180393
226 2 3 41019472 180604
226 2 4 40992752 180603
227 2 1 41363439 182283
227 2 2 41363759 181913
227 2 3 41360000 182213
227 2 4 41337068 181973
228 2 1 41727985 184264
228 2 2 41716676 183893
228 2 3 41776856 183873
228 2 4 41802727 183813
229 2 1 42142924 185453
229 2 2 42035001 185483
229 2 3 42054461 185344
229 2 4 42051392 189704
230 2 1 44291532 188283
230 2 2 42773754 187284
230 2 3 43937616 186684
230 2 4 44000426 186744
231 2 1 44282332 189503
231 2 2 44248761 189804
231 2 3 44247742 188893
231 2 4 44253610 188594
232 2 1 44544506 190443
232 2 2 44513206 190063
232 2 3 44622847 189984
232 2 4 44569917 190093
233 2 1 44928004 192033
233 2 2 44952623 191644
233 2 3 44899363 192513
233 2 4 44921633 192404
234 2 1 45301160 193624
234 2 2 45272910 193023
234 2 3 45302560 193184
234 2 4 45293911 193123
235 2 1 45599455 195454
235 2 2 45589875 194944
235 2 3 45683067 195023
235 2 4 45607486 195184
236 2 1 45959442 198334
236 2 2 46054344 197713
236 2 3 45993923 196583
236 2 4 45939172 196864
237 2 1 46493192 200424
237 2 2 46398960 198413
237 2 3 46447121 199234
237 2 4 46442211 198343
238 2 1 46721546 200663
238 2 2 46776866 199914
238 2 3 46769958 200793
238 2 4 46793757 200243
239 2 1 47119113 202443
239 2 2 47105272 201784
239 2 3 47087394 201643
239 2 4 47091892 201514
240 2 1 47463349 203284
240 2 2 47445879 203474
240 2 3 47483301 203443
240 2 4 47365727 203644
241 2 1 47879217 205874
241 2 2 47714234 204683
241 2 3 47775855 205264
241 2 4 47826805 204424
242 2 1 48197943 206734
242 2 2 48604260 246215
242 2 3 48758774 207084
242 2 4 48155772 207674
243 2 1 48550128 209274
243 2 2 48568079 208884
243 2 3 48576110 208113
243 2 4 48527139 207963
244 2 1 48963586 210363
244 2 2 48833874 209834
244 2 3 48896215 209704
244 2 4 48962857 209843
245 2 1 49247711 211654
245 2 2 49408204 211504
245 2 3 49249792 212714
245 2 4 49156330 211454
246 2 1 49607608 213544
246 2 2 49637569 213334
246 2 3 49687879 212744
246 2 4 49616198 212834
247 2 1 49936935 215364
247 2 2 49961075 215054
247 2 3 49959884 214923
247 2 4 49968184 215044
248 2 1 50304990 216624
248 2 2 50380543 216744
248 2 3 50321321 216634
248 2 4 50393032 216744
249 2 1 50673477 220484
249 2 2 50740658 218654
249 2 3 50693308 219914
249 2 4 50700027 218124
250 2 1 51190957 221014
250 2 2 51104275 220254
250 2 3 51068224 220434
250 2 4 51034405 219974
251 2 1 51378450 223454
251 2 2 51491153 221714
251 2 3 51518043 221814
251 2 4 51421941 221964
252 2 1 51960242 223914
252 2 2 51801287 223874
252 2 3 51758667 224424
252 2 4 51811578 223344
253 2 1 52318677 225334
253 2 2 52280796 228454
253 2 3 52228986 226594
253 2 4 52163924 224664
254 2 1 52561611 227055
254 2 2 52594092 226844
254 2 3 52622442 227025
254 2 4 52546261 226524
255 2 1 52909189 230884
255 2 2 52895728 231814
255 2 3 52900277 236335
255 2 4 52925728 230764
256 2 1 53278814 238945
256 2 2 53301435 239535
256 2 3 53413268 238664
256 2 4 53283354 240324
257 2 1 53694182 234524
257 2 2 53684091 234964
257 2 3 53662882 234214
257 2 4 53696692 234724
258 2 1 54128181 234174
258 2 2 54213021 233934
258 2 3 54107390 233454
258 2 4 54157400 234014
259 2 1 54493297 236064
259 2 2 54479636 235974
259 2 3 54486936 236325
259 2 4 54479757 235455
260 2 1 54845853 237825
260 2 2 54922164 237335
260 2 3 54866413 237715
260 2 4 54962345 237814
261 2 1 55304521 239585
261 2 2 55321402 239394
261 2 3 55218130 241095
261 2 4 55284882 239424
262 2 1 55720839 241754
262 2 2 55594786 241865
262 2 3 55608867 240964
262 2 4 55578136 241844
263 2 1 55993773 243714
263 2 2 56077895 243004
263 2 3 56035114 248785
263 2 4 56023755 243775
264 2 1 56415502 245474
264 2 2 58934737 293045
264 2 3 56417051 244754
264 2 4 56507202 245534
265 2 1 56791078 247685
265 2 2 56838119 247395
265 2 3 56834889 246615
265 2 4 56729637 246585
266 2 1 57183815 248415
266 2 2 57300808 248635
266 2 3 57156425 248155
266 2 4 57228846 248174
267 2 1 57518531 250175
267 2 2 57612633 250525
267 2 3 57587683 256385
267 2 4 57623233 250194
268 2 1 57970819 252444
268 2 2 57883768 252064
268 2 3 57982059 252984
268 2 4 57958949 252655
269 2 1 58410619 260665
269 2 2 58304146 254774
269 2 3 58309585 253954
269 2 4 58302195 256465
270 2 1 58787304 256325
270 2 2 58779504 255744
270 2 3 58762474 256215
270 2 4 58733423 256074
271 2 1 59180861 258474
271 2 2 59167741 257915
271 2 3 59205162 259155
271 2 4 59153501 257275
272 2 1 59631220 259895
272 2 2 59581089 260505
272 2 3 59596269 260454
272 2 4 59581179 260035
273 2 1 60045967 268215
273 2 2 59860034 262065
273 2 3 60014496 261665
273 2 4 60031747 261784
274 2 1 60317852 263765
274 2 2 60437594 264205
274 2 3 60390793 264225
274 2 4 60298972 263775
275 2 1 60771161 265515
275 2 2 60715769 265214
275 2 3 60725859 265535
275 2 4 60772520 271085
276 2 1 61194178 267725
276 2 2 61171668 267425
276 2 3 61262129 267235
276 2 4 61171907 267345
277 2 1 64105631 270005
277 2 2 61697327 269974
277 2 3 61708037 268924
277 2 4 61727437 269165
278 2 1 62108735 271765
278 2 2 62025863 272625
278 2 3 62063994 279845
278 2 4 62001752 271065
279 2 1 62300678 273655
279 2 2 62443060 272955
279 2 3 62379449 278915
279 2 4 62442991 272725
280 2 1 62764827 276125
280 2 2 62791227 274665
280 2 3 62880629 274765
280 2 4 62826928 274754
281 2 1 63219465 277305
281 2 2 63080072 277065
281 2 3 63301427 277105
281 2 4 63257266 277555
282 2 1 63586811 279305
282 2 2 63645262 279135
282 2 3 63593841 280125
282 2 4 63703583 279335
283 2 1 64097791 282025
283 2 2 63980758 287975
283 2 3 64016229 281465
283 2 4 64118030 280565
284 2 1 64415007 283115
284 2 2 64438417 283095
284 2 3 64487797 282875
284 2 4 64530438 283115
285 2 1 64980336 292685
285 2 2 64895425 284665
285 2 3 64969086 284175
285 2 4 64894795 284535
286 2 1 65322382 286795
286 2 2 65312423 286405
286 2 3 65383463 286445
286 2 4 65389284 287085
287 2 1 65769610 289015
287 2 2 65833371 288665
287 2 3 65735940 288485
287 2 4 65888293 289085
288 2 1 66212479 293246
288 2 2 66259070 293036
288 2 3 66216319 299666
288 2 4 66197109 293235
289 2 1 66654977 293676
289 2 2 66601756 292855
289 2 3 66617896 292245
289 2 4 66487103 292785
290 2 1 67030194 300665
290 2 2 67017883 300345
290 2 3 67014753 295465
290 2 4 66989012 294615
291 2 1 67505642 297305
291 2 2 67585954 304046
291 2 3 67495122 297145
291 2 4 67602274 297906
292 2 1 68032492 299505
292 2 2 68015691 299795
292 2 3 67888539 299326
292 2 4 67946831 299036
293 2 1 68358567 300915
293 2 2 68368408 300696
293 2 3 68450570 300806
293 2 4 68396479 306306
294 2 1 68838976 303726
294 2 2 68839456 302595
294 2 3 68868997 303416
294 2 4 68877527 302666
295 2 1 69228843 304975
295 2 2 69365006 304746
295 2 3 69225254 304566
295 2 4 69366366 304486
296 2 1 69911975 307035
296 2 2 69785894 313406
296 2 3 69790633 306756
296 2 4 69710642 306625
297 2 1 70154080 315276
297 2 2 70174181 310236
297 2 3 70208691 309106
297 2 4 70217901 309415
298 2 1 70787201 310915
298 2 2 74186674 310536
298 2 3 74103002 311096
298 2 4 70853043 312596
299 2 1 71029566 313376
299 2 2 71098437 313635
299 2 3 71026586 313965
299 2 4 71018386 313786
300 2 1 71919772 316235
300 2 2 71641537 315826
300 2 3 71626627 315616
300 2 4 71582125 319085
301 2 1 72018444 323866
301 2 2 72113016 318775
301 2 3 72061005 319586
301 2 4 71958402 317466
302 2 1 72458042 327756
302 2 2 72568134 320116
302 2 3 72491133 320426
302 2 4 72594694 324786
303 2 1 72919060 321586
303 2 2 73044393 321826
303 2 3 72962651 321766
303 2 4 72981142 321066
304 2 1 73419099 324026
304 2 2 73374097 324116
304 2 3 73388539 323616
304 2 4 73397779 330516
305 2 1 74025721 325976
305 2 2 73936919 325836
305 2 3 73888978 326115
305 2 4 73796795 325316
306 2 1 74239854 327786
306 2 2 74359966 328596
306 2 3 74461758 327476
306 2 4 74396717 328626
307 2 1 74916197 330516
307 2 2 74854935 330256
307 2 3 74868416 330436
307 2 4 74777184 329816
308 2 1 75278843 333606
308 2 2 75386215 331236
308 2 3 75154731 331896
308 2 4 75242292 331856
309 2 1 75663410 334487
309 2 2 75767202 340856
309 2 3 75862124 333746
309 2 4 75666770 334386
310 2 1 76273250 337066
310 2 2 76303831 336236
310 2 3 76174360 336376
310 2 4 76105178 336736
311 2 1 76808051 340626
311 2 2 76766389 338506
311 2 3 76699449 338427
311 2 4 76773840 339286
312 2 1 77174897 341216
312 2 2 77148456 347136
312 2 3 77189558 340746
312 2 4 77153677 346217
313 2 1 77628026 344276
313 2 2 77550465 343537
313 2 3 78098054 343696
313 2 4 77661656 342536
314 2 1 78140575 345946
314 2 2 78162275 344936
314 2 3 78078933 345546
314 2 4 78160666 344727
315 2 1 78677514 346946
315 2 2 78541752 347096
315 2 3 78737385 348176
315 2 4 78635773 347536
316 2 1 79220455 349987
316 2 2 79073602 350146
316 2 3 79154343 350546
316 2 4 79045811 349167
317 2 1 80151381 352296
317 2 2 80208103 353116
317 2 3 80154901 359006
317 2 4 80106711 353587
318 2 1 80470597 354837
318 2 2 80669021 356786
318 2 3 80599739 354917
318 2 4 80579029 354376
319 2 1 81127599 358426
319 2 2 81169459 358187
319 2 3 81071657 357937
319 2 4 81112149 365117
320 2 1 81770161 364556
320 2 2 81805360 365166
320 2 3 81713609 364937
320 2 4 81725110 364546
321 2 1 82136067 362867
321 2 2 82174827 362847
321 2 3 82169768 364007
321 2 4 82174408 368467
322 2 1 82676196 365227
322 2 2 82630856 366437
322 2 3 82578596 365007
322 2 4 82581465 364256
323 2 1 83176816 368437
323 2 2 83052254 365737
323 2 3 83099094 367977
323 2 4 83176406 368417
324 2 1 83657165 371477
324 2 2 83604974 367877
324 2 3 83738756 369706
324 2 4 83572013 370367
325 2 1 87417863 377517
325 2 2 85361605 373107
325 2 3 87776009 376937
325 2 4 87506904 374397
326 2 1 88122336 375717
326 2 2 87885781 374886
326 2 3 87866710 376577
326 2 4 87793270 373237
327 2 1 88399700 378267
327 2 2 88259699 378116
327 2 3 88316410 379016
327 2 4 88209967 376656
328 2 1 88757617 381557
328 2 2 88794648 378386
328 2 3 88616085 379197
328 2 4 88668166 378616
329 2 1 89330547 380817
329 2 2 89190695 380037
329 2 3 89219466 381786
329 2 4 89191804 381917
330 2 1 89942568 389037
330 2 2 90040059 387667
330 2 3 89793066 391477
330 2 4 89985589 384737
331 2 1 90662332 388767
331 2 2 90288905 386577
331 2 3 90531358 387577
331 2 4 90454788 388547
332 2 1 90891365 389797
332 2 2 90979088 389127
332 2 3 90863984 390997
332 2 4 90774424 390417
333 2 1 91392955 392557
333 2 2 91470086 390027
333 2 3 91308433 391787
333 2 4 91278792 391937
334 2 1 91843523 395218
334 2 2 91924053 395707
334 2 3 91829173 393927
334 2 4 91771101 392407
335 2 1 92457285 402287
335 2 2 92351432 393787
335 2 3 92227169 398617
335 2 4 92311972 403007
336 2 1 92856340 398538
336 2 2 92751470 399347
336 2 3 92849531 397777
336 2 4 92929083 397777
337 2 1 93323859 401958
337 2 2 93339021 399137
337 2 3 93485312 403217
337 2 4 93428262 402027
338 2 1 94059033 400717
338 2 2 94011632 402648
338 2 3 93895909 403657
338 2 4 93948632 403777
339 2 1 94314317 405628
339 2 2 94488561 404457
339 2 3 94184784 404588
339 2 4 94475771 406498
340 2 1 94839127 406557
340 2 2 94932919 408488
340 2 3 94920899 408597
340 2 4 94745075 407198
341 2 1 95458298 410767
341 2 2 95448209 416888
341 2 3 95437877 411987
341 2 4 95326436 411237
342 2 1 95914936 413518
342 2 2 95882976 413438
342 2 3 95922616 421628
342 2 4 95912377 411818
343 2 1 96201951 414768
343 2 2 96197332 413887
343 2 3 96424056 414357
343 2 4 96290524 414977
344 2 1 96935355 418208
344 2 2 96963666 416967
344 2 3 96904414 418938
344 2 4 96895275 415538
345 2 1 97350302 421298
345 2 2 97267832 419038
345 2 3 97332002 418058
345 2 4 97367304 426078
346 2 1 97874221 420528
346 2 2 97983254 426888
346 2 3 97911823 422397
346 2 4 97961323 429327
347 2 1 98446152 426847
347 2 2 98279739 425308
347 2 3 98383121 424568
347 2 4 98519113 426878
348 2 1 99024484 426818
348 2 2 99102204 425388
348 2 3 98824509 427998
348 2 4 98984121 427028
349 2 1 99581312 430557
349 2 2 99361580 429958
349 2 3 99495911 436508
349 2 4 99416630 428928
350 2 1 100102842 431408
350 2 2 99997361 431698
350 2 3 99913578 437178
350 2 4 100026611 431218
351 2 1 100344097 434557
351 2 2 100402948 440508
351 2 3 100378467 433817
351 2 4 100562851 434138
352 2 1 100899947 441438
352 2 2 101151742 440678
352 2 3 100971477 443558
352 2 4 100695253 441028
353 2 1 101585328 438798
353 2 2 101531318 440368
353 2 3 101446217 438908
353 2 4 101448976 438698
354 2 1 102025477 441998
354 2 2 102104389 443928
354 2 3 102104729 444778
354 2 4 101935235 442998
355 2 1 102523646 446839
355 2 2 102455206 442918
355 2 3 102429364 444388
355 2 4 102805161 446128
356 2 1 103181869 445518
356 2 2 103136677 446088
356 2 3 103161938 448938
356 2 4 103171978 446578
357 2 1 103672827 448818
357 2 2 103748099 454389
357 2 3 103513584 451188
357 2 4 103735588 448758
358 2 1 104253608 449808
358 2 2 104107524 456508
358 2 3 104049035 452978
358 2 4 104100864 451958
359 2 1 104565383 454438
359 2 2 104673756 454248
359 2 3 104895399 462498
359 2 4 104787057 454039
360 2 1 105733125 455898
360 2 2 105158324 456928
360 2 3 105192884 457948
360 2 4 105254947 463308
361 2 1 105762424 459829
361 2 2 105808175 459268
361 2 3 105716655 459248
361 2 4 105801005 461028
362 2 1 106358665 463759
362 2 2 106306505 460538
362 2 3 106193062 460839
362 2 4 106288734 460488
363 2 1 106723163 464409
363 2 2 106769242 464498
363 2 3 106802013 463349
363 2 4 107003647 461758
364 2 1 107464776 468609
364 2 2 107293622 467488
364 2 3 107221161 468509
364 2 4 107275403 470688
365 2 1 107831331 476198
365 2 2 107992715 469399
365 2 3 107881043 466668
365 2 4 107677239 468349
366 2 1 108337721 470809
366 2 2 108428443 471428
366 2 3 108447493 473898
366 2 4 108572816 473489
367 2 1 108939932 476159
367 2 2 109825719 479888
367 2 3 109304449 480249
367 2 4 109203647 478188
368 2 1 109719557 478549
368 2 2 109901630 481609
368 2 3 109704576 477499
368 2 4 109755757 477389
369 2 1 110517052 482249
369 2 2 110159214 481469
369 2 3 110418839 483848
369 2 4 110307677 483219
370 2 1 110906469 485489
370 2 2 111005189 483868
370 2 3 110960999 484679
370 2 4 110806806 484049
371 2 1 111292146 489189
371 2 2 111582610 486539
371 2 3 111207213 493029
371 2 4 111533689 486448
372 2 1 112028859 491729
372 2 2 111803804 495079
372 2 3 112077189 490089
372 2 4 111988508 490769
373 2 1 112506398 491549
373 2 2 112341244 493459
373 2 3 112678280 493629
373 2 4 112483306 492009
374 2 1 113101177 495889
374 2 2 112884454 494779
374 2 3 112884784 498079
374 2 4 113026046 495109
375 2 1 113745409 498219
375 2 2 113528446 498579
375 2 3 113488495 495539
375 2 4 113740519 501939
376 2 1 114303200 501179
376 2 2 114167767 507849
376 2 3 114201818 502049
376 2 4 114061385 500989
377 2 1 114707497 499499
377 2 2 114580504 505059
377 2 3 114527004 503229
377 2 4 114644016 501429
378 2 1 115213427 506450
378 2 2 115108214 506239
378 2 3 115225586 506009
378 2 4 115109814 505899
379 2 1 115792517 507619
379 2 2 115826598 506259
379 2 3 115749105 511209
379 2 4 115816327 515470
380 2 1 116363346 512979
380 2 2 116207484 510860
380 2 3 116222844 512709
380 2 4 116561121 512229
381 2 1 116945287 512559
381 2 2 117010288 512319
381 2 3 116837025 514710
381 2 4 116833205 513169
382 2 1 117559799 515060
382 2 2 117500608 516399
382 2 3 117308404 515050
382 2 4 117530008 517959
383 2 1 118039867 517809
383 2 2 117907545 525630
383 2 3 117867183 517869
383 2 4 118148649 517989
384 2 1 118614808 553430
384 2 2 118543506 552620
384 2 3 118527975 553620
384 2 4 118605987 551280
385 2 1 119289269 524340
385 2 2 119286420 522940
385 2 3 119184667 529470
385 2 4 119167107 524920
386 2 1 119900102 530280
386 2 2 119733237 528109
386 2 3 119759088 527249
386 2 4 119761518 527219
387 2 1 120255357 532450
387 2 2 120301048 529110
387 2 3 120423220 531499
387 2 4 120242787 529060
388 2 1 120731926 532090
388 2 2 120797667 530019
388 2 3 120990621 529919
388 2 4 120735786 532510
389 2 1 121483090 532440
389 2 2 121785235 533630
389 2 3 121625232 544570
389 2 4 121537770 534189
390 2 1 122095811 538459
390 2 2 122089770 536670
390 2 3 122073990 538040
390 2 4 122101111 535979
391 2 1 122830014 540270
391 2 2 122807923 543559
391 2 3 122765353 540250
391 2 4 122682442 538490
392 2 1 123309802 544110
392 2 2 123216811 543090
392 2 3 123371603 544050
392 2 4 123181440 543169
393 2 1 123984135 553400
393 2 2 123804192 545810
393 2 3 123868903 546500
393 2 4 123792041 545070
394 2 1 124393802 546310
394 2 2 124372332 547589
394 2 3 124335001 546230
394 2 4 124359041 547370
395 2 1 124902612 550440
395 2 2 125053514 556420
395 2 3 125086625 550880
395 2 4 124972142 548850
396 2 1 125381580 556040
396 2 2 125532963 557520
396 2 3 125504082 562610
396 2 4 125376350 553160
397 2 1 126097173 555220
397 2 2 126321937 560810
397 2 3 126144095 557850
397 2 4 126124894 554780
398 2 1 126561221 561000
398 2 2 126715085 562800
398 2 3 126742155 560050
398 2 4 126610593 560740
399 2 1 127308305 562720
399 2 2 127354325 562730
399 2 3 127391046 563360
399 2 4 127350366 560530
400 2 1 128043948 564260
400 2 2 127981627 563420
400 2 3 127875545 567240
400 2 4 127820984 574200
1 3 1 11410 3910
1 3 2 4590 2500
1 3 3 4460 2420
1 3 4 4340 2390
2 3 1 13251 2750
2 3 2 12370 2430
2 3 3 12190 2440
2 3 4 12130 2510
3 3 1 34880 3100
3 3 2 32530 2640
3 3 3 32201 2600
3 3 4 32541 2540
4 3 1 70891 3170
4 3 2 69731 2830
4 3 3 69752 2800
4 3 4 70321 2800
5 3 1 134393 3420
5 3 2 133863 3120
5 3 3 133322 3221
5 3 4 132172 3090
6 3 1 229525 3800
6 3 2 231294 3530
6 3 3 229485 3550
6 3 4 229164 3620
7 3 1 366347 4400
7 3 2 373947 4380
7 3 3 367277 4100
7 3 4 368527 4120
8 3 1 532689 5331
8 3 2 535949 4961
8 3 3 536979 4940
8 3 4 536279 4930
9 3 1 810025 6710
9 3 2 777504 6010
9 3 3 777574 6050
9 3 4 773424 5940
10 3 1 1057039 7660
10 3 2 1051959 7490
10 3 3 1047699 7370
10 3 4 1048989 7290
11 3 1 1470616 9601
11 3 2 1412235 9001
11 3 3 1417175 8960
11 3 4 1420136 9250
12 3 1 1831113 11270
12 3 2 1818023 11100
12 3 3 1821293 10791
12 3 4 1819563 11210
13 3 1 2285852 13680
13 3 2 2289582 13210
13 3 3 2285392 13030
13 3 4 2284792 13130
14 3 1 2993065 17280
14 3 2 2910133 16651
14 3 3 2919153 16810
14 3 4 2918943 16801
15 3 1 3549774 19281
15 3 2 3547384 18911
15 3 3 3556594 19111
15 3 4 3501972 19190
16 3 1 4262337 22911
16 3 2 4222667 27090
16 3 3 4228177 22381
16 3 4 4279227 22341
17 3 1 5115353 27921
17 3 2 5055521 27591
17 3 3 5044652 27930
17 3 4 5075032 27500
18 3 1 6286304 32670
18 3 2 6168962 32251
18 3 3 6170582 32151
18 3 4 6163031 32691
19 3 1 7226741 38211
19 3 2 7203270 37901
19 3 3 7203251 37851
19 3 4 7193730 37891
20 3 1 8327651 44670
20 3 2 8346981 47401
20 3 3 8342311 43560
20 3 4 8381902 43581
21 3 1 9679945 50351
21 3 2 9638144 49971
21 3 3 9605735 49921
21 3 4 9620444 49981
22 3 1 11676031 57941
22 3 2 11319125 57051
22 3 3 11282484 57281
22 3 4 11338706 56981
23 3 1 12873354 65031
23 3 2 12795412 64581
23 3 3 12841733 64531
23 3 4 12846052 65162
24 3 1 14535903 77251
24 3 2 14460712 72851
24 3 3 14509713 72782
24 3 4 14477961 73061
25 3 1 16403877 82771
25 3 2 16373257 82252
25 3 3 16340416 82081
25 3 4 16356486 82181
26 3 1 18342262 92011
26 3 2 18270631 92242
26 3 3 18302771 91531
26 3 4 18247659 91551
27 3 1 21350127 103022
27 3 2 21039321 102522
27 3 3 21048970 102411
27 3 4 21049771 102922
28 3 1 23275071 114032
28 3 2 23272811 114012
28 3 3 23343123 113542
28 3 4 23272561 113702
29 3 1 25904049 126292
29 3 2 25670965 125812
29 3 3 25767316 131022
29 3 4 25689096 125873
30 3 1 28502555 139583
30 3 2 28485246 139203
30 3 3 28376224 139052
30 3 4 28321983 138933
31 3 1 31237326 153362
31 3 2 31149773 152832
31 3 3 31160654 153093
31 3 4 31265925 152923
32 3 1 34332962 168993
32 3 2 34049766 168683
32 3 3 34269031 168453
32 3 4 34088017 168513
33 3 1 37445597 184253
33 3 2 37336327 183704
33 3 3 37424037 183753
33 3 4 37319097 183804
34 3 1 42557490 201344
34 3 2 42260614 200784
34 3 3 42260616 201273
34 3 4 42244685 201833
35 3 1 46011902 219544
35 3 2 45809461 219494
35 3 3 45948672 218804
35 3 4 45868600 219294
36 3 1 49554567 238134
36 3 2 49609199 237685
36 3 3 49715810 238444
36 3 4 49506746 238184
37 3 1 53756803 258374
37 3 2 53726492 257675
37 3 3 53655381 257395
37 3 4 53631792 257925
38 3 1 57993879 278935
38 3 2 57808976 280765
38 3 3 57937209 279195
38 3 4 57847578 280065
39 3 1 62453501 301215
39 3 2 62368730 301385
39 3 3 62544123 304005
39 3 4 62411290 301136
40 3 1 67193107 325626
40 3 2 67172706 330646
40 3 3 67124576 325276
40 3 4 67033013 324676
41 3 1 72239528 350107
41 3 2 72006253 355206
41 3 3 71862091 349536
41 3 4 71872580 349316
42 3 1 78138035 377276
42 3 2 77223708 375547
42 3 3 77267119 376226
42 3 4 77139367 375396
43 3 1 86445944 406747
43 3 2 89814976 412098
43 3 3 89898117 410858
43 3 4 89546182 458568
44 3 1 95481908 438858
44 3 2 95154084 438488
44 3 3 95434027 437968
44 3 4 95210604 440228
45 3 1 101142621 475949
45 3 2 102441395 476319
45 3 3 101459197 471398
45 3 4 101140882 469098
46 3 1 107739750 504209
46 3 2 107594767 500639
46 3 3 107762451 502019
46 3 4 107277003 507289
47 3 1 114265638 538559
47 3 2 114229648 538750
47 3 3 114268069 534189
47 3 4 114162627 533870
48 3 1 121350988 572330
48 3 2 120992800 568311
48 3 3 121301066 569520
48 3 4 121212745 568930
49 3 1 128549357 609821
49 3 2 127948976 610851
49 3 3 128396355 605381
49 3 4 128374074 610241
50 3 1 135966032 650162
50 3 2 135845999 645812
50 3 3 136098334 646711
50 3 4 135779148 645432
51 3 1 143748212 686293
51 3 2 143402946 682002
51 3 3 143745222 690853
51 3 4 143827794 684233
52 3 1 152061574 728763
52 3 2 151793838 725803
52 3 3 152113944 724163
52 3 4 151800189 728383
53 3 1 161519864 778494
53 3 2 161590876 781504
53 3 3 161941541 780655
53 3 4 161549184 781724
54 3 1 176150810 841865
54 3 2 172425971 826125
54 3 3 172913471 820075
54 3 4 172391021 817054
55 3 1 181326363 868096
55 3 2 181200371 868935
55 3 3 181259061 870406
55 3 4 181455865 868196
56 3 1 191161261 917276
56 3 2 190828285 913427
56 3 3 190967388 915046
56 3 4 190853135 915806
57 3 1 200859827 966038
57 3 2 200030552 960637
57 3 3 200729384 974057
57 3 4 200450189 972818
58 3 1 210801876 1014268
58 3 2 210373819 1015419
58 3 3 210415760 1009318
58 3 4 210323277 1018508
59 3 1 220818598 1067230
59 3 2 221061463 1067989
59 3 3 221128933 1081100
59 3 4 220750867 1069329
60 3 1 233399825 1130081
60 3 2 232025490 1127191
60 3 3 232334787 1142481
60 3 4 232794264 1125670
61 3 1 243496538 1179351
61 3 2 243685911 1191832
61 3 3 243939967 1182311
61 3 4 243686822 1181661
62 3 1 255881253 1255703
62 3 2 255717330 1239472
62 3 3 255709869 1236712
62 3 4 255390154 1248443
63 3 1 267331710 1296684
63 3 2 267134006 1295244
63 3 3 267535104 1298404
63 3 4 267232588 1306524
64 3 1 280206504 1378724
64 3 2 279679804 1371965
64 3 3 279868537 1387795
64 3 4 279596352 1377915
65 3 1 293034986 1446656
65 3 2 292421604 1432336
65 3 3 292624739 1423926
65 3 4 292050707 1434476
66 3 1 305697954 1493667
66 3 2 304191917 1511597
66 3 3 304633846 1499597
66 3 4 304150746 1487367
67 3 1 318441005 1559658
67 3 2 323232323 1575069
67 3 3 323400305 1562608
67 3 4 322531120 1561509
68 3 1 341724376 1640490
68 3 2 333609340 1629699
68 3 3 337804156 1630139
68 3 4 337059802 1646770
69 3 1 352864008 1715401
69 3 2 351841369 1703611
69 3 3 352324749 1702041
69 3 4 351620576 1714761
70 3 1 367080847 1778542
70 3 2 366513776 1792162
70 3 3 366624017 1784972
70 3 4 366304232 1786112
71 3 1 382206520 1846974
71 3 2 381329803 1846853
71 3 3 381599249 1861574
71 3 4 381649960 1856094
72 3 1 397363064 1930665
72 3 2 396720842 1932285
72 3 3 397049058 1925285
72 3 4 398192618 1945565
73 3 1 415169107 2022547
73 3 2 408111739 2023927
73 3 3 414578786 2030077
73 3 4 414429882 2023437
74 3 1 431368820 2127768
74 3 2 424636088 2116048
74 3 3 431124015 2121728
74 3 4 430003005 2113179
75 3 1 447984700 2218410
75 3 2 441305900 2214050
75 3 3 447752057 2211380
75 3 4 447702546 2195730
76 3 1 465784003 2280271
76 3 2 460246923 2288121
76 3 3 465710231 2272131
76 3 4 465323754 2294762
77 3 1 483742169 2388353
77 3 2 477614116 2382863
77 3 3 483762599 2380383
77 3 4 483137417 2379243
78 3 1 502381886 2479655
78 3 2 496235664 2469245
78 3 3 502089740 2481915
78 3 4 502203823 2482054
79 3 1 521196455 2578707
79 3 2 515265558 2575397
79 3 3 521631274 2561096
79 3 4 520953342 2570857
80 3 1 540387193 2671268
80 3 2 534583448 2658238
80 3 3 540546057 2674938
80 3 4 539827743 2670388
81 3 1 560378955 2780000
81 3 2 553643234 2739520
81 3 3 559634172 2753800
81 3 4 558623933 2757640
82 3 1 580026891 3042485
82 3 2 574390159 2873632
82 3 3 580082522 2871762
82 3 4 580091482 2877292
83 3 1 601082821 2987984
83 3 2 595758147 2984065
83 3 3 601757674 2970734
83 3 4 601049542 2990744
84 3 1 623345416 3279449
84 3 2 617650283 3094287
84 3 3 623164762 3073496
84 3 4 622385028 3087116
85 3 1 654492569 3191967
85 3 2 648023052 3195038
85 3 3 647923300 3190248
85 3 4 647669356 3193598
86 3 1 669288667 3286059
86 3 2 669756785 3497584
86 3 3 670036541 3502973
86 3 4 669702594 3510123
87 3 1 694658876 3625626
87 3 2 692650371 3626716
87 3 3 693565677 3406391
87 3 4 692550438 3613716
88 3 1 717119014 3724488
88 3 2 715548674 3743438
88 3 3 716218697 3740188
88 3 4 716209207 3733678
89 3 1 740437715 3846310
89 3 2 739963787 3629866
89 3 3 740049088 3649996
89 3 4 739842555 3655276
90 3 1 766223222 3767289
90 3 2 765260655 3772208
90 3 3 765696423 3761788
90 3 4 764590122 3782918
91 3 1 791155723 3915911
91 3 2 789353951 3908621
91 3 3 790148445 3918831
91 3 4 789221649 3927591
92 3 1 816966561 4024743
92 3 2 815139579 4021182
92 3 3 815084897 4030253
92 3 4 814537927 4022663
93 3 1 842712187 4161425
93 3 2 841890762 4170466
93 3 3 842465682 4160016
93 3 4 841533896 4161446
94 3 1 869374110 4290008
94 3 2 867994495 4292878
94 3 3 869990490 4295567
94 3 4 868631437 4286238
95 3 1 896211456 4424220
95 3 2 895554634 4430340
95 3 3 895806758 4428670
95 3 4 894584766 4414930
96 3 1 925351753 4595203
96 3 2 923853976 4604034
96 3 3 924088350 4584114
96 3 4 922858348 4584514
97 3 1 952908042 4737126
97 3 2 951856613 4708325
97 3 3 953122966 4719716
97 3 4 951895393 4712236
98 3 1 984469923 4862638
98 3 2 981037330 4848887
98 3 3 982069000 4913459
98 3 4 981102073 4881777
99 3 1 1011739838 5013511
99 3 2 1010722019 5008081
99 3 3 1011896140 5004880
99 3 4 1011473542 5006931
100 3 1 1043933750 5170184
100 3 2 1041248071 5161013
100 3 3 1045989678 5160154
100 3 4 1041735780 5171373
101 3 1 1073367372 5316456
101 3 2 1072531387 5345317
101 3 3 1073426713 5312177
101 3 4 1071752614 5313566
102 3 1 1104652808 5471849
102 3 2 1103933427 5488780
102 3 3 1104274313 5488479
102 3 4 1105196058 5493799
103 3 1 1138298479 5649533
103 3 2 1135505218 5661943
103 3 3 1136895432 5650892
103 3 4 1135113141 5627032
104 3 1 1169707137 5804505
104 3 2 1176368177 5789835
104 3 3 1177871166 5789775
104 3 4 1177003959 5799336
105 3 1 1212291048 5954728
105 3 2 1210409544 5956228
105 3 3 1211924081 5965108
105 3 4 1210725929 5954198
106 3 1 1247320442 6134841
106 3 2 1238437462 6140991
106 3 3 1245472679 6144121
106 3 4 1244286547 6157122
107 3 1 1299368504 6327305
107 3 2 1290638707 6315024
107 3 3 1293223573 6308264
107 3 4 1291479402 6299834
108 3 1 1332192819 6493837
108 3 2 1331306382 6462417
108 3 3 1332504764 6517978
108 3 4 1330638650 6494807
109 3 1 1365918119 6657850
109 3 2 1363850752 6679940
109 3 3 1365253247 6672831
109 3 4 1363576377 6668501
110 3 1 1402804077 6847494
110 3 2 1401759958 6862235
110 3 3 1403356267 6844084
110 3 4 1401085746 6842714
111 3 1 1440790825 7045908
111 3 2 1439000743 7054598
111 3 3 1439257217 7018658
111 3 4 1436648620 7035617
112 3 1 1477421128 7265392
112 3 2 1477131573 7261951
112 3 3 1478468267 7261051
112 3 4 1475720727 7277802
113 3 1 1517732378 7439985
113 3 2 1515413696 7430334
113 3 3 1518141445 7418475
113 3 4 1514686273 7416444
114 3 1 1557120651 7624989
114 3 2 1555535102 7626758
114 3 3 1557849684 7629248
114 3 4 1554544205 7630808
115 3 1 1595236991 7822422
115 3 2 1593837666 7832971
115 3 3 1596144908 7830692
115 3 4 1594727322 7827822
116 3 1 1656376748 8234029
116 3 2 1654976352 8041826
116 3 3 1656669884 8036336
116 3 4 1654704858 8030544
117 3 1 1679525237 8254810
117 3 2 1677479460 8232239
117 3 3 1679065969 8262210
117 3 4 1676689156 8235969
118 3 1 1721190612 8455083
118 3 2 1720448199 8464743
118 3 3 1721004928 8467283
118 3 4 1718774967 8456043
119 3 1 1765156827 8739609
119 3 2 1763950146 8669727
119 3 3 1765027495 8671077
119 3 4 1762475158 8644876
120 3 1 1807577345 9232367
120 3 2 1808082475 8908582
120 3 3 1809876627 8887390
120 3 4 1806277643 8872421
121 3 1 1853626239 9421221
121 3 2 1851795026 9109905
121 3 3 1854594367 9110645
121 3 4 1853526367 9088385
122 3 1 1900159702 9709485
122 3 2 1898290088 9355010
122 3 3 1900108411 9326689
122 3 4 1896090988 9333369
123 3 1 1945772697 9893429
123 3 2 1942506409 9567772
123 3 3 1945218798 9581274
123 3 4 1942525699 9566523
124 3 1 1993116145 10183454
124 3 2 1990318374 9797806
124 3 3 1991899473 9815887
124 3 4 1990504817 9818908
125 3 1 2040123055 10407879
125 3 2 2037320695 10043402
125 3 3 2040386741 10030580
125 3 4 2038236532 10041651
126 3 1 2090116821 10658113
126 3 2 2086765259 10288846
126 3 3 2089354238 10305836
126 3 4 2083783687 10246486
127 3 1 2138712161 10914207
127 3 2 2136513231 10537471
127 3 3 2139299141 10529051
127 3 4 2135002293 10542411
128 3 1 2188171617 11319265
128 3 2 2184385488 10918198
128 3 3 2187192128 10900827
128 3 4 2186085489 10910637
129 3 1 2275634680 11454238
129 3 2 2273537121 11051360
129 3 3 2275620000 11080651
129 3 4 2270977394 11052530
130 3 1 2328181651 11704322
130 3 2 2326598853 11304315
130 3 3 2330003445 11308434
130 3 4 2325989552 11263384
131 3 1 2385762133 11990897
131 3 2 2382772099 11579180
131 3 3 2383747817 11578259
131 3 4 2381705180 11561609
132 3 1 2438549310 12283432
132 3 2 2436456961 11847005
132 3 3 2438117631 11853424
132 3 4 2434992505 11863635
133 3 1 2493796389 12490076
133 3 2 2491146211 12099419
133 3 3 2494323729 12089899
133 3 4 2490015900 12116319
134 3 1 2550229422 12804901
134 3 2 2547589564 12724030
134 3 3 2549691642 12362594
134 3 4 2547101244 12340143
135 3 1 2590997378 13312221
135 3 2 2589461691 12872104
135 3 3 2591935906 12842332
135 3 4 2587896613 12841733
136 3 1 2649145442 13413583
136 3 2 2644478387 12946195
136 3 3 2647620484 12946414
136 3 4 2644672361 12949694
137 3 1 2706420709 13704408
137 3 2 2702826734 13222040
137 3 3 2705068684 13247660
137 3 4 2700372660 13189848
138 3 1 2763303360 13994214
138 3 2 2761328533 13511405
138 3 3 2764476100 13533245
138 3 4 2758020872 13516225
139 3 1 2826129726 14278179
139 3 2 2821808968 13818710
139 3 3 2825233770 13820780
139 3 4 2820639248 13830741
140 3 1 2881494739 14591484
140 3 2 2879223768 14121725
140 3 3 2881174563 14118236
140 3 4 2877403365 14100615
141 3 1 2941485015 14907620
141 3 2 2938754946 14451511
141 3 3 2943827467 14442781
141 3 4 2937804249 14371870
142 3 1 3003037069 15227486
142 3 2 2999602537 14769357
142 3 3 3003793262 14742047
142 3 4 2998557917 14756777
143 3 1 3066191122 15531721
143 3 2 3062407793 14995302
143 3 3 3067379214 15055032
143 3 4 3061772913 15062082
144 3 1 3131211050 16023240
144 3 2 3126370172 15464980
144 3 3 3129424847 15466300
144 3 4 3126496284 15478421
145 3 1 3194114038 16215714
145 3 2 3188878693 15699124
145 3 3 3193490868 15694064
145 3 4 3189001337 15663433
146 3 1 3258479954 16551270
146 3 2 3255541510 16023380
146 3 3 3256406035 15968289
146 3 4 3255094352 16008930
147 3 1 3322134056 16842095
147 3 2 3320102179 16373087
147 3 3 3322873220 16374115
147 3 4 3318400229 16349236
148 3 1 3392912918 17204111
148 3 2 3386474881 16680172
148 3 3 3389931564 16698173
148 3 4 3386179815 16625011
149 3 1 3456317925 17488507
149 3 2 3458850211 19221098
149 3 3 3464012705 19227527
149 3 4 3458205261 19241557
150 3 1 3532040156 19724578
150 3 2 3527065256 19685507
150 3 3 3529115083 19716767
150 3 4 3526875353 19777489
151 3 1 3601962452 20342267
151 3 2 3595712020 20351939
151 3 3 3597437760 20284068
151 3 4 3595660808 20234256
152 3 1 3675894881 20131734
152 3 2 3672106882 20118075
152 3 3 3675638495 20229055
152 3 4 3667302185 20199856
153 3 1 3743795280 20681035
153 3 2 3740969808 20760866
153 3 3 3744791198 20762176
153 3 4 3738546254 20838648
154 3 1 3822566826 21356036
154 3 2 3819330278 21435259
154 3 3 3820380826 21452489
154 3 4 3815963837 21340746
155 3 1 3890173531 21942136
155 3 2 3883106173 21899837
155 3 3 3889283843 21889116
155 3 4 3882623184 22021978
156 3 1 3968781104 21913166
156 3 2 3965634767 21802644
156 3 3 3967912988 22168261
156 3 4 3962359248 21872175
157 3 1 4040405141 23296073
157 3 2 4035427570 23193130
157 3 3 4041413088 23094238
157 3 4 4034700386 23167360
158 3 1 4114909849 23156649
158 3 2 4110046202 23165419
158 3 3 4110404377 23022297
158 3 4 4110421038 23127089
159 3 1 4190018429 23079807
159 3 2 4185800292 23078708
159 3 3 4191493066 23075678
159 3 4 4185580819 22961556
160 3 1 4268959408 24220858
160 3 2 4264831234 24294060
160 3 3 4269237873 24322700
160 3 4 4263707874 24290929
161 3 1 4349325774 24347520
161 3 2 4341478561 24276438
161 3 3 4346760808 24335640
161 3 4 4341342419 24254690
162 3 1 4426088303 25013873
162 3 2 4418337293 25009523
162 3 3 4424362673 24957271
162 3 4 4416334647 24895860
163 3 1 4506624441 24878601
163 3 2 4502261242 25328528
163 3 3 4506303915 24870030
163 3 4 4499682206 24890781
164 3 1 4587620427 26749475
164 3 2 4582454154 26679843
164 3 3 4585627772 26718934
164 3 4 4579439300 26648132
165 3 1 4668558643 26744903
165 3 2 4663845478 26821995
165 3 3 4669850386 26690423
165 3 4 4663719895 26685522
166 3 1 4764844967 27243613
166 3 2 4757838279 27252754
166 3 3 4764582852 27304734
166 3 4 4759168113 27346165
167 3 1 4851569756 27302735
167 3 2 4847499492 27157901
167 3 3 4852046325 27243603
167 3 4 4843613072 27232354
168 3 1 4938213974 28025277
168 3 2 4933170924 27846614
168 3 3 4935006637 27917015
168 3 4 4930111319 27852824
169 3 1 5073404683 28694040
169 3 2 5067227980 28695270
169 3 3 5073626786 28825863
169 3 4 5066069780 28712469
170 3 1 5163187158 28707540
170 3 2 5157136479 28649188
170 3 3 5163085156 28602598
170 3 4 5155215684 28719441
171 3 1 5254032672 29391613
171 3 2 5249581562 29471684
171 3 3 5252525794 29316951
171 3 4 5246940464 29302591
172 3 1 5347005876 29529025
172 3 2 5341829452 29287201
172 3 3 5346551308 29333651
172 3 4 5340730223 29401573
173 3 1 5432594156 30115135
173 3 2 5429078612 30108855
173 3 3 5432621956 30154036
173 3 4 5426746650 30094625
174 3 1 5526835041 30870829
174 3 2 5520402406 31023161
174 3 3 5525341644 30888759
174 3 4 5517234098 30943540
175 3 1 5618584702 31562192
175 3 2 5613734915 31613582
175 3 3 5618310798 31759065
175 3 4 5613230556 31688214
176 3 1 5716164099 31686863
176 3 2 5710406345 31732004
176 3 3 5715592369 31669054
176 3 4 5709660541 31770056
177 3 1 5814270265 32467428
177 3 2 5807333900 32495898
177 3 3 5812402411 32602531
177 3 4 5804874066 32455458
178 3 1 5907051935 32550150
178 3 2 5899728872 32511808
178 3 3 5905491698 32591140
178 3 4 5897115226 32525458
179 3 1 6004387188 33373204
179 3 2 5996089857 33453207
179 3 3 6003829108 33308343
179 3 4 5995933455 33341073
180 3 1 6103576734 34110038
180 3 2 6096111607 34115369
180 3 3 6103732195 34231540
180 3 4 6094464239 34092387
181 3 1 6206234252 34192609
181 3 2 6196981224 34460175
181 3 3 6207173758 34309612
181 3 4 6195381275 34206079
182 3 1 6303775847 35050975
182 3 2 6301694411 35073564
182 3 3 6304684424 35160737
182 3 4 6297984903 35099715
183 3 1 6409357330 35841798
183 3 2 6401148231 35908490
183 3 3 6407402264 35892370
183 3 4 6399320818 35900639
184 3 1 6515324628 36038923
184 3 2 6505478830 36116123
184 3 3 6514167367 36028272
184 3 4 6504322379 36033683
185 3 1 6615180625 36861787
185 3 2 6609685337 36988389
185 3 3 6614319051 36882267
185 3 4 6603933523 36884158
186 3 1 6718895104 37054261
186 3 2 6712711062 37079551
186 3 3 6720552644 37076731
186 3 4 6710999490 37065132
187 3 1 6827262156 37872086
187 3 2 6818453985 37878175
187 3 3 6824727840 37689512
187 3 4 6818348164 37923906
188 3 1 6934650600 38089579
188 3 2 6927609273 38042268
188 3 3 6934783822 38108511
188 3 4 6923962385 38081800
189 3 1 7046969323 39059768
189 3 2 7038280386 38994947
189 3 3 7046633897 39021077
189 3 4 7036442523 38985586
190 3 1 7157529435 39870422
190 3 2 7148205676 40009525
190 3 3 7158482842 39885362
190 3 4 7146071798 39891212
191 3 1 7265680413 39870802
191 3 2 7258055634 40100447
191 3 3 7267427245 40146976
191 3 4 7255960138 40140957
192 3 1 7380253037 41000883
192 3 2 7372341333 41613663
192 3 3 7377410596 41016762
192 3 4 7368699339 41077663
193 3 1 7493586189 41954649
193 3 2 7487681373 41981390
193 3 3 7494565016 41976640
193 3 4 7485952541 41975981
194 3 1 7622084786 42110568
194 3 2 7613512233 42221360
194 3 3 7618900739 42161617
194 3 4 7610932905 41893100
195 3 1 7727433153 43120224
195 3 2 7721704356 43338707
195 3 3 7725276954 43262793
195 3 4 7718391950 43247453
196 3 1 7840499957 43356253
196 3 2 7833003642 43339482
196 3 3 7842876132 43472883
196 3 4 7829958214 43362750
197 3 1 7960435665 44353608
197 3 2 7954077201 44206354
197 3 3 7959073630 44320635
197 3 4 7947583348 44357735
198 3 1 8085233607 44636499
198 3 2 8074449311 44738129
198 3 3 8083118001 44368931
198 3 4 8069405333 44583745
199 3 1 8214397691 45685076
199 3 2 8205355328 45738796
199 3 3 8209393161 45596631
199 3 4 8202578870 45554470
200 3 1 8322733665 46631749
200 3 2 8314113150 46623649
200 3 3 8323121138 46615357
200 3 4 8306510611 46707688
201 3 1 8453457983 46814869
201 3 2 8447330035 46897970
201 3 3 8452512694 46884048
201 3 4 8442263671 46834087
202 3 1 8576305871 47163042
202 3 2 8567390117 47333454
202 3 3 8574624453 47223631
202 3 4 8560782208 47172599
203 3 1 8696503207 48919453
203 3 2 8690561459 48954472
203 3 3 8697651649 48920080
203 3 4 8686438002 48942250
204 3 1 8830255197 48629632
204 3 2 8821736275 48637352
204 3 3 8828106296 48623131
204 3 4 8818769985 48579789
205 3 1 8955258433 49612988
205 3 2 8945894353 49615037
205 3 3 8955518634 49668757
205 3 4 8943493787 49732028
206 3 1 9084542831 50799347
206 3 2 9077510173 50830107
206 3 3 9083510080 50707213
206 3 4 9072960881 50699313
207 3 1 9216160732 51048428
207 3 2 9206120973 50793733
207 3 3 9217097813 51107238
207 3 4 9203379849 51274400
208 3 1 9347027535 51491424
208 3 2 9338580366 51448292
208 3 3 9350522752 51536513
208 3 4 9338464266 51479271
209 3 1 9482957917 52560631
209 3 2 9474262539 52526440
209 3 3 9483467197 52582230
209 3 4 9468202638 52465128
210 3 1 9614962661 52940166
210 3 2 9607296739 52935395
210 3 3 9615303150 52690249
210 3 4 9603019607 52932904
211 3 1 9760235876 54010173
211 3 2 9741748314 54044393
211 3 3 9749029367 54012242
211 3 4 9740946329 53793947
212 3 1 9892868406 55207134
212 3 2 9882201300 55137910
212 3 3 9888838479 55227812
212 3 4 9876231531 55219602
213 3 1 10149003556 55533807
213 3 2 10138422156 55853583
213 3 3 10146277409 55627288
213 3 4 10131806479 55601797
214 3 1 10290067183 56490303
214 3 2 10278531571 56860039
214 3 3 10288152682 57039942
214 3 4 10275485354 56887668
215 3 1 10432141746 57026960
215 3 2 10420527099 57474328
215 3 3 10430088305 57209113
215 3 4 10414097990 57276743
216 3 1 10578947137 58393293
216 3 2 10569122859 58380763
216 3 3 10581927912 58290881
216 3 4 10567427171 58486115
217 3 1 10713747927 58914352
217 3 2 10704796902 58649647
217 3 3 10716305565 58830159
217 3 4 10700883903 58803929
218 3 1 10862961436 60109412
218 3 2 10850804657 60060930
218 3 3 10859172116 59771105
218 3 4 10851578917 59935627
219 3 1 11009054863 60514588
219 3 2 10995702977 60482276
219 3 3 11006659349 60683830
219 3 4 10993263177 60770421
220 3 1 11165176454 61900623
220 3 2 11152057697 61875461
220 3 3 11163186157 61698018
220 3 4 11147339666 61776448
221 3 1 11306423451 61668345
221 3 2 11295981130 61551173
221 3 3 11306800149 61756327
221 3 4 11292013070 61468051
222 3 1 11455184543 63030190
222 3 2 11444175116 62780785
222 3 3 11453761157 62820546
222 3 4 11441150283 62788765
223 3 1 11604494612 64038848
223 3 2 11593833145 64173919
223 3 3 11608419393 64024036
223 3 4 11590750589 63982716
224 3 1 11762286161 64884051
224 3 2 11749690794 64874171
224 3 3 11762934131 64729328
224 3 4 11746688377 64659556
225 3 1 11907596121 65785267
225 3 2 11903607889 65731675
225 3 3 11913420165 65790886
225 3 4 11899268336 65705655
226 3 1 12091387011 66266665
226 3 2 12081778658 66288944
226 3 3 12093138777 66275475
226 3 4 12075960484 66301174
227 3 1 12231231684 68032567
227 3 2 12218086819 67758361
227 3 3 12230359018 67637119
227 3 4 12215403981 67612808
228 3 1 12390321857 68260341
228 3 2 12378937449 68383452
228 3 3 12389602291 68365281
228 3 4 12371375817 68215879
229 3 1 12553887516 68885330
229 3 2 12532052656 68852630
229 3 3 12550072868 69016131
229 3 4 12536485214 68929661
230 3 1 12713169454 70213733
230 3 2 12696383273 70219065
230 3 3 12709155939 70105202
230 3 4 12693340167 70118181
231 3 1 12877232342 71247982
231 3 2 12866117468 71140840
231 3 3 12876963013 71138240
231 3 4 12862824674 71159520
232 3 1 13054529785 72345152
232 3 2 13039156405 72128948
232 3 3 13052338205 72108847
232 3 4 13034234136 72200149
233 3 1 13225438008 72995202
233 3 2 13211994537 72808140
233 3 3 13221950849 73012213
233 3 4 13207913339 72805919
234 3 1 13372735971 74134993
234 3 2 13359870764 74194175
234 3 3 13371449809 74136084
234 3 4 13353970717 74121353
235 3 1 13541291799 74121282
235 3 2 13525334046 74063501
235 3 3 13543110098 74231134
235 3 4 13524689890 74085952
236 3 1 13713375799 75746482
236 3 2 13701526543 75518998
236 3 3 13716327192 75458187
236 3 4 13695392710 75502308
237 3 1 13884549258 75961176
237 3 2 13871916831 76319312
237 3 3 13882177419 76536745
237 3 4 13868237817 76243271
238 3 1 14060462382 76870632
238 3 2 14046090814 77036075
238 3 3 14059860238 77006054
238 3 4 14039410290 76773870
239 3 1 14227557299 78167286
239 3 2 14222175460 78538253
239 3 3 14231876101 78372330
239 3 4 14210470096 78501952
240 3 1 14430134399 79085483
240 3 2 14415465510 79361368
240 3 3 14421987493 79033700
240 3 4 14409186249 79158484
241 3 1 14590230817 80254271
241 3 2 14576351176 80683832
241 3 3 14586774658 80577350
241 3 4 14567751195 80322505
242 3 1 14770867968 81310999
242 3 2 14762421140 81071883
242 3 3 14776042051 81008525
242 3 4 14758557522 81488027
243 3 1 14947008580 82895531
243 3 2 14930359300 83049326
243 3 3 14944089066 83018237
243 3 4 14920965660 82883937
244 3 1 15130153277 83566254
244 3 2 15116142000 83724430
244 3 3 15135032134 84030629
244 3 4 15109418605 84063424
245 3 1 15313154435 84722932
245 3 2 15300004703 84872288
245 3 3 15312850739 84954773
245 3 4 15293798624 84850945
246 3 1 15501313218 85856710
246 3 2 15486363553 85828733
246 3 3 15495090256 85777286
246 3 4 15475549564 85864302
247 3 1 15687151920 87224585
247 3 2 15671442319 87160429
247 3 3 15681153851 87082271
247 3 4 15652281598 87356811
248 3 1 15882901596 87780617
248 3 2 15864815812 88109098
248 3 3 15873035583 88080813
248 3 4 15857936331 87843243
249 3 1 16163440464 89342879
249 3 2 16146930937 89601710
249 3 3 16159105155 89674907
249 3 4 16139306721 89562661
250 3 1 16259477661 89640928
250 3 2 16238253380 89788456
250 3 3 16237839009 89768092
250 3 4 16234478288 89606696
251 3 1 16457531390 91199914
251 3 2 16439770495 91338623
251 3 3 16456264854 91398391
251 3 4 16431849709 91287246
252 3 1 16643772270 91967175
252 3 2 16629835943 92187746
252 3 3 16639932087 92280676
252 3 4 16620612691 92054838
253 3 1 16845235389 93112756
253 3 2 16828129362 93077183
253 3 3 16845542810 93059260
253 3 4 16818773144 93107248
254 3 1 17040651576 94710157
254 3 2 17024466075 94668723
254 3 3 17037040317 94696501
254 3 4 17017431402 94720129
255 3 1 17248958541 95441512
255 3 2 17229708541 95716125
255 3 3 17243290932 95781143
255 3 4 17221993461 95709349
256 3 1 17429868952 100833978
256 3 2 17418113877 100885866
256 3 3 17427929420 100956526
256 3 4 17408352987 100803150
257 3 1 17621558905 98356641
257 3 2 17619074225 98268267
257 3 3 17632099099 98302258
257 3 4 17610410196 98405937
258 3 1 17847407770 99815813
258 3 2 17831129198 99567966
258 3 3 17843789300 99596435
258 3 4 17818305341 99546383
259 3 1 18050462210 100239704
259 3 2 18033449729 100286834
259 3 3 18052062129 100243522
259 3 4 18024319228 100239780
260 3 1 18258134678 101157246
260 3 2 18238073809 101133565
260 3 3 18254832150 101161734
260 3 4 18234354240 101250345
261 3 1 18565334071 102150851
261 3 2 18543398683 102114869
261 3 3 18562397111 102072416
261 3 4 18526682784 102015065
262 3 1 18668379246 103997492
262 3 2 18651474675 104419629
262 3 3 18668281907 104288586
262 3 4 18648458891 104357215
263 3 1 18882658512 103936017
263 3 2 18866003567 104062318
263 3 3 18880985454 104246081
263 3 4 18857002600 104281641
264 3 1 19113730815 105968102
264 3 2 19094131293 105599904
264 3 3 19111385173 106035402
264 3 4 19081292520 106031401
265 3 1 19312866463 106786515
265 3 2 19295567363 106913707
265 3 3 19307780313 107005358
265 3 4 19287029196 107114829
266 3 1 19605755838 108007115
266 3 2 19591805037 107972824
266 3 3 19604984030 108076935
266 3 4 19580393854 108051295
267 3 1 19749557935 109820818
267 3 2 19731136624 110050151
267 3 3 19749432837 109897058
267 3 4 19722819479 109567041
268 3 1 20196331308 110467368
268 3 2 20191559078 110338656
268 3 3 20209904992 110757713
268 3 4 20176322799 110648491
269 3 1 20428344817 111168320
269 3 2 20411006610 110893854
269 3 3 20437474340 110846773
269 3 4 20410884361 111082467
270 3 1 20651234243 112521044
270 3 2 20633781732 112253608
270 3 3 20650583139 112288499
270 3 4 20623135634 112570253
271 3 1 20901450094 114159655
271 3 2 20877101721 114138543
271 3 3 20892720083 114447799
271 3 4 20860799422 114136072
272 3 1 21097912024 116130160
272 3 2 21080089884 116055939
272 3 3 21096997577 116079969
272 3 4 21069022128 116111559
273 3 1 21330721942 117137618
273 3 2 21310021365 117162678
273 3 3 21326711010 117211479
273 3 4 21296094257 117367002
274 3 1 21559135561 118611735
274 3 2 21536277418 118083935
274 3 3 21562858447 118339121
274 3 4 21529567541 118009403
275 3 1 21790170011 118668835
275 3 2 21770817690 118465811
275 3 3 21789506894 118956531
275 3 4 21753761356 118243287
276 3 1 22021779380 120739045
276 3 2 22001718882 121006449
276 3 3 22023548978 120938328
276 3 4 21989664339 120510470
277 3 1 22258527663 122183072
277 3 2 22239380773 122329904
277 3 3 22247177070 122006918
277 3 4 22227767690 122044019
278 3 1 22494653847 123209151
278 3 2 22474101597 123528206
278 3 3 22491398595 123068437
278 3 4 22461896617 123248630
279 3 1 22745628318 124684428
279 3 2 22718043205 124946892
279 3 3 22731645007 124642647
279 3 4 22708875279 124628257
280 3 1 22974025098 125753227
280 3 2 22954236177 125767598
280 3 3 22967372923 125952751
280 3 4 22938374518 126099854
281 3 1 23213006279 127087552
281 3 2 23190052360 127294878
281 3 3 23210007457 127205975
281 3 4 23177825675 127379798
282 3 1 23453803744 128915087
282 3 2 23436903901 129148082
282 3 3 23426173456 129169022
282 3 4 23425292331 129098670
283 3 1 23705306997 130550338
283 3 2 23683231668 130597799
283 3 3 23705296458 130292363
283 3 4 23674245771 130701401
284 3 1 23951570307 131839513
284 3 2 23928674965 131247041
284 3 3 23920331408 131232041
284 3 4 23919115698 131531187
285 3 1 24205772381 133099886
285 3 2 24178680020 133199678
285 3 3 24201282663 133174747
285 3 4 24169209829 133067005
286 3 1 24453390436 134805399
286 3 2 24430747630 134483272
286 3 3 24449170265 134427992
286 3 4 24439872434 134903850
287 3 1 24704320558 135774367
287 3 2 24657572206 135724176
287 3 3 24693708187 135835068
287 3 4 24664484928 135996461
288 3 1 24951693875 137426608
288 3 2 24932082288 137219054
288 3 3 24954639403 137393117
288 3 4 24921285977 137066841
289 3 1 25208890091 138574849
289 3 2 25185903861 138470457
289 3 3 25209989506 138634410
289 3 4 25173204894 137802214
290 3 1 25471646635 139381235
290 3 2 25448970221 139318864
290 3 3 25471410072 139324123
290 3 4 25436521620 138795804
291 3 1 25731697459 140991115
291 3 2 25710735639 141250030
291 3 3 25737203939 141266661
291 3 4 25697592485 141434313
292 3 1 25997653787 142744959
292 3 2 25970348282 142244018
292 3 3 25997348517 142598665
292 3 4 25962150974 142723677
293 3 1 26278365250 144369551
293 3 2 26252159681 143744159
293 3 3 26270427296 144240780
293 3 4 26239131943 144340834
294 3 1 26506936919 145770065
294 3 2 26495381888 145988231
294 3 3 26513968803 145891692
294 3 4 26484381895 145773002
295 3 1 26785399873 148472600
295 3 2 26759784844 148370381
295 3 3 26785842532 148441057
295 3 4 26746107885 148590833
296 3 1 27054564088 148907615
296 3 2 27019179029 148660134
296 3 3 27046384845 148656109
296 3 4 27013796686 149005891
297 3 1 27385196152 150090508
297 3 2 27358186375 150298048
297 3 3 27388878211 150451836
297 3 4 27348614417 150344100
298 3 1 27596727076 151671093
298 3 2 27571951486 151720639
298 3 3 27587754168 151834269
298 3 4 27552573714 151427688
299 3 1 27929122095 154017045
299 3 2 27913734757 153918331
299 3 3 27923690916 153957878
299 3 4 27906664058 153853643
300 3 1 28143619479 154795469
300 3 2 28086491122 154766416
300 3 3 28145884592 154909457
300 3 4 28104263978 154404936
301 3 1 28426394660 156338891
301 3 2 28396875496 156490912
301 3 3 28425149836 156333126
301 3 4 28390829948 155949867
302 3 1 28699584847 158032716
302 3 2 28678615090 158070335
302 3 3 28700193054 157854760
302 3 4 28661345501 157997581
303 3 1 28989764058 159631062
303 3 2 28960988356 159635600
303 3 3 28989607498 159722930
303 3 4 28954133274 159713789
304 3 1 29265187562 161189886
304 3 2 29236681332 161260856
304 3 3 29263846639 161314177
304 3 4 29222608026 161193874
305 3 1 29548840797 162883635
305 3 2 29519805316 162935806
305 3 3 29547600222 162710320
305 3 4 29507992925 162818682
306 3 1 29841404842 163708149
306 3 2 29807935387 163984843
306 3 3 29836903602 163816769
306 3 4 29796633180 163789498
307 3 1 30123748166 165409349
307 3 2 30098681129 165515790
307 3 3 30123912638 165408046
307 3 4 30077455909 165689632
308 3 1 30414284880 167301012
308 3 2 30390911845 167262361
308 3 3 30413417000 167095928
308 3 4 30370867602 166599087
309 3 1 30707482517 168935092
309 3 2 30679212515 168880391
309 3 3 30706939295 168902061
309 3 4 30667345053 168394381
310 3 1 31001731423 170685585
310 3 2 30968204089 170227458
310 3 3 31002333971 170640690
310 3 4 30959311277 170723295
311 3 1 31301130851 173005692
311 3 2 31268905949 172954135
311 3 3 31296521433 172912497
311 3 4 31257815449 173005883
312 3 1 31597309367 174497713
312 3 2 31564615439 174394194
312 3 3 31591455195 174449578
312 3 4 31545914033 174433740
313 3 1 31899757491 176135925
313 3 2 31862050699 176096455
313 3 3 31895580413 176162169
313 3 4 31847615316 176112490
314 3 1 32222009802 177745093
314 3 2 32195190072 177566691
314 3 3 32219271554 177631964
314 3 4 32175510982 177534974
315 3 1 32509560143 178550275
315 3 2 32472534487 178729849
315 3 3 32505502867 178768902
315 3 4 32461506537 178837874
316 3 1 32807258363 181273182
316 3 2 32781085178 181468657
316 3 3 32814867923 180907736
316 3 4 32766677914 181321795
317 3 1 33133419762 182983817
317 3 2 33102638116 183030069
317 3 3 33117388447 182888108
317 3 4 33086734964 183046602
318 3 1 33410754486 185832655
318 3 2 33392979954 185932408
318 3 3 33426751594 186036880
318 3 4 33382359347 186008531
319 3 1 33743096559 185967461
319 3 2 33706470557 185949041
319 3 3 33732762692 186126215
319 3 4 33683078239 185886690
320 3 1 34047300137 188723665
320 3 2 33976005171 188839757
320 3 3 34051868523 188669475
320 3 4 33993763859 188659165
321 3 1 34386624340 189028603
321 3 2 34354023766 189008043
321 3 3 34371040728 189077524
321 3 4 34334426250 189205597
322 3 1 34701217921 191931010
322 3 2 34686121548 191760006
322 3 3 34719680894 191851898
322 3 4 34664072801 191775447
323 3 1 35000578934 193796036
323 3 2 34972050354 193794616
323 3 3 35000826897 193602982
323 3 4 34958945178 193642463
324 3 1 35324658430 194784374
324 3 2 35296696124 194703733
324 3 3 35323735097 194681674
324 3 4 35274924678 194818997
325 3 1 35647344534 196384917
325 3 2 35571432533 196722163
325 3 3 35648804592 196787355
325 3 4 35601240263 196759039
326 3 1 35977601067 198873733
326 3 2 35937811411 198648163
326 3 3 35971554127 198735209
326 3 4 35924018114 199005957
327 3 1 36326588426 201114611
327 3 2 36272381913 200601015
327 3 3 36302953628 200973654
327 3 4 36247275783 200772274
328 3 1 36629662823 202608771
328 3 2 36592852491 202902999
328 3 3 36626354086 202846230
328 3 4 36573640507 202909144
329 3 1 36975907293 203443936
329 3 2 36942151815 204005449
329 3 3 36967535842 203331208
329 3 4 36926500067 204123704
330 3 1 37295056725 206172384
330 3 2 37265726673 206423571
330 3 3 37289302637 206100376
330 3 4 37239516937 205792251
331 3 1 37639319370 207459994
331 3 2 37608336729 207499957
331 3 3 37637323594 207289493
331 3 4 37587267992 207389236
332 3 1 37975653690 209874365
332 3 2 37936824899 209588870
332 3 3 37954719727 209089581
332 3 4 37917414691 209802635
333 3 1 38320394243 211584810
333 3 2 38288185538 211199584
333 3 3 38322782148 211644193
333 3 4 38275353177 211563031
334 3 1 38641101742 213492329
334 3 2 38621076250 213853176
334 3 3 38656259914 213833195
334 3 4 38599101981 213824666
335 3 1 38950250367 215824954
335 3 2 38966870241 215740873
335 3 3 39000038136 215257564
335 3 4 38945224149 215128422
336 3 1 39327571654 217436557
336 3 2 39302463104 217422557
336 3 3 39326776997 216888016
336 3 4 39285547683 217137242
337 3 1 39690872904 219223502
337 3 2 39656884123 219125990
337 3 3 39675049605 219064899
337 3 4 39631947254 219330054
338 3 1 40513624796 220164211
338 3 2 40472071391 220250332
338 3 3 40512192954 220280393
338 3 4 40455469656 220190833
339 3 1 40858520693 221843124
339 3 2 40825315532 221448365
339 3 3 40855933285 222120428
339 3 4 40799066846 221668157
340 3 1 41212020744 225450925
340 3 2 41177646721 225406921
340 3 3 41212625774 225622442
340 3 4 41157658391 225542357
341 3 1 41568882030 227871175
341 3 2 41526131928 227737378
341 3 3 41564398073 227841194
341 3 4 41508876047 227483943
342 3 1 41919652109 227632380
342 3 2 41890745885 227669434
342 3 3 41927631383 227604917
342 3 4 41877924727 227767513
343 3 1 42260336358 231007106
343 3 2 42254566654 230889107
343 3 3 42289568136 230622395
343 3 4 42231347408 231156097
344 3 1 42651169870 231960114
344 3 2 42622935636 231943006
344 3 3 42664147003 231967039
344 3 4 42604796711 232230756
345 3 1 43020424981 235938457
345 3 2 42978766826 235389009
345 3 3 43011721490 235338649
345 3 4 42951057799 234751779
346 3 1 43389077421 237611124
346 3 2 43345642133 237645136
346 3 3 43367035507 237559525
346 3 4 43323184348 237587426
347 3 1 43741677366 239397381
347 3 2 43712865998 239317102
347 3 3 43756827407 239392433
347 3 4 43693224365 239437114
348 3 1 44121880256 240636188
348 3 2 44085993372 240897863
348 3 3 44123398579 240422285
348 3 4 44062830329 240651810
349 3 1 44443538931 243268560
349 3 2 44463598809 242163210
349 3 3 44499084101 242686260
349 3 4 44442910290 243119618
350 3 1 44875243462 245609776
350 3 2 44835278398 245731079
350 3 3 44873545726 245650667
350 3 4 44818905730 245547113
351 3 1 45246299313 247958426
351 3 2 45206465148 248033275
351 3 3 45229927176 247821018
351 3 4 45181535365 247684049
352 3 1 45608536475 249490486
352 3 2 45581132051 249371547
352 3 3 45616499532 249466750
352 3 4 45563423875 249199456
353 3 1 46010453353 252225462
353 3 2 45968421495 252333822
353 3 3 45995704489 252055596
353 3 4 45944820050 252268747
354 3 1 46405124225 253649990
354 3 2 46361793537 254009942
354 3 3 46404458086 254453496
354 3 4 46348191274 253789789
355 3 1 46794909123 257586375
355 3 2 46750203589 257451817
355 3 3 46790267867 257439141
355 3 4 46726055693 257272182
356 3 1 47175733152 259122560
356 3 2 47135371405 259260486
356 3 3 47171404568 259216758
356 3 4 47110127524 258818433
357 3 1 47585408071 259698052
357 3 2 47539644911 260711212
357 3 3 47584376174 259853808
357 3 4 47522008831 260904020
358 3 1 47965231801 263414909
358 3 2 47913941299 263855329
358 3 3 47956177542 263594865
358 3 4 47901238340 263735291
359 3 1 48341838333 265064155
359 3 2 48303491115 265088948
359 3 3 48348910236 264674339
359 3 4 48289198902 263928878
360 3 1 48719568760 268074417
360 3 2 48698919173 268059707
360 3 3 48747752954 267196651
360 3 4 48681346607 267958056
361 3 1 49144264489 269867243
361 3 2 49097493265 269985386
361 3 3 49127541389 270028421
361 3 4 49083856403 269808113
362 3 1 49529970723 272212291
362 3 2 49504344013 272460997
362 3 3 49542399030 271611824
362 3 4 49484674362 272593153
363 3 1 49957313021 274709192
363 3 2 49845102740 274810293
363 3 3 49932479819 274955573
363 3 4 49880615795 275179304
364 3 1 50378600689 277272940
364 3 2 50299194281 277289806
364 3 3 50364256113 276584229
364 3 4 50292779219 277237636
365 3 1 50775768065 279087376
365 3 2 50736180993 278523680
365 3 3 50760791091 279012012
365 3 4 50711915871 278913953
366 3 1 51185868656 281519275
366 3 2 51131979673 281637271
366 3 3 51175991194 281754494
366 3 4 51111720706 281276607
367 3 1 51623722011 283128435
367 3 2 51581880127 282848841
367 3 3 51621329227 282199311
367 3 4 51562834103 283196121
368 3 1 52005983311 285981206
368 3 2 51957364360 286024248
368 3 3 52003992357 286075819
368 3 4 51928176180 286044219
369 3 1 52438273981 287128512
369 3 2 52392179426 288251553
369 3 3 52439783929 288353585
369 3 4 52370819102 288198154
370 3 1 52850236265 290358405
370 3 2 52802125816 291176040
370 3 3 52826724248 290325195
370 3 4 52767058521 290073491
371 3 1 53269212753 292809142
371 3 2 53214043473 293151770
371 3 3 53270172711 293041616
371 3 4 53188259459 293166943
372 3 1 53694936290 296681033
372 3 2 53644122596 296457462
372 3 3 53674998485 296840443
372 3 4 53616808646 296763326
373 3 1 54113359215 297833969
373 3 2 54063125784 297956293
373 3 3 54102344541 296153642
373 3 4 54039915094 297846786
374 3 1 54601298244 299809694
374 3 2 54539798543 300193693
374 3 3 54568912217 300516961
374 3 4 54518305811 300528042
375 3 1 54915258403 302243556
375 3 2 54938272952 303222445
375 3 3 54987149118 303445821
375 3 4 54841736305 303171836
376 3 1 55416057848 305284357
376 3 2 55354904480 304989192
376 3 3 55416049425 303955133
376 3 4 55328726027 304282391
377 3 1 55871058582 308466579
377 3 2 55811228268 308251925
377 3 3 55796204041 307611704
377 3 4 55790919940 308198675
378 3 1 56305783758 310015900
378 3 2 56252793307 310339316
378 3 3 56328241156 310194484
378 3 4 56233764986 310288205
379 3 1 56726866023 312406087
379 3 2 56669905046 312457877
379 3 3 56713123593 312258783
379 3 4 56649345660 312547629
380 3 1 57176761726 315124957
380 3 2 57123056735 315411753
380 3 3 57169107703 315234309
380 3 4 57100026711 315670427
381 3 1 57620303100 317500500
381 3 2 57565238231 316948517
381 3 3 57590298081 317849343
381 3 4 57542926342 316995184
382 3 1 58047616448 320162069
382 3 2 58004236657 321064881
382 3 3 58052207296 320569556
382 3 4 57985324337 319139044
383 3 1 58520360565 323618043
383 3 2 58451459272 323635876
383 3 3 58508389218 323847033
383 3 4 58428962907 322937839
384 3 1 58957048911 324882268
384 3 2 58902295783 325335110
384 3 3 58950082957 324624458
384 3 4 58877136887 325023617
385 3 1 59408100210 328075985
385 3 2 59357613459 325912667
385 3 3 59404181310 328551187
385 3 4 59328617941 328234962
386 3 1 59868894865 330774951
386 3 2 59742236826 329824224
386 3 3 59858708994 331413494
386 3 4 59801165920 331714940
387 3 1 60350428403 331043168
387 3 2 60294783275 332374384
387 3 3 60356730785 331949156
387 3 4 60260949734 332447427
388 3 1 60988373517 336021234
388 3 2 60931564176 333880674
388 3 3 60985090571 335441664
388 3 4 60899725361 335902592
389 3 1 61266027443 338124384
389 3 2 61208912639 338050293
389 3 3 61258729248 336860323
389 3 4 61181607141 336609233
390 3 1 61706247304 340952245
390 3 2 61661523791 340928885
390 3 3 61719195287 341033800
390 3 4 61637955727 341037854
391 3 1 62196752796 342401906
391 3 2 62131885964 342321103
391 3 3 62179165487 343133037
391 3 4 62101572946 343280330
392 3 1 62646148831 346182136
392 3 2 62596603046 345876154
392 3 3 62657039477 346210453
392 3 4 62572472955 345951872
393 3 1 63138357947 348179998
393 3 2 63086336931 347734336
393 3 3 63130218813 348015257
393 3 4 63054244044 348208457
394 3 1 63586845951 351017966
394 3 2 63553064980 350864691
394 3 3 63615603252 350793186
394 3 4 63485113773 350590580
395 3 1 64067849041 353453762
395 3 2 64026848653 353292517
395 3 3 64076316509 354390767
395 3 4 63992710184 354129540
396 3 1 64579909646 356251579
396 3 2 64517793844 356703297
396 3 3 64588245563 356407040
396 3 4 64492067978 356508291
397 3 1 65046680943 358066000
397 3 2 64996272904 359665777
397 3 3 65045088924 357735385
397 3 4 64953861922 359102967
398 3 1 65511155750 362194924
398 3 2 65486882604 362270626
398 3 3 65532067051 362128153
398 3 4 65433628651 362442131
399 3 1 66207938587 363962912
399 3 2 66139452965 362618001
399 3 3 66178279896 364556032
399 3 4 66106817656 364054427
400 3 1 66492573390 367654011
400 3 2 66446877455 367991083
400 3 3 66478037390 367081403
400 3 4 66418273163 367620680
