1 2 1 4364195 224474
1 2 2 80701 25740
1 2 3 73292 25041
1 2 4 72011 24240
2 2 1 12673625 6568177
2 2 2 46025012 19350415
2 2 3 40300061 12868160
2 2 4 46190325 11454402
3 2 1 46259366 13018772
3 2 2 54623498 12963282
3 2 3 24504185 48771
3 2 4 13225247 12912900
4 2 1 46407689 12955451
4 2 2 43687626 19371665
4 2 3 37338203 19423766
4 2 4 44022613 19313994
5 2 1 49652602 12938060
5 2 2 43925591 13046633
5 2 3 42803520 6591268
5 2 4 42039045 13027433
6 2 1 47719475 13067933
6 2 2 41774260 19365285
6 2 3 35894416 13020663
6 2 4 43575035 13004491
7 2 1 42850700 13124225
7 2 2 42967853 6592468
7 2 3 42602306 19430786
7 2 4 50547740 6618778
8 2 1 53350414 13020832
8 2 2 40233080 6630908
8 2 3 42549684 19428847
8 2 4 41488333 13033473
9 2 1 39316762 55221
9 2 2 14089173 12924311
9 2 3 38176149 60961
9 2 4 6359643 49971
10 2 1 3703822 46261
10 2 2 3750003 48431
10 2 3 3708482 50791
10 2 4 3836784 48451
11 2 1 1076691 52901
11 2 2 1043650 47701
11 2 3 1004530 56691
11 2 4 997899 52611
12 2 1 343937 48341
12 2 2 347577 45901
12 2 3 337026 46781
12 2 4 332156 54741
13 2 1 365347 45581
13 2 2 382098 46380
13 2 3 389278 44730
13 2 4 375987 55071
14 2 1 415508 47981
14 2 2 415168 51891
14 2 3 412218 51641
14 2 4 409098 47011
15 2 1 481550 56911
15 2 2 450128 56821
15 2 3 447289 45471
15 2 4 443108 56681
16 2 1 474639 57091
16 2 2 507420 50501
16 2 3 512010 45721
16 2 4 509190 44751
17 2 1 537810 51561
17 2 2 523330 48871
17 2 3 523370 55321
17 2 4 538250 47181
18 2 1 564001 58531
18 2 2 568101 45761
18 2 3 567851 46031
18 2 4 568351 54741
19 2 1 611772 50831
19 2 2 605492 56191
19 2 3 602811 48721
19 2 4 601121 46921
20 2 1 662002 48821
20 2 2 666063 55631
20 2 3 672673 45311
20 2 4 663162 44461
21 2 1 762565 58571
21 2 2 756995 47321
21 2 3 735774 47401
21 2 4 731144 50661
22 2 1 770975 51081
22 2 2 820126 52291
22 2 3 801925 45131
22 2 4 797775 55141
23 2 1 892577 46171
23 2 2 871857 47650
23 2 3 851526 50461
23 2 4 844196 49311
24 2 1 883037 48390
24 2 2 902447 49041
24 2 3 880387 51101
24 2 4 887467 51711
25 2 1 1446738 49441
25 2 2 976289 53421
25 2 3 940798 45291
25 2 4 958319 57421
26 2 1 1191344 48991
26 2 2 1010709 53231
26 2 3 1100711 47091
26 2 4 1080621 48721
27 2 1 1109551 47221
27 2 2 1235454 60321
27 2 3 1185963 46341
27 2 4 1132602 48490
28 2 1 1209043 59191
28 2 2 1243944 47660
28 2 3 1256214 58501
28 2 4 1256755 47581
29 2 1 1334546 48141
29 2 2 1405177 59051
29 2 3 1575700 47241
29 2 4 1440758 54541
30 2 1 1327376 258315
30 2 2 1382127 51861
30 2 3 1392078 51091
30 2 4 1386407 50491
31 2 1 1573261 64831
31 2 2 1543530 61021
31 2 3 1670562 52541
31 2 4 1580191 51251
32 2 1 1969578 62812
32 2 2 1822595 62311
32 2 3 1801235 50991
32 2 4 1865557 50141
33 2 1 1852466 51641
33 2 2 1799055 126223
33 2 3 1774344 63212
33 2 4 1712453 51031
34 2 1 1898596 53741
34 2 2 1893976 55932
34 2 3 1877217 54301
34 2 4 1826506 62121
35 2 1 2349196 53601
35 2 2 2354216 51561
35 2 3 2303745 58431
35 2 4 2269294 52521
36 2 1 2346885 51211
36 2 2 2303465 57171
36 2 3 2504308 57831
36 2 4 2193953 64411
37 2 1 2514218 54522
37 2 2 2401936 57672
37 2 3 2531159 53081
37 2 4 2460608 52661
38 2 1 2486948 59621
38 2 2 2467808 52851
38 2 3 2580830 62331
38 2 4 2619891 53781
39 2 1 2472148 62801
39 2 2 2611710 54941
39 2 3 2563789 55452
39 2 4 2554149 62572
40 2 1 2679942 68371
40 2 2 2543899 64901
40 2 3 2577660 56341
40 2 4 2510629 54711
41 2 1 3225842 66441
41 2 2 2386146 53321
41 2 3 2191263 66891
41 2 4 2154631 53721
42 2 1 2266394 61301
42 2 2 2346845 54571
42 2 3 2269114 52861
42 2 4 2292564 55161
43 2 1 2658682 69831
43 2 2 2663402 57621
43 2 3 2604711 55541
43 2 4 2606981 55061
44 2 1 2782334 54611
44 2 2 2885866 55071
44 2 3 2691311 66401
44 2 4 2803195 53831
45 2 1 2755994 68631
45 2 2 2814435 54851
45 2 3 2711003 61261
45 2 4 2836895 67771
46 2 1 2960537 62502
46 2 2 2973488 62071
46 2 3 3098110 56651
46 2 4 2976188 63951
47 2 1 3032349 52721
47 2 2 3045068 58002
47 2 3 3128941 52141
47 2 4 3040760 57651
48 2 1 3405485 54081
48 2 2 3607760 56131
48 2 3 3641750 51061
48 2 4 3595920 54111
49 2 1 3739902 55021
49 2 2 3763333 61691
49 2 3 3733573 54931
49 2 4 3689002 61521
50 2 1 3976047 55651
50 2 2 3821464 50871
50 2 3 3817194 51151
50 2 4 3752813 60721
51 2 1 11863240 51551
51 2 2 3904875 60861
51 2 3 3933316 55622
51 2 4 4011978 52221
52 2 1 4164661 53981
52 2 2 4459036 52311
52 2 3 4283103 59551
52 2 4 4359435 53261
53 2 1 4357114 65301
53 2 2 4268132 55541
53 2 3 4143681 64112
53 2 4 4210372 60421
54 2 1 4636559 58921
54 2 2 4692801 57171
54 2 3 4612849 65122
54 2 4 4598869 53671
55 2 1 4591799 68282
55 2 2 4520067 59591
55 2 3 4465757 54371
55 2 4 4433416 55341
56 2 1 4245693 67431
56 2 2 4326274 60701
56 2 3 4440446 52781
56 2 4 4210652 62531
57 2 1 4221642 54601
57 2 2 4457136 57711
57 2 3 4311084 55591
57 2 4 4290343 53151
58 2 1 5212401 69571
58 2 2 4483477 53861
58 2 3 4041118 62561
58 2 4 4132059 62212
59 2 1 4544458 63971
59 2 2 4410626 58701
59 2 3 4368084 59801
59 2 4 4474237 66181
60 2 1 4384726 60941
60 2 2 4579048 59242
60 2 3 4530317 66351
60 2 4 4554348 66612
61 2 1 4662710 60521
61 2 2 4739952 71671
61 2 3 4724312 61291
61 2 4 4990317 62131
62 2 1 4797513 62331
62 2 2 4958607 59651
62 2 3 4857524 57131
62 2 4 5014637 68511
63 2 1 4859335 69191
63 2 2 5061718 59681
63 2 3 5103829 56981
63 2 4 4889815 65932
64 2 1 5312563 51971
64 2 2 5383964 50871
64 2 3 5248411 55571
64 2 4 5286072 63061
65 2 1 5352024 56991
65 2 2 5450466 65681
65 2 3 5431075 53491
65 2 4 5452356 55522
66 2 1 5550617 66631
66 2 2 5783662 57141
66 2 3 5530226 57411
66 2 4 5607098 54011
67 2 1 5712751 57441
67 2 2 5817723 56581
67 2 3 5651430 58131
67 2 4 5753602 67791
68 2 1 5858793 59122
68 2 2 6047057 52301
68 2 3 5801493 53302
68 2 4 5746902 60771
69 2 1 6472145 53361
69 2 2 6805222 54652
69 2 3 6427835 57281
69 2 4 6544356 54941
70 2 1 6796312 65751
70 2 2 6868473 54451
70 2 3 6707771 53021
70 2 4 6752111 62262
71 2 1 6956915 60902
71 2 2 6952834 69052
71 2 3 6956765 57201
71 2 4 7064317 56861
72 2 1 7092018 63692
72 2 2 7122208 68351
72 2 3 7207800 73571
72 2 4 6847432 65312
73 2 1 7047547 70312
73 2 2 7138248 61431
73 2 3 7050566 64242
73 2 4 7090418 70171
74 2 1 7278910 72071
74 2 2 7338342 68092
74 2 3 7211099 67022
74 2 4 7125579 61821
75 2 1 7471944 66112
75 2 2 7548147 67251
75 2 3 7372313 65071
75 2 4 7710129 76562
76 2 1 7863703 65632
76 2 2 7712169 67161
76 2 3 7702549 61261
76 2 4 7714549 69042
77 2 1 8045056 71451
77 2 2 7896042 64281
77 2 3 7829742 71771
77 2 4 7937043 63232
78 2 1 8267461 70641
78 2 2 8286600 64311
78 2 3 8183239 65351
78 2 4 8334402 64511
79 2 1 8350702 71221
79 2 2 8871973 71261
79 2 3 8314170 63002
79 2 4 8257601 60181
80 2 1 8542905 70371
80 2 2 8473315 63671
80 2 3 8639217 60151
80 2 4 8683399 63381
81 2 1 7970455 60901
81 2 2 7930583 61551
81 2 3 7967355 59281
81 2 4 7920813 64221
82 2 1 8761370 73301
82 2 2 9099976 64231
82 2 3 8140848 63731
82 2 4 8127698 74341
83 2 1 8294581 65641
83 2 2 8311261 66112
83 2 3 8355581 66531
83 2 4 8365923 67701
84 2 1 8919232 64911
84 2 2 9129327 61121
84 2 3 8831671 58261
84 2 4 8811730 62131
85 2 1 9098586 63851
85 2 2 9393902 72622
85 2 3 9202858 76641
85 2 4 9272470 66411
86 2 1 9245409 65291
86 2 2 9377642 64961
86 2 3 9180738 75041
86 2 4 9250249 71921
87 2 1 9458663 73242
87 2 2 9368581 77292
87 2 3 9392452 65471
87 2 4 9442383 78072
88 2 1 9683337 65781
88 2 2 9973023 82052
88 2 3 9934323 67171
88 2 4 9817690 64132
89 2 1 9968523 66021
89 2 2 9824681 75992
89 2 3 11904501 76371
89 2 4 9971273 81041
90 2 1 10160177 66342
90 2 2 10056775 69252
90 2 3 10113936 69181
90 2 4 10381271 69031
91 2 1 10578295 64761
91 2 2 10314739 70242
91 2 3 10410132 64701
91 2 4 10253479 69821
92 2 1 10603085 68621
92 2 2 10558695 71191
92 2 3 10583915 80072
92 2 4 10560645 66031
93 2 1 10888611 66211
93 2 2 10997653 79922
93 2 3 10817010 77142
93 2 4 10864270 67882
94 2 1 10873580 73622
94 2 2 10941043 74221
94 2 3 10972263 72841
94 2 4 10978952 68052
95 2 1 11151896 69471
95 2 2 11220538 71182
95 2 3 11488793 73572
95 2 4 11387310 77892
96 2 1 11372810 62811
96 2 2 11374801 69851
96 2 3 11417891 76272
96 2 4 11470972 79522
97 2 1 11595994 71442
97 2 2 11639946 66261
97 2 3 11461752 67261
97 2 4 11608825 68541
98 2 1 12055703 84251
98 2 2 11764218 88091
98 2 3 11931502 73981
98 2 4 11820649 64631
99 2 1 12701526 73002
99 2 2 12530792 74131
99 2 3 12600574 95442
99 2 4 12760508 75491
100 2 1 12876280 76881
100 2 2 13336019 74781
100 2 3 13080463 69131
100 2 4 12852199 77642
101 2 1 13200185 80852
101 2 2 13070213 69311
101 2 3 13025102 75192
101 2 4 13126855 71961
102 2 1 13239707 74182
102 2 2 13876089 73101
102 2 3 13366389 79792
102 2 4 13287886 83201
103 2 1 13713755 79702
103 2 2 13521382 74152
103 2 3 13706906 78081
103 2 4 13569483 76162
104 2 1 14137194 98072
104 2 2 29638314 84581
104 2 3 14040172 78372
104 2 4 13843779 73211
105 2 1 13832229 79741
105 2 2 14177374 89262
105 2 3 13928750 82782
105 2 4 14527982 88761
106 2 1 14411589 89442
106 2 2 14142464 83042
106 2 3 14276796 85042
106 2 4 14211435 92752
107 2 1 14613594 77221
107 2 2 14745296 84702
107 2 3 14989061 92052
107 2 4 15284237 91932
108 2 1 15101073 91602
108 2 2 15616043 75502
108 2 3 15042022 94442
108 2 4 14608013 93332
109 2 1 15027641 75382
109 2 2 15267656 85241
109 2 3 14853748 86422
109 2 4 15033572 71981
110 2 1 15248005 75441
110 2 2 15393728 73832
110 2 3 15681214 78261
110 2 4 15671013 83462
111 2 1 16252014 96672
111 2 2 60067084 284956
111 2 3 15792366 83552
111 2 4 15358167 91282
112 2 1 15577051 77182
112 2 2 15513651 85021
112 2 3 15677384 90122
112 2 4 15500040 94252
113 2 1 15715564 95882
113 2 2 16225934 116082
113 2 3 15740825 86212
113 2 4 16184463 102882
114 2 1 15081462 88971
114 2 2 15056412 98122
114 2 3 15111532 98812
114 2 4 14820657 83052
115 2 1 17625202 98052
115 2 2 16931998 85592
115 2 3 15374408 86941
115 2 4 15791586 103412
116 2 1 16055171 94722
116 2 2 16193494 93262
116 2 3 16296806 96352
116 2 4 16285186 94312
117 2 1 16364917 91992
117 2 2 16396438 96762
117 2 3 16385298 88051
117 2 4 16342936 82202
118 2 1 16702984 98752
118 2 2 16766204 95312
118 2 3 67776993 111962
118 2 4 18471978 86372
119 2 1 17903617 82882
119 2 2 17181693 77402
119 2 3 17283415 76922
119 2 4 17218864 83942
120 2 1 17673243 95152
120 2 2 17957047 93372
120 2 3 17784314 94632
120 2 4 17914867 91621
121 2 1 18055669 92122
121 2 2 17886596 90102
121 2 3 17816625 12832368
121 2 4 17918268 90802
122 2 1 17905026 87542
122 2 2 17878166 86371
122 2 3 17996018 85801
122 2 4 18261773 86702
123 2 1 18405707 91151
123 2 2 18400817 98232
123 2 3 18460278 94302
123 2 4 26249848 203683
124 2 1 25258560 102402
124 2 2 74304670 93362
124 2 3 18932816 291635
124 2 4 18453758 93072
125 2 1 18714293 89152
125 2 2 18633551 81462
125 2 3 18549379 91832
125 2 4 18845054 102522
126 2 1 19588829 98592
126 2 2 19131621 120922
126 2 3 19280094 92902
126 2 4 19182122 103552
127 2 1 19472527 91792
127 2 2 19594671 93412
127 2 3 20015147 90761
127 2 4 19399965 91092
128 2 1 20060388 85321
128 2 2 19806434 89422
128 2 3 19733322 81762
128 2 4 20126960 79272
129 2 1 22249621 96952
129 2 2 19910606 82972
129 2 3 19876485 82882
129 2 4 19678201 82691
130 2 1 20294004 304686
130 2 2 20337154 91212
130 2 3 20361084 94001
130 2 4 20483447 94902
131 2 1 20607979 93042
131 2 2 20617719 87111
131 2 3 20486556 83031
131 2 4 20499418 121793
132 2 1 20956555 82532
132 2 2 20818903 81521
132 2 3 21236602 82951
132 2 4 27810728 89742
133 2 1 21226692 88171
133 2 2 21132549 104582
133 2 3 21170840 84742
133 2 4 21659410 87571
134 2 1 21331233 89991
134 2 2 21612148 87392
134 2 3 21284913 97552
134 2 4 21328503 86551
135 2 1 22040547 90811
135 2 2 21573198 92742
135 2 3 21672309 94381
135 2 4 21552058 87482
136 2 1 21926274 86792
136 2 2 22290911 89861
136 2 3 21945806 91592
136 2 4 21755372 90742
137 2 1 22219960 96022
137 2 2 22141389 95751
137 2 3 22643918 90202
137 2 4 22167189 93661
138 2 1 22407824 103002
138 2 2 22451424 98312
138 2 3 22424714 93271
138 2 4 26374300 89741
139 2 1 22743481 94732
139 2 2 22838112 96791
139 2 3 22788181 94721
139 2 4 22590608 89062
140 2 1 23674138 88672
140 2 2 23046137 89561
140 2 3 23212239 91641
140 2 4 23198909 92252
141 2 1 23411893 94392
141 2 2 23911724 98082
141 2 3 23273290 101172
141 2 4 67351324 95712
142 2 1 23531486 95592
142 2 2 23287381 94232
142 2 3 23261581 90302
142 2 4 23334732 94462
143 2 1 23812171 94532
143 2 2 23887162 94152
143 2 3 23955534 96931
143 2 4 23796741 93762
144 2 1 24663339 100892
144 2 2 24316721 102312
144 2 3 24283041 97892
144 2 4 24110977 94242
145 2 1 24496305 114412
145 2 2 24605636 107382
145 2 3 24457094 100882
145 2 4 24390782 94552
146 2 1 24692459 92792
146 2 2 25219888 100021
146 2 3 24718769 100592
146 2 4 24759239 96792
147 2 1 25135097 97612
147 2 2 25204187 95942
147 2 3 25031655 92772
147 2 4 25146227 97902
148 2 1 28024953 99312
148 2 2 25892691 107322
148 2 3 25385812 97082
148 2 4 25435513 103762
149 2 1 25746948 100382
149 2 2 26206908 109752
149 2 3 25769039 100662
149 2 4 25653577 103132
150 2 1 26207938 109442
150 2 2 26392831 289426
150 2 3 25990684 106682
150 2 4 26046804 97141
151 2 1 26260729 101332
151 2 2 26853299 108962
151 2 3 26423812 111343
151 2 4 26390582 99861
152 2 1 26665576 96742
152 2 2 26989153 100942
152 2 3 26666777 101682
152 2 4 26823130 102202
153 2 1 27179927 109672
153 2 2 27471322 104312
153 2 3 27016253 98382
153 2 4 27330580 102452
154 2 1 27287598 100502
154 2 2 27821859 105622
154 2 3 27460342 97472
154 2 4 27453351 99792
155 2 1 28060984 109562
155 2 2 28719306 104812
155 2 3 28104134 113672
155 2 4 28094034 101342
156 2 1 28463991 110072
156 2 2 29248256 100762
156 2 3 28397971 97382
156 2 4 28643635 103942
157 2 1 28778357 127453
157 2 2 29135164 107842
157 2 3 28700786 103552
157 2 4 28630685 110252
158 2 1 29094943 102082
158 2 2 29515622 102492
158 2 3 29153105 104612
158 2 4 29138554 107442
159 2 1 29952879 105932
159 2 2 29835518 104892
159 2 3 29549933 109982
159 2 4 29675235 106132
160 2 1 29905539 106722
160 2 2 30263046 104933
160 2 3 29911899 115542
160 2 4 29874699 99022
161 2 1 30009981 106242
161 2 2 30638093 102932
161 2 3 30356828 103642
161 2 4 29898719 111042
162 2 1 29761286 108182
162 2 2 29947299 113962
162 2 3 29343589 107332
162 2 4 29411109 101282
163 2 1 31472010 101112
163 2 2 34748623 110232
163 2 3 30269246 140233
163 2 4 31264306 128522
164 2 1 31391348 131983
164 2 2 31859797 141023
164 2 3 31487820 131952
164 2 4 31606461 132542
165 2 1 31704983 125382
165 2 2 32240865 119042
165 2 3 31639563 131222
165 2 4 31808276 134872
166 2 1 31985090 123782
166 2 2 32281555 128023
166 2 3 32026991 132832
166 2 4 32363286 133183
167 2 1 32425058 131862
167 2 2 32437729 126242
167 2 3 32475119 129422
167 2 4 32333876 138932
168 2 1 32779015 132853
168 2 2 33145002 150163
168 2 3 32786274 147533
168 2 4 32698163 135223
169 2 1 33815596 115152
169 2 2 36071978 118523
169 2 3 33752364 123032
169 2 4 33928877 111052
170 2 1 34226693 118262
170 2 2 34195962 115703
170 2 3 33669122 113892
170 2 4 34122041 116452
171 2 1 34421127 126702
171 2 2 35714011 123992
171 2 3 34750063 117922
171 2 4 34535928 118302
172 2 1 34596921 116822
172 2 2 34912986 120502
172 2 3 34834025 121203
172 2 4 34724323 118782
173 2 1 35470956 113092
173 2 2 84987486 127143
173 2 3 35018008 349977
173 2 4 34784764 118262
174 2 1 35020788 106342
174 2 2 34784834 119972
174 2 3 35141461 114672
174 2 4 35747453 120082
175 2 1 35392735 121232
175 2 2 35570539 122612
175 2 3 36085579 135512
175 2 4 35636450 121262
176 2 1 36086959 127502
176 2 2 36557338 117612
176 2 3 36083298 121822
176 2 4 35908055 119972
177 2 1 36720881 122692
177 2 2 36187461 120782
177 2 3 36582388 140783
177 2 4 36738001 126013
178 2 1 36863904 123652
178 2 2 36722991 127533
178 2 3 37146700 128942
178 2 4 36734291 121502
179 2 1 37087178 129432
179 2 2 37569377 139123
179 2 3 37061238 127343
179 2 4 37013947 126512
180 2 1 87072037 13062153
180 2 2 71332331 119522
180 2 3 37118599 109982
180 2 4 37360643 115052
181 2 1 36865183 128113
181 2 2 37164840 121233
181 2 3 37343963 138143
181 2 4 37739570 128532
182 2 1 37609238 129403
182 2 2 37550487 121553
182 2 3 38068067 133632
182 2 4 39642577 118342
183 2 1 38027146 129963
183 2 2 38556416 115562
183 2 3 38025946 126852
183 2 4 38184179 133243
184 2 1 38847183 122532
184 2 2 38118408 126312
184 2 3 38401004 127672
184 2 4 38754850 131382
185 2 1 41882601 125832
185 2 2 38916953 130113
185 2 3 39189699 136392
185 2 4 38913564 132982
186 2 1 39052466 126973
186 2 2 39221569 126063
186 2 3 39179749 132192
186 2 4 39371342 134922
187 2 1 39410863 122902
187 2 2 39634767 138573
187 2 3 39936763 130443
187 2 4 39463595 130993
188 2 1 39862942 140112
188 2 2 39997865 143883
188 2 3 39730569 144653
188 2 4 40325071 134273
189 2 1 42384261 125623
189 2 2 40209859 131753
189 2 3 40423172 142882
189 2 4 42070165 142203
190 2 1 41071535 149033
190 2 2 40420253 134402
190 2 3 40455793 130112
190 2 4 40198958 137773
191 2 1 41332811 129253
191 2 2 41167176 138983
191 2 3 40947093 142083
191 2 4 40821641 137453
192 2 1 41092305 138922
192 2 2 42015314 126443
192 2 3 44068143 127043
192 2 4 41375451 133312
193 2 1 41886511 133613
193 2 2 41693277 132863
193 2 3 41712898 136813
193 2 4 41545774 140243
194 2 1 42431711 130042
194 2 2 41812569 143112
194 2 3 42278819 136683
194 2 4 42021783 141402
195 2 1 43021482 145642
195 2 2 42522024 143953
195 2 3 42649636 135433
195 2 4 42362350 146652
196 2 1 87102156 6590278
196 2 2 45168765 136533
196 2 3 42092015 180713
196 2 4 42422941 140693
197 2 1 44649815 126992
197 2 2 44139104 147433
197 2 3 43972671 137103
197 2 4 44496862 136192
198 2 1 44402260 136933
198 2 2 44563933 135083
198 2 3 44676964 129012
198 2 4 44830019 137762
199 2 1 45199055 135213
199 2 2 44750776 134623
199 2 3 44868679 134382
199 2 4 44674074 135613
200 2 1 45825157 140112
200 2 2 45226585 151463
200 2 3 45363708 134212
200 2 4 45847698 137513
201 2 1 45464390 137172
201 2 2 45593892 142412
201 2 3 46337157 135593
201 2 4 45674004 146302
202 2 1 46021651 133072
202 2 2 46604011 147843
202 2 3 45995401 169344
202 2 4 90290007 145443
203 2 1 46010931 128092
203 2 2 45749536 124102
203 2 3 47047471 140902
203 2 4 47116952 123003
204 2 1 46929139 131563
204 2 2 46882797 129662
204 2 3 97019328 13033742
204 2 4 47878606 138042
205 2 1 46705835 125653
205 2 2 46655973 132823
205 2 3 48313785 133713
205 2 4 47292296 145513
206 2 1 47485639 129952
206 2 2 47880287 139673
206 2 3 93358168 152333
206 2 4 47472739 133653
207 2 1 47391137 130532
207 2 2 48045170 138212
207 2 3 48342736 141503
207 2 4 47974259 140773
208 2 1 49284934 137392
208 2 2 48414277 139293
208 2 3 48664342 137442
208 2 4 48420917 141802
209 2 1 48944618 132532
209 2 2 49337464 134513
209 2 3 48922947 137063
209 2 4 49014579 135293
210 2 1 49392646 150413
210 2 2 49360796 151233
210 2 3 49344535 146392
210 2 4 49748022 143583
211 2 1 50018849 140842
211 2 2 49786733 152063
211 2 3 49737953 136613
211 2 4 49928206 142712
212 2 1 50209702 130512
212 2 2 100230480 6611618
212 2 3 99347503 13039931
212 2 4 93937029 12938291
213 2 1 59486651 122912
213 2 2 50664490 131673
213 2 3 50054009 147823
213 2 4 51136349 150843
214 2 1 51026517 129422
214 2 2 51892175 141433
214 2 3 50947715 143333
214 2 4 51902775 143763
215 2 1 51790792 142193
215 2 2 51919156 142553
215 2 3 51860043 138593
215 2 4 52102219 133763
216 2 1 52117459 142512
216 2 2 52471906 147053
216 2 3 98316774 153683
216 2 4 51899325 138002
217 2 1 51900194 134853
217 2 2 52932396 156703
217 2 3 52682720 147173
217 2 4 52923363 144353
218 2 1 52897464 146713
218 2 2 53196499 174824
218 2 3 52914315 138363
218 2 4 53342992 153673
219 2 1 53595068 148283
219 2 2 54015115 147473
219 2 3 53384514 142863
219 2 4 53973464 140863
220 2 1 53887743 153023
220 2 2 54400283 143473
220 2 3 54686468 155803
220 2 4 99993575 146563
221 2 1 53642668 135192
221 2 2 53376294 145222
221 2 3 54699308 146403
221 2 4 56233629 143633
222 2 1 55536674 140642
222 2 2 54543646 142772
222 2 3 55293830 138572
222 2 4 54619007 135393
223 2 1 55833602 148503
223 2 2 104448711 145393
223 2 3 54933863 137933
223 2 4 54108758 133942
224 2 1 69656278 165274
224 2 2 56803240 152333
224 2 3 55416972 166063
224 2 4 56182668 159263
225 2 1 55863641 147333
225 2 2 56371291 146903
225 2 3 55801050 139263
225 2 4 56582835 143983
226 2 1 57946532 142033
226 2 2 56915111 142013
226 2 3 56479014 142993
226 2 4 57003342 144373
227 2 1 56701587 142492
227 2 2 57483762 142663
227 2 3 56800640 142783
227 2 4 57434931 140552
228 2 1 57228358 144543
228 2 2 57793638 150903
228 2 3 57004064 156753
228 2 4 58100974 145533
229 2 1 56263950 162183
229 2 2 56803259 168503
229 2 3 56708858 157873
229 2 4 57125025 152183
230 2 1 58708827 142493
230 2 2 114842801 12942100
230 2 3 101373322 215184
230 2 4 61368567 212494
231 2 1 61262766 225904
231 2 2 61508600 232205
231 2 3 61113852 221464
231 2 4 61759506 220474
232 2 1 61638372 220785
232 2 2 62234865 223764
232 2 3 61571261 228985
232 2 4 62278405 220454
233 2 1 62060791 223644
233 2 2 62715443 222244
233 2 3 62203554 225705
233 2 4 62603961 210295
234 2 1 62755064 215674
234 2 2 63139592 212764
234 2 3 111884524 5014977
234 2 4 72589744 206694
235 2 1 62599741 213714
235 2 2 63282874 221764
235 2 3 63046071 222584
235 2 4 63546379 224834
236 2 1 65595359 207894
236 2 2 64048380 219284
236 2 3 63445367 221175
236 2 4 63842476 196814
237 2 1 64846835 223825
237 2 2 64465667 219354
237 2 3 113265181 12987081
237 2 4 107130963 13020442
238 2 1 107422738 13024532
238 2 2 106818177 13052582
238 2 3 106973330 12932430
238 2 4 107150803 6676958
239 2 1 107378528 12883109
239 2 2 113411325 12968151
239 2 3 107056752 12953850
239 2 4 107330317 12929320
240 2 1 107741005 12955192
240 2 2 114154399 12931690
240 2 3 107808646 13032592
240 2 4 108047590 12907199
241 2 1 108234764 12913680
241 2 2 107965088 12965531
241 2 3 108131892 12932640
241 2 4 108320566 12998212
242 2 1 108914707 188324
242 2 2 66631219 195914
242 2 3 65870504 188213
242 2 4 109684032 188444
243 2 1 67510637 188513
243 2 2 67056557 200724
243 2 3 67359903 192924
243 2 4 66944135 200944
244 2 1 67883864 210094
244 2 2 67765830 221795
244 2 3 68405653 192743
244 2 4 67385974 197084
245 2 1 68177548 199114
245 2 2 67834263 228144
245 2 3 68498515 185113
245 2 4 67720870 183044
246 2 1 110700341 13153234
246 2 2 110012979 12969591
246 2 3 110172182 12965531
246 2 4 106233865 13050562
247 2 1 110873015 12942641
247 2 2 110570349 13092633
247 2 3 110829174 9558945
247 2 4 110355935 12951420
248 2 1 90642063 199324
248 2 2 68713739 196823
248 2 3 69003056 193674
248 2 4 69096116 198604
249 2 1 70374100 192874
249 2 2 69833341 198534
249 2 3 70357821 198233
249 2 4 69633607 201194
250 2 1 70973094 203304
250 2 2 70020604 197354
250 2 3 70879420 204854
250 2 4 70050586 208274
251 2 1 118901789 12862538
251 2 2 112954315 12952581
251 2 3 112807371 12894239
251 2 4 113065257 12970621
252 2 1 112631599 12965140
252 2 2 113298602 12968321
252 2 3 112972875 12983102
252 2 4 113140158 12907159
253 2 1 114150018 12942980
253 2 2 120227736 12903580
253 2 3 113989566 12873719
253 2 4 113449224 12922429
254 2 1 113679629 12965111
254 2 2 114048357 12896379
254 2 3 114088877 12875309
254 2 4 114289291 12916140
255 2 1 114823481 12972911
255 2 2 114603747 8300431
255 2 3 73271627 175593
255 2 4 72645484 202994
256 2 1 73727886 194104
256 2 2 73113815 212044
256 2 3 74337798 198534
256 2 4 73326648 197554
257 2 1 74387138 200883
257 2 2 74260956 192893
257 2 3 74428339 193373
257 2 4 73540012 199064
258 2 1 74796187 191844
258 2 2 73646474 190443
258 2 3 74888388 193984
258 2 4 73698995 208244
259 2 1 75310067 193164
259 2 2 74753816 197854
259 2 3 75377148 192714
259 2 4 74466411 185384
260 2 1 75967069 200924
260 2 2 75236905 198444
260 2 3 75747484 190394
260 2 4 75400208 189924
261 2 1 76054130 191324
261 2 2 75434159 179854
261 2 3 76504180 181843
261 2 4 75475129 185973
262 2 1 76519330 195464
262 2 2 76108362 198524
262 2 3 77173663 187364
262 2 4 76048351 220564
263 2 1 125528107 12898949
263 2 2 76970108 189444
263 2 3 75829257 180123
263 2 4 77350656 188054
264 2 1 76458229 203664
264 2 2 77875656 196444
264 2 3 76949288 3481767
264 2 4 77746973 198973
265 2 1 77672132 218324
265 2 2 78434427 218545
265 2 3 77795024 210564
265 2 4 78641711 219885
266 2 1 78266073 214795
266 2 2 79256952 213824
266 2 3 77889616 205444
266 2 4 79328954 220464
267 2 1 79039538 217474
267 2 2 79906655 217975
267 2 3 79069808 217234
267 2 4 79938135 206914
268 2 1 79379225 242205
268 2 2 79615550 220974
268 2 3 79007638 237785
268 2 4 79818353 220594
269 2 1 108912516 234075
269 2 2 80643709 228025
269 2 3 79900324 236534
269 2 4 80935124 231965
270 2 1 80434235 226494
270 2 2 81032066 233374
270 2 3 80438825 228494
270 2 4 81175350 215185
271 2 1 81235960 251495
271 2 2 132045623 350717
271 2 3 86490722 318016
271 2 4 84849940 275456
272 2 1 85770548 350986
272 2 2 86667766 292926
272 2 3 87283478 363757
272 2 4 133964520 228564
273 2 1 87481831 96582
273 2 2 81195680 91992
273 2 3 86753367 98992
273 2 4 81946894 102932
274 2 1 107623811 238135
274 2 2 89965000 112362
274 2 3 81690360 100212
274 2 4 134730525 224804
275 2 1 89532581 93792
275 2 2 82367243 94262
275 2 3 89138183 101792
275 2 4 82489524 95982
276 2 1 90602151 96082
276 2 2 82936544 98621
276 2 3 90827566 92711
276 2 4 82731720 95851
277 2 1 90452728 100542
277 2 2 84138906 97032
277 2 3 89920237 100372
277 2 4 82819581 93901
278 2 1 91039080 103242
278 2 2 86182897 98052
278 2 3 91125902 88641
278 2 4 84273629 96812
279 2 1 91799825 88932
279 2 2 84274820 100471
279 2 3 91455878 216294
279 2 4 91647821 88842
280 2 1 84759419 92181
280 2 2 90836465 87252
280 2 3 87507782 97922
280 2 4 92340905 93772
281 2 1 84895421 107862
281 2 2 91303894 96541
281 2 3 100397290 207624
281 2 4 90772855 96462
282 2 1 86089544 98892
282 2 2 92771674 91962
282 2 3 89056910 95462
282 2 4 93070849 102552
283 2 1 86253828 89401
283 2 2 140062907 13010022
283 2 3 89688704 100242
283 2 4 84830289 89441
284 2 1 93646420 108092
284 2 2 86614444 94262
284 2 3 94886174 88931
284 2 4 86902050 85542
285 2 1 141332332 263405
285 2 2 97189548 93761
285 2 3 87480461 100122
285 2 4 93926566 93782
286 2 1 89337516 98302
286 2 2 96265861 93502
286 2 3 88565181 95592
286 2 4 102141805 94192
287 2 1 88533462 93082
287 2 2 137263533 287256
287 2 3 94191671 88911
287 2 4 87215706 101412
288 2 1 95761431 93392
288 2 2 89763405 96622
288 2 3 94612079 94282
288 2 4 89082601 102512
289 2 1 96966045 92102
289 2 2 90073460 94472
289 2 3 97981344 90852
289 2 4 89427958 93152
290 2 1 133375467 168413
290 2 2 98278929 106822
290 2 3 89837676 100422
290 2 4 98125466 96642
291 2 1 92778843 108472
291 2 2 100073314 95042
291 2 3 91083920 90541
291 2 4 99343350 100022
292 2 1 91330605 104092
292 2 2 98650547 98652
292 2 3 92037208 94852
292 2 4 98306120 100932
293 2 1 92224762 99502
293 2 2 99559004 99032
293 2 3 134123062 13038771
293 2 4 136559369 12962790
294 2 1 134533210 257525
294 2 2 97934793 101292
294 2 3 90696713 93442
294 2 4 99411370 112842
295 2 1 92347455 98902
295 2 2 111281030 103672
295 2 3 93080579 111362
295 2 4 99876661 98562
296 2 1 93497437 93762
296 2 2 100775157 93902
296 2 3 93432275 98082
296 2 4 101211386 111992
297 2 1 94538157 100152
297 2 2 147768776 120992
297 2 3 99137276 89102
297 2 4 92549618 100922
298 2 1 101356218 104852
298 2 2 94528776 107802
298 2 3 102208176 102212
298 2 4 94605538 104342
299 2 1 101968560 105882
299 2 2 95473754 265126
299 2 3 100811938 271235
299 2 4 103673903 107342
300 2 1 96293251 265255
300 2 2 103105853 98732
300 2 3 95674028 107782
300 2 4 104795404 111222
301 2 1 96212399 101212
301 2 2 104127172 103082
301 2 3 95854092 107712
301 2 4 104261625 108042
302 2 1 97404882 250405
302 2 2 105437027 116632
302 2 3 97629646 284055
302 2 4 104206983 99832
303 2 1 98094096 290486
303 2 2 105412627 113092
303 2 3 97657997 228595
303 2 4 154857201 12978781
304 2 1 135688011 13127184
304 2 2 148417448 13067622
304 2 3 103711474 107862
304 2 4 97098396 101162
305 2 1 106429566 101222
305 2 2 100213046 107172
305 2 3 99195945 286136
305 2 4 106234942 101302
306 2 1 100764497 102282
306 2 2 100915870 110842
306 2 3 99086195 256395
306 2 4 106946486 115512
307 2 1 101728615 107442
307 2 2 106854554 105713
307 2 3 102427109 108282
307 2 4 103340497 114952
308 2 1 101273916 109122
308 2 2 100618264 308915
308 2 3 154937813 345287
308 2 4 108486876 114572
309 2 1 102286647 97192
309 2 2 103874866 113362
309 2 3 103302486 109332
309 2 4 103147853 104202
310 2 1 104486278 114422
310 2 2 103649303 127973
310 2 3 103917648 103002
310 2 4 104086250 102672
311 2 1 104142782 108932
311 2 2 105761793 109893
311 2 3 104701462 105162
311 2 4 105666192 105602
312 2 1 107701140 110142
312 2 2 107230962 107422
312 2 3 107002746 102002
312 2 4 107416075 105072
313 2 1 107300583 109053
313 2 2 108331133 101842
313 2 3 108131628 102012
313 2 4 108622129 106512
314 2 1 107601748 110122
314 2 2 131608092 133792
314 2 3 108996125 112842
314 2 4 109753370 116842
315 2 1 135273292 98672
315 2 2 108931315 105002
315 2 3 109073816 114663
315 2 4 108879182 109722
316 2 1 109752870 115723
316 2 2 110513084 102662
316 2 3 111357030 124603
316 2 4 111625787 113392
317 2 1 111223428 111603
317 2 2 110302910 111512
317 2 3 111708029 114082
317 2 4 110948572 102482
318 2 1 110811500 107192
318 2 2 111015994 112402
318 2 3 114279488 98852
318 2 4 111872780 102612
319 2 1 111431022 110452
319 2 2 111178047 123342
319 2 3 111954912 112262
319 2 4 111782339 103802
320 2 1 112222017 113633
320 2 2 113015232 111592
320 2 3 112980421 109452
320 2 4 112883180 115872
321 2 1 114936200 115612
321 2 2 115490040 117292
321 2 3 114884598 114433
321 2 4 114677666 116982
322 2 1 116107032 113192
322 2 2 114816046 118823
322 2 3 114959320 124632
322 2 4 114409889 109772
323 2 1 116074112 120372
323 2 2 116519290 114152
323 2 3 116684242 105972
323 2 4 115473840 130352
324 2 1 115176784 129602
324 2 2 116931698 137173
324 2 3 116822166 120393
324 2 4 116837186 122192
325 2 1 118640872 111542
325 2 2 126654756 127143
325 2 3 115120843 160133
325 2 4 117254023 160433
326 2 1 117889367 159093
326 2 2 117287835 164583
326 2 3 117680923 166313
326 2 4 117934368 164303
327 2 1 118791303 162234
327 2 2 118011979 166913
327 2 3 118123711 171003
327 2 4 118781873 182154
328 2 1 118991048 193803
328 2 2 119831545 198534
328 2 3 119841764 197424
328 2 4 119035658 192973
329 2 1 119849435 197194
329 2 2 119907074 193584
329 2 3 119335425 195274
329 2 4 119560147 195934
330 2 1 120801883 190784
330 2 2 120107879 199643
330 2 3 120658630 189714
330 2 4 120888214 208965
331 2 1 164812802 6836272
331 2 2 171185255 6646759
331 2 3 160275324 12974500
331 2 4 169497482 13183635
332 2 1 124524574 163603
332 2 2 122776070 163413
332 2 3 118157742 182794
332 2 4 119835103 143623
333 2 1 121871112 135043
333 2 2 120505098 140623
333 2 3 121586667 138502
333 2 4 120915264 143313
334 2 1 121185371 140772
334 2 2 121711619 142493
334 2 3 122013895 141133
334 2 4 121930724 164463
335 2 1 122112317 135162
335 2 2 122688540 137512
335 2 3 122976104 137093
335 2 4 142669654 312956
336 2 1 132124040 138473
336 2 2 124469073 134563
336 2 3 124059545 140843
336 2 4 130590101 337037
337 2 1 126740947 145643
337 2 2 124952592 256264
337 2 3 124056955 131532
337 2 4 142265037 282816
338 2 1 128496570 121882
338 2 2 124951572 145313
338 2 3 124255609 120012
338 2 4 123108746 135362
339 2 1 124887651 148853
339 2 2 125026984 431468
339 2 3 124840870 111722
339 2 4 170881599 6592237
340 2 1 168521193 13036151
340 2 2 165784219 12965991
340 2 3 168271068 12971470
340 2 4 167694617 12955040
341 2 1 162784962 12971140
341 2 2 175437616 13123334
341 2 3 169954781 12881798
341 2 4 168762528 12975651
342 2 1 168687606 12949280
342 2 2 177298292 12959730
342 2 3 176637759 19320192
342 2 4 170013561 12954960
343 2 1 170090713 6691089
343 2 2 169894430 13012522
343 2 3 170911789 13212984
343 2 4 171013430 13079682
344 2 1 132052009 364777
344 2 2 128864256 125383
344 2 3 124142136 117312
344 2 4 127550362 118062
345 2 1 127888788 149543
345 2 2 166879161 139773
345 2 3 133759361 256185
345 2 4 132596879 117832
346 2 1 129592791 282156
346 2 2 130274104 121852
346 2 3 129820205 288605
346 2 4 130400306 123683
347 2 1 129791115 115512
347 2 2 129717413 122653
347 2 3 175635200 266145
347 2 4 132803283 102051
348 2 1 130547289 106212
348 2 2 125436930 140122
348 2 3 128553490 114482
348 2 4 129677502 147883
349 2 1 131170461 338026
349 2 2 130804784 132613
349 2 3 129642972 128943
349 2 4 129964798 258725
350 2 1 132633859 134042
350 2 2 131064909 115632
350 2 3 131114590 129072
350 2 4 131648110 122813
351 2 1 131911556 460369
351 2 2 131890295 146683
351 2 3 130957277 146093
351 2 4 130599401 150203
352 2 1 131671621 123002
352 2 2 131909164 120543
352 2 3 132909165 405198
352 2 4 132038527 115972
353 2 1 132650890 115202
353 2 2 131798323 119702
353 2 3 132497886 117483
353 2 4 142007819 309016
354 2 1 139759657 118223
354 2 2 138523383 266685
354 2 3 134561646 121462
354 2 4 178924592 262196
355 2 1 138416121 116672
355 2 2 133847433 119602
355 2 3 130216002 448299
355 2 4 133733100 157803
356 2 1 134620287 114903
356 2 2 134256490 112422
356 2 3 133762240 154393
356 2 4 134359132 114693
357 2 1 134987465 120262
357 2 2 172318214 206734
357 2 3 143129151 106072
357 2 4 137283498 268726
358 2 1 137984032 150873
358 2 2 135059536 115242
358 2 3 134669348 142893
358 2 4 134526826 131002
359 2 1 135926082 123792
359 2 2 137104955 148433
359 2 3 135469663 143033
359 2 4 135838380 118142
360 2 1 136233188 170954
360 2 2 171890465 117552
360 2 3 185013549 1288274
360 2 4 140696835 112242
361 2 1 136928122 107242
361 2 2 132159519 124583
361 2 3 144221742 292126
361 2 4 140903758 117893
362 2 1 137927181 160863
362 2 2 137447172 133372
362 2 3 136913781 133332
362 2 4 137552373 126542
363 2 1 139011572 125103
363 2 2 140869407 173903
363 2 3 143308605 151303
363 2 4 143951466 170894
364 2 1 144065329 158293
364 2 2 145720761 172144
364 2 3 147798521 167144
364 2 4 191543406 179093
365 2 1 151777807 138203
365 2 2 146762981 163273
365 2 3 145076227 153993
365 2 4 150383360 164433
366 2 1 148836081 182813
366 2 2 147669038 197044
366 2 3 147138897 155743
366 2 4 147651847 175434
367 2 1 148385192 212644
367 2 2 149223709 178704
367 2 3 148440042 197644
367 2 4 147887582 158663
368 2 1 148105596 138492
368 2 2 149590875 158763
368 2 3 148782890 160104
368 2 4 148939522 140223
369 2 1 149610685 201524
369 2 2 149232318 156073
369 2 3 149267739 149453
369 2 4 149166726 195644
370 2 1 150156056 210544
370 2 2 186895045 6636808
370 2 3 157096130 190574
370 2 4 148174977 144733
371 2 1 146928044 178623
371 2 2 149137577 164713
371 2 3 150491742 189273
371 2 4 149945402 162734
372 2 1 151632194 206634
372 2 2 152303868 166864
372 2 3 150949470 174764
372 2 4 196084031 6600507
373 2 1 192091194 12945509
373 2 2 164717696 157843
373 2 3 152792037 147742
373 2 4 147986943 154063
374 2 1 150699706 157063
374 2 2 152122884 195554
374 2 3 151552132 165733
374 2 4 153190414 213904
375 2 1 191256918 158893
375 2 2 156428616 143983
375 2 3 149712146 145113
375 2 4 147620477 178013
376 2 1 150348778 153203
376 2 2 151626464 169643
376 2 3 152160484 159163
376 2 4 154513299 161503
377 2 1 155139021 188263
377 2 2 154736713 158573
377 2 3 155179472 183313
377 2 4 153969119 170274
378 2 1 155589410 232395
378 2 2 167789354 183834
378 2 3 167997289 192064
378 2 4 158826883 188183
379 2 1 156633739 160363
379 2 2 154895477 196584
379 2 3 195908157 190164
379 2 4 161839260 190124
380 2 1 153503760 141783
380 2 2 150822948 171563
380 2 3 154697112 162153
380 2 4 155559659 175953
381 2 1 156610869 174124
381 2 2 198325784 19372223
381 2 3 207063001 150843
381 2 4 161497423 158363
382 2 1 154561860 161173
382 2 2 155475477 169043
382 2 3 156992826 176203
382 2 4 157514067 176723
383 2 1 158292041 177064
383 2 2 157209752 189313
383 2 3 156597818 162384
383 2 4 156488167 150663
384 2 1 158117797 174473
384 2 2 203385270 5057866
384 2 3 165506561 182233
384 2 4 155063099 138713
385 2 1 153196213 166483
385 2 2 158068287 228454
385 2 3 157709900 167833
385 2 4 157833352 240095
386 2 1 160413422 171834
386 2 2 161043864 224764
386 2 3 159949504 153443
386 2 4 160141377 227814
387 2 1 161487202 229635
387 2 2 160699208 182374
387 2 3 160245888 154513
387 2 4 190284408 202113
388 2 1 213462455 189583
388 2 2 169283713 180973
388 2 3 164002791 183504
388 2 4 162082364 241455
389 2 1 163537702 188363
389 2 2 162951550 192044
389 2 3 163288827 252775
389 2 4 194089571 6754050
390 2 1 213420303 13134564
390 2 2 208820965 13042532
390 2 3 212691798 13042311
390 2 4 208686322 13019600
391 2 1 211013107 12976850
391 2 2 211641679 12977961
391 2 3 204992020 13073012
391 2 4 207794175 12988370
392 2 1 210409505 13021721
392 2 2 212288000 12973340
392 2 3 207577760 13049931
392 2 4 209447447 13002950
393 2 1 213226519 13011390
393 2 2 171966794 152233
393 2 3 159773919 147363
393 2 4 158039056 177753
394 2 1 162644035 153353
394 2 2 162405568 160144
394 2 3 162701045 159384
394 2 4 162998770 163063
395 2 1 163754165 168503
395 2 2 163331387 159094
395 2 3 161483651 199384
395 2 4 164759495 156873
396 2 1 166165922 209824
396 2 2 164725803 153733
396 2 3 165027169 178473
396 2 4 164554630 194674
397 2 1 165021279 181224
397 2 2 167217031 169243
397 2 3 167202941 152503
397 2 4 165528959 152923
398 2 1 165182842 155883
398 2 2 165635791 166153
398 2 3 165742184 190323
398 2 4 165994398 174323
399 2 1 166067769 182933
399 2 2 166655681 161683
399 2 3 167459686 184204
399 2 4 168114808 175003
400 2 1 167997247 152893
400 2 2 167776932 169103
400 2 3 167953606 168374
400 2 4 167541127 193013
1 3 1 122592 48761
1 3 2 112033 39531
1 3 3 110002 39171
1 3 4 120223 42611
2 3 1 35488224 12978890
2 3 2 58680571 12892818
2 3 3 56918987 13079142
2 3 4 66241246 6657518
3 3 1 60210960 13028641
3 3 2 58343544 13171753
3 3 3 57640110 12962310
3 3 4 56064720 13064881
4 3 1 43291864 19327923
4 3 2 37968251 13035731
4 3 3 44233493 13083041
4 3 4 42664712 12946290
5 3 1 52153644 12985670
5 3 2 47018516 86712
5 3 3 944528 84091
5 3 4 781205 72362
6 3 1 642013 61151
6 3 2 657492 63641
6 3 3 657612 59801
6 3 4 619842 61811
7 3 1 1240214 63741
7 3 2 885727 64131
7 3 3 860587 64251
7 3 4 844196 61671
8 3 1 1272454 64271
8 3 2 1142552 66111
8 3 3 1137352 62102
8 3 4 1126472 61781
9 3 1 2009479 75442
9 3 2 1648301 64591
9 3 3 1634942 64981
9 3 4 1620381 65041
10 3 1 2675841 54691
10 3 2 1926878 50801
10 3 3 1866986 54061
10 3 4 1842446 53551
11 3 1 2800434 63461
11 3 2 2669932 60601
11 3 3 2599010 60531
11 3 4 2556679 72801
12 3 1 3473856 64581
12 3 2 3316284 61701
12 3 3 3332994 60631
12 3 4 3303754 62331
13 3 1 4726680 61581
13 3 2 3942525 60531
13 3 3 3846835 70911
13 3 4 3816004 59891
14 3 1 5533867 65092
14 3 2 5161659 62351
14 3 3 5171870 75341
14 3 4 5075448 59551
15 3 1 6255690 64391
15 3 2 6074658 64131
15 3 3 6188899 64381
15 3 4 6152348 76301
16 3 1 8233309 71652
16 3 2 7287621 69031
16 3 3 7304620 69931
16 3 4 7107487 66531
17 3 1 8665936 68961
17 3 2 8517494 70441
17 3 3 8485603 72312
17 3 4 8483334 71932
18 3 1 11314998 68742
18 3 2 10244648 78842
18 3 3 10507631 77001
18 3 4 10464512 88352
19 3 1 12754505 76562
19 3 2 12209434 86781
19 3 3 12241616 85912
19 3 4 12214605 82761
20 3 1 14691733 89642
20 3 2 13602952 117542
20 3 3 13528830 88522
20 3 4 13577051 88232
21 3 1 16807963 99092
21 3 2 15790954 95222
21 3 3 15757134 102032
21 3 4 15739894 98432
22 3 1 19971085 92712
22 3 2 18450786 97092
22 3 3 18756201 99782
22 3 4 18681680 101572
23 3 1 20636837 118662
23 3 2 20561186 111942
23 3 3 20772520 109962
23 3 4 65742696 111072
24 3 1 23362330 118642
24 3 2 23754228 120452
24 3 3 24330779 114222
24 3 4 63177767 118712
25 3 1 28640662 126192
25 3 2 26245306 120263
25 3 3 28576280 115132
25 3 4 26477431 123272
26 3 1 29854225 139653
26 3 2 29425678 131402
26 3 3 29294103 127642
26 3 4 29597841 127332
27 3 1 35554574 149773
27 3 2 35315350 139933
27 3 3 34997444 146023
27 3 4 35487133 143072
28 3 1 38942820 129052
28 3 2 36676106 140573
28 3 3 37580044 153533
28 3 4 37360840 149833
29 3 1 41049561 152693
29 3 2 42474339 149523
29 3 3 41592891 147593
29 3 4 41140382 168854
30 3 1 46234481 168733
30 3 2 46912893 175564
30 3 3 46957825 174853
30 3 4 48508654 363687
31 3 1 52323929 172273
31 3 2 104702937 12978290
31 3 3 96892886 19387274
31 3 4 50382160 353247
32 3 1 53013971 173783
32 3 2 54118362 401618
32 3 3 54006030 213044
32 3 4 55074300 423208
33 3 1 59396944 219624
33 3 2 59291062 196614
33 3 3 58541587 193423
33 3 4 58731891 193484
34 3 1 87317841 251805
34 3 2 71891995 266506
34 3 3 67848937 237715
34 3 4 69660032 252774
35 3 1 110258834 285186
35 3 2 70920686 247855
35 3 3 70099491 232235
35 3 4 71592489 252715
36 3 1 75332710 258255
36 3 2 79923049 270095
36 3 3 77882160 244735
36 3 4 78888310 276636
37 3 1 123904666 234354
37 3 2 85941625 240945
37 3 3 85179810 242065
37 3 4 87436614 245085
38 3 1 97785523 471109
38 3 2 99611569 246845
38 3 3 96339785 273425
38 3 4 92499861 379387
39 3 1 100000716 247965
39 3 2 95874806 254135
39 3 3 98129800 262795
39 3 4 95963708 275786
40 3 1 103137707 325236
40 3 2 105589894 282416
40 3 3 104647215 297146
40 3 4 104778767 309956
41 3 1 112248552 274465
41 3 2 113326392 317887
41 3 3 161887638 6642348
41 3 4 155509535 285765
42 3 1 121565121 309986
42 3 2 119318238 302226
42 3 3 116963442 305946
42 3 4 118382760 302925
43 3 1 149549390 388308
43 3 2 119056112 179064
43 3 3 120879867 168273
43 3 4 120952419 174524
44 3 1 127840261 346526
44 3 2 128227359 143363
44 3 3 172124104 392027
44 3 4 151869845 141903
45 3 1 131771458 165343
45 3 2 127749850 203754
45 3 3 130791968 166924
45 3 4 131945451 167384
46 3 1 140707050 168263
46 3 2 142154807 180253
46 3 3 185366089 195154
46 3 4 149930187 160493
47 3 1 151399986 149633
47 3 2 149620181 183313
47 3 3 153340843 205894
47 3 4 153741020 222574
48 3 1 161191024 216045
48 3 2 161355657 289836
48 3 3 162347076 289946
48 3 4 160762706 234045
49 3 1 169325159 220724
49 3 2 167487905 176333
49 3 3 168582776 168833
49 3 4 168353520 176823
50 3 1 177768523 204644
50 3 2 187065323 217234
50 3 3 183342809 167523
50 3 4 176261654 165573
51 3 1 183557304 206634
51 3 2 184509192 203364
51 3 3 183196708 214124
51 3 4 184699096 218834
52 3 1 193173389 186813
52 3 2 192786501 215164
52 3 3 194170038 219434
52 3 4 195736878 220834
53 3 1 251007152 13176693
53 3 2 218854573 202634
53 3 3 200713384 181023
53 3 4 197853809 198574
54 3 1 263607494 12974699
54 3 2 277940140 177873
54 3 3 253984399 177023
54 3 4 256596019 172173
55 3 1 264710026 228865
55 3 2 231457225 202334
55 3 3 240467799 189553
55 3 4 237019403 180693
56 3 1 245505636 167243
56 3 2 241809094 281115
56 3 3 246748060 277125
56 3 4 243937915 291226
57 3 1 253577281 227735
57 3 2 253677133 200264
57 3 3 255968077 258725
57 3 4 255194631 208704
58 3 1 309397385 6642938
58 3 2 310224021 13015870
58 3 3 312859192 202884
58 3 4 271873842 150043
59 3 1 308811154 13068122
59 3 2 323238540 19450293
59 3 3 321737433 13189663
59 3 4 318477878 13103232
60 3 1 344590891 13195934
60 3 2 343860158 6863871
60 3 3 336151729 13279056
60 3 4 298674988 200483
61 3 1 290993619 187804
61 3 2 297291210 225904
61 3 3 300710746 259565
61 3 4 299663886 234244
62 3 1 314470571 257095
62 3 2 314220236 237405
62 3 3 315089002 233424
62 3 4 317479159 289025
63 3 1 325670526 256585
63 3 2 325946702 243055
63 3 3 364019013 282956
63 3 4 371024348 6738840
64 3 1 389487883 13303446
64 3 2 387187729 13412588
64 3 3 390970901 13124033
64 3 4 383787764 13222744
65 3 1 405063093 13199774
65 3 2 396877445 8482653
65 3 3 406141393 13092982
65 3 4 404613413 13248115
66 3 1 411890824 13271866
66 3 2 415659686 13214894
66 3 3 416189086 13434368
66 3 4 408385506 13180663
67 3 1 424538486 13094862
67 3 2 430893028 13044171
67 3 3 434165191 13076132
67 3 4 428778967 13023091
68 3 1 452125766 6633558
68 3 2 492562623 13029291
68 3 3 417092582 317936
68 3 4 393742282 271075
69 3 1 411251019 316176
69 3 2 466486971 320436
69 3 3 421975305 379467
69 3 4 430296045 398987
70 3 1 438007393 334956
70 3 2 516614675 13041011
70 3 3 448252209 297596
70 3 4 431036639 313616
71 3 1 445074517 296576
71 3 2 506483869 313976
71 3 3 458615898 478589
71 3 4 493728572 13071051
72 3 1 517384766 13255695
72 3 2 582520898 13366397
72 3 3 516365948 13201324
72 3 4 521403984 13548951
73 3 1 537522925 13058481
73 3 2 596798063 13286005
73 3 3 534173799 13095942
73 3 4 535240449 13224414
74 3 1 546795230 13354687
74 3 2 612659836 13316776
74 3 3 548928341 13889657
74 3 4 555140490 13018991
75 3 1 575678125 13332916
75 3 2 623258229 13270086
75 3 3 579889474 13508940
75 3 4 572421881 19592537
76 3 1 596363372 6696029
76 3 2 668869324 14175613
76 3 3 588292616 13238474
76 3 4 590046579 13168424
77 3 1 613030030 19730959
77 3 2 665366505 13002320
77 3 3 601805413 13359677
77 3 4 606288339 13466589
78 3 1 627704991 13327346
78 3 2 694453224 13640112
78 3 3 630798539 6775180
78 3 4 627078618 13420318
79 3 1 636266864 13283736
79 3 2 711239624 13083870
79 3 3 652713609 14025459
79 3 4 655880669 13463648
80 3 1 676288020 13800845
80 3 2 738935554 13231613
80 3 3 667250776 13130863
80 3 4 670619720 13304316
81 3 1 687701969 13677523
81 3 2 750191148 13567440
81 3 3 685482815 13549281
81 3 4 684501316 18043116
82 3 1 713716217 14362546
82 3 2 774332770 13399287
82 3 3 711783948 13103502
82 3 4 709157248 13858166
83 3 1 735945852 14598080
83 3 2 806037237 13642592
83 3 3 739802335 14533189
83 3 4 691830343 555691
84 3 1 697131595 402778
84 3 2 765811833 454089
84 3 3 709122934 648333
84 3 4 703957844 530200
85 3 1 783333408 13148193
85 3 2 809034531 536921
85 3 3 794254736 447339
85 3 4 842638024 13182903
86 3 1 864079895 13235223
86 3 2 856139183 13116252
86 3 3 860274691 13316335
86 3 4 855320285 13297945
87 3 1 879850097 13576360
87 3 2 882817372 7377452
87 3 3 880396755 13531140
87 3 4 882289760 6890322
88 3 1 913825325 20123575
88 3 2 913015559 15417895
88 3 3 918516294 13627561
88 3 4 915352072 13827935
89 3 1 929391091 13991709
89 3 2 947526688 14003968
89 3 3 960682729 14331765
89 3 4 926448693 13766254
90 3 1 968146781 13297975
90 3 2 924877570 14601150
90 3 3 915785286 13448268
90 3 4 908778661 13401777
91 3 1 940401286 14062859
91 3 2 944734859 13157052
91 3 3 909546404 641132
91 3 4 884338840 563161
92 3 1 912037960 541821
92 3 2 918544084 640812
92 3 3 973464878 14059880
92 3 4 927146548 542351
93 3 1 934765013 521440
93 3 2 935292883 599232
93 3 3 945042769 765124
93 3 4 946268462 806756
94 3 1 975036552 891087
94 3 2 977701154 738124
94 3 3 975282306 847857
94 3 4 981072586 1004669
95 3 1 1001935425 742154
95 3 2 1006552424 685093
95 3 3 1057052690 8181717
95 3 4 1046561898 13321625
96 3 1 1071424324 13615500
96 3 2 1074309358 13758984
96 3 3 1077604441 16683100
96 3 4 1073652894 13735103
97 3 1 1103836582 13642272
97 3 2 1102197760 13682342
97 3 3 1100478195 13239064
97 3 4 1114469802 13675802
98 3 1 1134409883 14468407
98 3 2 1138528252 13705203
98 3 3 1133490735 13685812
98 3 4 1139156002 17874213
99 3 1 1158727075 13545209
99 3 2 1177308601 15094549
99 3 3 1161883443 6912053
99 3 4 1158346405 13847445
100 3 1 1199700096 13901476
100 3 2 1185582255 13894686
100 3 3 1175816477 13861316
100 3 4 1194650616 7218908
101 3 1 1223349804 13900536
101 3 2 1231068401 17490925
101 3 3 1232531909 14920616
101 3 4 1242457598 18282231
102 3 1 1264051470 14064209
102 3 2 1257797879 16832082
102 3 3 1256044404 14126850
102 3 4 1256000912 18105297
103 3 1 1296917775 17521885
103 3 2 1293072920 17460154
103 3 3 1298447181 16938404
103 3 4 1285238048 13638141
104 3 1 1318471133 14061699
104 3 2 1327286430 16049917
104 3 3 1316031682 13431906
104 3 4 1323539665 9574003
105 3 1 1351456219 13908706
105 3 2 1360748425 17077367
105 3 3 1364625827 19705887
105 3 4 1356917129 16867673
106 3 1 1392800064 19303650
106 3 2 1404954195 7704867
106 3 3 1381137469 14230422
106 3 4 1400184622 19279319
107 3 1 1471311581 17495774
107 3 2 1451892907 17101127
107 3 3 1461555630 17100517
107 3 4 1466064586 17278711
108 3 1 1493648602 14206232
108 3 2 1512349158 16899642
108 3 3 1509456451 16685939
108 3 4 1501060779 14146201
109 3 1 1540231556 20757497
109 3 2 1544519256 14799153
109 3 3 1545722258 16708269
109 3 4 1542296181 18002734
110 3 1 1576897512 17514364
110 3 2 1592434656 15952036
110 3 3 1581179459 14151131
110 3 4 1575520119 25523448
111 3 1 1599280362 17988055
111 3 2 1608709282 18890901
111 3 3 1613394909 16288031
111 3 4 1568580992 900197
112 3 1 1588184275 2584519
112 3 2 1596116984 752784
112 3 3 1595040842 1147552
112 3 4 1598305773 990579
113 3 1 1633626055 1124642
113 3 2 1628420565 1420817
113 3 3 1647948417 1285474
113 3 4 1632395288 1111292
114 3 1 1680666938 1186883
114 3 2 1678832592 1241483
114 3 3 1720005595 3611420
114 3 4 1691445469 845176
115 3 1 1704835152 985469
115 3 2 1711387597 1161812
115 3 3 1747886881 14073039
115 3 4 1715534381 890837
116 3 1 1785149149 1294374
116 3 2 1807108525 14268812
116 3 3 1783431162 14266532
116 3 4 1789794082 908917
117 3 1 1809254742 1018079
117 3 2 1792419418 1240654
117 3 3 1795924253 1439868
117 3 4 1835958425 23532288
118 3 1 1877606138 24054499
118 3 2 1879971551 15765771
118 3 3 1882263473 14939955
118 3 4 1884424892 19093494
119 3 1 1936030135 18754998
119 3 2 1942201101 16429134
119 3 3 1947665201 17162667
119 3 4 1937551607 18967762
120 3 1 1991898490 14734701
120 3 2 1977843881 18054434
120 3 3 1996030866 19314318
120 3 4 1973416823 19626545
121 3 1 2022559267 18453071
121 3 2 2012413881 13841024
121 3 3 2028418124 14550767
121 3 4 2026646369 13863424
122 3 1 2065781252 19575883
122 3 2 2079565972 19441560
122 3 3 2073331712 14026118
122 3 4 2086644963 17679567
123 3 1 2123677756 9582562
123 3 2 2120675897 16830491
123 3 3 2137989024 13841084
123 3 4 2127061723 16458143
124 3 1 2185131798 20142444
124 3 2 2185220137 17900252
124 3 3 2167448996 20639743
124 3 4 2146698278 12983137
125 3 1 2214404056 17765078
125 3 2 2216118157 1458427
125 3 3 2212177038 13790452
125 3 4 2236404708 16993723
126 3 1 2260312740 20434150
126 3 2 2262819395 20209065
126 3 3 2261955487 18871739
126 3 4 2272474344 17607516
127 3 1 2303884599 20149593
127 3 2 2304773764 17782588
127 3 3 2314104089 20032791
127 3 4 2326972372 21283705
128 3 1 2354135125 20478799
128 3 2 2356422056 11600781
128 3 3 2376953334 20365707
128 3 4 2365506964 19606753
129 3 1 2414985363 16447983
129 3 2 2431523496 18473701
129 3 3 2417965514 19146784
129 3 4 2420986299 15131878
130 3 1 2469744663 20462569
130 3 2 2494690496 20012731
130 3 3 2444692542 1182122
130 3 4 2404010174 1276155
131 3 1 2476590622 1301245
131 3 2 2484154095 1662062
131 3 3 2501369019 5614417
131 3 4 2499036421 8571243
132 3 1 2580306635 19079773
132 3 2 2571709408 1241183
132 3 3 2523274314 1150572
132 3 4 2569691995 19572812
133 3 1 2632170249 20243855
133 3 2 2627819064 19314967
133 3 3 2627944052 17956971
133 3 4 2632803791 18526392
134 3 1 2682160777 7445332
134 3 2 2684554019 20185183
134 3 3 2717437392 14925003
134 3 4 2722269580 20817315
135 3 1 2788068217 13953225
135 3 2 2759311248 1340055
135 3 3 2744110485 1322025
135 3 4 2740433553 1329085
136 3 1 2839765157 9036371
136 3 2 2838221084 14337483
136 3 3 2860175179 18563073
136 3 4 2852775344 18841249
137 3 1 2896416521 13756032
137 3 2 2907838193 16465083
137 3 3 2920721885 19924798
137 3 4 2903580267 20465078
138 3 1 2973156324 21557840
138 3 2 2946623287 1486818
138 3 3 2930027268 1317145
138 3 4 2984787725 19902367
139 3 1 3026592314 18100164
139 3 2 3010533267 14386503
139 3 3 3014460707 20000850
139 3 4 3037977470 20218564
140 3 1 3092363639 19617212
140 3 2 3096154799 19419789
140 3 3 3077345578 1873295
140 3 4 3096624960 14125917
141 3 1 3139170584 15864360
141 3 2 3156675602 21917556
141 3 3 3162030760 20154862
141 3 4 3148117553 19597942
142 3 1 3202980280 19303387
142 3 2 3216586844 21144762
142 3 3 3213631934 20311785
142 3 4 3220774157 23099738
143 3 1 3302123777 16350220
143 3 2 3280035213 19932378
143 3 3 3313108056 21797284
143 3 4 3292502912 20118761
144 3 1 3345458493 18827297
144 3 2 3305638614 1620140
144 3 3 3368400620 15094486
144 3 4 3337324747 19038311
145 3 1 3422995558 20586960
145 3 2 3430490386 21305284
145 3 3 3422081513 20661202
145 3 4 3415273680 14330482
146 3 1 3498035155 20660452
146 3 2 3488232736 15387121
146 3 3 3487918926 14645217
146 3 4 3479338949 13614778
147 3 1 3553124504 18192494
147 3 2 3555128877 21467917
147 3 3 3558243753 20330695
147 3 4 3587390751 20676242
148 3 1 3649692317 20700841
148 3 2 3595805703 1871306
148 3 3 3614296939 1686322
148 3 4 3607084018 1634972
149 3 1 3708851892 19522029
149 3 2 3713533387 15524794
149 3 3 3715653103 22345164
149 3 4 3681458692 26443320
150 3 1 3740952595 20765913
150 3 2 3760881598 19655982
150 3 3 3773361760 20473348
150 3 4 3773314725 9240175
151 3 1 3846604159 20198612
151 3 2 3845586275 19664982
151 3 3 3853485551 20162612
151 3 4 3799928874 1844665
152 3 1 3888623058 15367762
152 3 2 3941089717 20682381
152 3 3 3925865295 21328334
152 3 4 3930805204 20291574
153 3 1 3983103969 20476987
153 3 2 3997827144 13286732
153 3 3 3969393672 19445388
153 3 4 4016178465 19917697
154 3 1 4039926699 1884495
154 3 2 4091755062 15973653
154 3 3 4057148298 19468159
154 3 4 4079913803 15771248
155 3 1 4145902647 1973547
155 3 2 4116201882 10834555
155 3 3 4174529311 14258870
155 3 4 4165003946 22114739
156 3 1 4239672675 20687620
156 3 2 4221159010 20562409
156 3 3 4233243895 20445096
156 3 4 4237585052 20436257
157 3 1 4268129286 22376892
157 3 2 4320327828 20677562
157 3 3 4292493188 2397426
157 3 4 4269697274 2161711
158 3 1 4400688714 23580366
158 3 2 4385239999 18578471
158 3 3 4408590227 19917666
158 3 4 4394007766 20232362
159 3 1 4474782849 21348943
159 3 2 4498788179 20532799
159 3 3 4464770851 7140025
159 3 4 4473696936 2259513
160 3 1 4565749362 2252642
160 3 2 4566488041 2413986
160 3 3 4526051553 2312303
160 3 4 4553879384 2324834
161 3 1 4682323047 19278774
161 3 2 4627641910 22431674
161 3 3 4532286084 19917486
161 3 4 4521380063 19547369
162 3 1 4581445395 4256450
162 3 2 4528903999 4937663
162 3 3 4550973862 4466794
162 3 4 4567685164 4262731
163 3 1 4639016977 4873912
163 3 2 4664767839 15493073
163 3 3 4675293835 17450120
163 3 4 4666917972 20654690
164 3 1 4762133106 16546363
164 3 2 4760199616 20575118
164 3 3 4757713754 19313145
164 3 4 4775332293 19401456
165 3 1 4789133940 4077587
165 3 2 4792967599 4546746
165 3 3 4808904205 4406024
165 3 4 4800868040 4452854
166 3 1 4894166528 4924042
166 3 2 4886989618 4974634
166 3 3 4889404579 5122547
166 3 4 4881878284 5279690
167 3 1 4981511900 5282950
167 3 2 5020777417 16375548
167 3 3 5023412054 19541849
167 3 4 5003829860 17605082
168 3 1 5072332829 5306129
168 3 2 5116953426 18217513
168 3 3 5106711809 19202072
168 3 4 5102916445 4857191
169 3 1 5222988726 4677238
169 3 2 5212952412 4904892
169 3 3 5218551765 5210978
169 3 4 5263261154 19322455
170 3 1 5348859224 19772823
170 3 2 5354572539 26218925
170 3 3 5324334324 16890699
170 3 4 5310549180 4618017
171 3 1 5402598883 4901883
171 3 2 5435008730 17417688
171 3 3 5467133922 16733965
171 3 4 5421373695 5033974
172 3 1 5516495535 4865252
172 3 2 5500430919 4492395
172 3 3 5464759282 4849171
172 3 4 5479910414 4338632
173 3 1 5587591301 4458154
173 3 2 5546726086 5572225
173 3 3 5564242082 4786351
173 3 4 5601196275 5094686
174 3 1 5685275647 5507454
174 3 2 5711251154 5483163
174 3 3 5670958370 4724709
174 3 4 5658123434 4985694
175 3 1 5766665587 5528084
175 3 2 5762910872 5144867
175 3 3 5763859586 5593226
175 3 4 5778486248 5980753
176 3 1 5825020101 5706987
176 3 2 5843211722 5574465
176 3 3 5874926406 5446992
176 3 4 5885701225 5486284
177 3 1 5951000022 5739739
177 3 2 5974067252 5310440
177 3 3 5974333465 5665706
177 3 4 5967663436 6228587
178 3 1 6033657915 5268099
178 3 2 6061386514 5111336
178 3 3 6067022367 5025555
178 3 4 6043298087 5889420
179 3 1 6148684978 5576685
179 3 2 6178986896 5298320
179 3 3 6151825821 5280309
179 3 4 6148961124 5678036
180 3 1 6275222339 6118546
180 3 2 6270657189 5689448
180 3 3 6241001848 5754498
180 3 4 6252315287 5880011
181 3 1 6376642546 5790720
181 3 2 6379829162 5616556
181 3 3 6337622184 5674567
181 3 4 6401937483 9472148
182 3 1 6484111065 5351201
182 3 2 6495810933 23054144
182 3 3 6510317244 22564675
182 3 4 6527176927 20586828
183 3 1 6618366762 21800040
183 3 2 6626138595 21362591
183 3 3 6614925380 22694227
183 3 4 6636375060 20839813
184 3 1 6738059612 19330184
184 3 2 6681545424 20253552
184 3 3 6709148720 6123175
184 3 4 6722638842 5258979
185 3 1 6771047750 5861461
185 3 2 6784342158 6196367
185 3 3 6764139314 6698677
185 3 4 6770212425 6057655
186 3 1 6868575645 5321120
186 3 2 6871853353 6104075
186 3 3 6916859407 5679457
186 3 4 6887814657 5092526
187 3 1 6980528260 20577538
187 3 2 7026417881 21496474
187 3 3 7059189694 20794921
187 3 4 7062706918 21282261
188 3 1 7143186440 20707920
188 3 2 7142388322 20172700
188 3 3 7110964007 5830480
188 3 4 7081673344 5056595
189 3 1 7200743731 6114285
189 3 2 7226836279 21029155
189 3 3 7307426084 22377771
189 3 4 7252055788 20985085
190 3 1 7372761297 19122599
190 3 2 7383139191 6325719
190 3 3 7386857317 21570956
190 3 4 7390952332 20383394
191 3 1 7444960505 6059614
191 3 2 7433771093 5862940
191 3 3 7449298482 5464662
191 3 4 7466569803 20707439
192 3 1 7634383771 22010244
192 3 2 7619630309 21646507
192 3 3 7525996555 5843099
192 3 4 7585961901 17998978
193 3 1 7717922071 14128416
193 3 2 7663120987 6229407
193 3 3 7685251511 20258950
193 3 4 7701719228 19598809
194 3 1 7790068207 6021944
194 3 2 7758477291 6290808
194 3 3 7770670658 5839110
194 3 4 7772352547 6399331
195 3 1 7935089246 22696157
195 3 2 7897871514 19433606
195 3 3 7943172144 22642636
195 3 4 7953996775 11038928
196 3 1 8043603119 7504561
196 3 2 8001129817 6860899
196 3 3 8033798230 5914162
196 3 4 8012687749 6593334
197 3 1 8178533967 21295961
197 3 2 8176903795 20067048
197 3 3 8193183408 18334916
197 3 4 8202709836 22788928
198 3 1 8285482840 21325371
198 3 2 8288010936 21909212
198 3 3 8332861185 20257051
198 3 4 8302979603 6159066
199 3 1 8407884815 19951235
199 3 2 8440066917 7146034
199 3 3 8394785963 6777677
199 3 4 8365364818 6682055
200 3 1 8517782463 29645437
200 3 2 8637224627 23066803
200 3 3 8634588922 22867063
200 3 4 8550345014 24263709
201 3 1 8680939269 11556413
201 3 2 8658232477 6776511
201 3 3 8676119584 6717340
201 3 4 8639856103 6317423
202 3 1 8743369344 6523476
202 3 2 8769207514 6987184
202 3 3 8776842365 20538086
202 3 4 8777024153 23229117
203 3 1 8929069679 20819191
203 3 2 8906178780 23079605
203 3 3 8897573309 16638721
203 3 4 8917279355 20322212
204 3 1 9080651238 20911692
204 3 2 9078501631 22129346
204 3 3 9016921775 7494793
204 3 4 9051171902 20879092
205 3 1 9179221043 6727249
205 3 2 9154631481 16447236
205 3 3 9159189849 22521332
205 3 4 9193324726 7158767
206 3 1 9306599352 21047024
206 3 2 9268389391 21065874
206 3 3 9309402750 20717738
206 3 4 9338025253 17501016
207 3 1 9402437862 6681659
207 3 2 9414262755 17683469
207 3 3 9439787399 6952883
207 3 4 9430176991 22216676
208 3 1 9562714728 26055599
208 3 2 9556780170 28578958
208 3 3 9599298622 24285305
208 3 4 9602861539 14909506
209 3 1 9628026080 8162205
209 3 2 9640358925 6871571
209 3 3 9703372972 20360929
209 3 4 9669570466 7360180
210 3 1 9815300936 20701806
210 3 2 9834321390 17648016
210 3 3 9823976845 24335834
210 3 4 9805988334 6969013
211 3 1 9910514785 7551234
211 3 2 9925514506 6814020
211 3 3 9966058916 23405637
211 3 4 9917240560 20017922
212 3 1 10101149895 20713025
212 3 2 10129349898 21111112
212 3 3 10119256684 17689246
212 3 4 10103780557 18171626
213 3 1 10368176585 17081566
213 3 2 10355396209 8075264
213 3 3 10389909145 20432500
213 3 4 10367944585 7210398
214 3 1 10527108447 20934348
214 3 2 10523969566 23013028
214 3 3 10486248870 8070984
214 3 4 10530618336 6844471
215 3 1 10689887287 21927468
215 3 2 10670924250 7447391
215 3 3 10669821291 21129402
215 3 4 10675891879 19274497
216 3 1 10826039599 22817614
216 3 2 10828303946 20923437
216 3 3 10836786881 21079770
216 3 4 10888476950 11526379
217 3 1 10974189334 21343085
217 3 2 10916333081 20171863
217 3 3 10964793208 19705354
217 3 4 11000840160 20497240
218 3 1 11106442123 21670632
218 3 2 11102658260 21127911
218 3 3 11128566310 21418337
218 3 4 11131560476 18370948
219 3 1 11254800205 23149119
219 3 2 11231553104 7382900
219 3 3 11262379189 22696630
219 3 4 11244280057 8197165
220 3 1 11345958269 7195226
220 3 2 11391471704 21068810
220 3 3 11443356410 7820858
220 3 4 11403142550 19404958
221 3 1 11563678667 18562922
221 3 2 11547663358 9015961
221 3 3 11558882394 22782522
221 3 4 11541658993 20389856
222 3 1 11696375440 19683082
222 3 2 11717446024 7659755
222 3 3 11718746385 16500252
222 3 4 11678984167 22351653
223 3 1 11836735933 9530959
223 3 2 11880222953 20813304
223 3 3 11880662689 8077442
223 3 4 11851938113 19918337
224 3 1 12014603480 20721543
224 3 2 12018672944 20315225
224 3 3 12023944404 19030141
224 3 4 11957638518 7922710
225 3 1 12151538889 20783653
225 3 2 12171924295 21242442
225 3 3 12104836915 21500967
225 3 4 12139820517 7631944
226 3 1 12355714354 7984571
226 3 2 12322525397 18275846
226 3 3 12318099085 22957435
226 3 4 12285249336 7490711
227 3 1 12467072867 21271243
227 3 2 12458697531 19880956
227 3 3 12471148150 21625809
227 3 4 12490180674 8148384
228 3 1 12608797109 8328767
228 3 2 12551652843 19541900
228 3 3 12614043747 18660693
228 3 4 12663275233 20592710
229 3 1 12808428230 20476726
229 3 2 12782412484 23292561
229 3 3 12805427825 15403661
229 3 4 12761262045 8246706
230 3 1 12940664542 19917846
230 3 2 12941230378 18537291
230 3 3 12945339052 7951311
230 3 4 12976198962 20556448
231 3 1 13054793274 20515748
231 3 2 13129600615 20517138
231 3 3 13176321344 21551888
231 3 4 13124910981 8385449
232 3 1 13274305951 8828676
232 3 2 13285879528 21645189
232 3 3 13298645597 21942924
232 3 4 13273329768 20667661
233 3 1 13430292231 18999829
233 3 2 13422212187 7852169
233 3 3 13468543052 15926001
233 3 4 13380720302 20982836
234 3 1 13611834558 8303158
234 3 2 13621360857 8079202
234 3 3 13609702127 22936963
234 3 4 13604468688 21348793
235 3 1 13785150051 9233024
235 3 2 13766956457 10665021
235 3 3 13740809414 8125054
235 3 4 13728833290 8139383
236 3 1 13951711829 21182100
236 3 2 13983136724 18731493
236 3 3 13896392917 22463844
236 3 4 13971005720 21158829
237 3 1 14195855895 20326123
237 3 2 14123274117 8474610
237 3 3 14130820630 15172126
237 3 4 14116906012 8929248
238 3 1 14314993723 9059651
238 3 2 14295206001 20133641
238 3 3 14294027642 19992597
238 3 4 14317775904 8927968
239 3 1 14492013456 9149612
239 3 2 14409915059 20493286
239 3 3 14491188296 20063039
239 3 4 14526452326 9329326
240 3 1 14654470546 20555859
240 3 2 14665865496 8601682
240 3 3 14684514350 8846977
240 3 4 14641617815 9592492
241 3 1 14808345526 8442700
241 3 2 14788976365 8767636
241 3 3 14852909726 20952636
241 3 4 14871102834 8995649
242 3 1 14956376957 12189109
242 3 2 15015474418 9413408
242 3 3 15065809983 9318906
242 3 4 15012652925 8694454
243 3 1 15200815810 21161840
243 3 2 15220684450 22029286
243 3 3 15220168186 22364461
243 3 4 15200485310 21591556
244 3 1 15379812667 20463695
244 3 2 15410430225 21200189
244 3 3 15423225533 20003727
244 3 4 15305986060 21286880
245 3 1 15568187211 10724427
245 3 2 15630123050 21246539
245 3 3 15597385958 22270049
245 3 4 15577490439 20797671
246 3 1 15747383916 10379359
246 3 2 15755201279 10067183
246 3 3 15748477104 21586665
246 3 4 15702809857 10554502
247 3 1 15960569262 12297857
247 3 2 15971040356 22997992
247 3 3 15887044583 20242179
247 3 4 15946717021 11146474
248 3 1 16173228220 12488680
248 3 2 16169348864 23992050
248 3 3 16149850952 13626811
248 3 4 16170641105 23915528
249 3 1 16361867814 21063823
249 3 2 16334481739 12675082
249 3 3 16313415768 10908339
249 3 4 16355274717 20005053
250 3 1 16570226426 22252506
250 3 2 16464198220 21779196
250 3 3 16528211847 23392737
250 3 4 16575191411 11582242
251 3 1 16749010670 23278864
251 3 2 16727681233 15455984
251 3 3 16837765448 13300804
251 3 4 16806479086 20404409
252 3 1 16922246352 22604921
252 3 2 16886945428 21615632
252 3 3 16931745506 22648922
252 3 4 16958738815 20356928
253 3 1 17043096270 23717432
253 3 2 17052939516 22140032
253 3 3 17172835681 20126594
253 3 4 17102478864 11307464
254 3 1 17318793248 26401132
254 3 2 17355058714 26021816
254 3 3 17340637817 26297831
254 3 4 17296868394 16215829
255 3 1 17512490269 16033455
255 3 2 17544557762 23198922
255 3 3 17543380674 24753581
255 3 4 17458153199 26335910
256 3 1 17823910233 21984178
256 3 2 17868159232 18963420
256 3 3 17834859439 22843044
256 3 4 17778924968 23242592
257 3 1 17997283051 26741308
257 3 2 17950121469 18455211
257 3 3 17945975947 27452141
257 3 4 18065155768 24706379
258 3 1 18164748898 21083390
258 3 2 18168294905 22056720
258 3 3 18045854971 29313417
258 3 4 18140803166 26870801
259 3 1 18377342011 11501648
259 3 2 18364070383 12121770
259 3 3 18454098106 21508268
259 3 4 18447068251 12406545
260 3 1 18558462092 23309523
260 3 2 18542583819 20386507
260 3 3 18655977880 12167721
260 3 4 18548445770 22518078
261 3 1 18802102764 23028056
261 3 2 18681763773 21876185
261 3 3 18762395346 12717931
261 3 4 18798117198 12534627
262 3 1 18995179360 11955087
262 3 2 18937528121 11303554
262 3 3 18969173939 10842786
262 3 4 18981021640 12117609
263 3 1 19174185860 23068017
263 3 2 19284340617 15671528
263 3 3 19209304694 22722371
263 3 4 19192558997 11302534
264 3 1 19282361428 13088469
264 3 2 19366225609 13390484
264 3 3 19444558087 13488365
264 3 4 19408236170 13216521
265 3 1 19590251170 23502515
265 3 2 19643900704 21248113
265 3 3 19625227824 11526138
265 3 4 19610696163 22264252
266 3 1 19974675905 23553756
266 3 2 19869652969 20545739
266 3 3 19839651408 12484876
266 3 4 19745807716 11756133
267 3 1 20028928297 11100520
267 3 2 20095475255 10949367
267 3 3 20051008997 10729533
267 3 4 20019187685 11051069
268 3 1 20542637711 10977259
268 3 2 20551554838 23724189
268 3 3 20538373718 22839482
268 3 4 20683214971 12261152
269 3 1 20785759114 11419206
269 3 2 20796862333 23967854
269 3 3 20642635682 11372705
269 3 4 20762943372 20902097
270 3 1 21044557258 11170911
270 3 2 21019017086 22081968
270 3 3 21006096972 23173899
270 3 4 20993735960 11023038
271 3 1 21228319755 21213582
271 3 2 21180464010 11308094
271 3 3 21323048435 22798992
271 3 4 21238521376 11173552
272 3 1 21475125316 12070485
272 3 2 21358101068 20560103
272 3 3 21453125612 12489943
272 3 4 21524159411 23556830
273 3 1 21718476238 11684639
273 3 2 21680429418 12249249
273 3 3 21670090136 11967523
273 3 4 21678307444 21793717
274 3 1 21912872741 22420540
274 3 2 22045467666 11767791
274 3 3 21914604302 22795137
274 3 4 21923231452 11897753
275 3 1 21989882104 11650979
275 3 2 22093273288 12495004
275 3 3 22189599327 20544745
275 3 4 22151249504 22630944
276 3 1 22364538428 22569714
276 3 2 22516340475 22912991
276 3 3 22427132254 21366812
276 3 4 22356885911 11890523
277 3 1 22735413895 11861953
277 3 2 22628116298 20533106
277 3 3 22662791535 12268410
277 3 4 22484681416 12306191
278 3 1 22822861620 12343703
278 3 2 22913695682 20510755
278 3 3 22849585686 11686629
278 3 4 22857311607 22111467
279 3 1 23125755971 24002712
279 3 2 23112051552 12121728
279 3 3 23118069413 22740229
279 3 4 23225627621 12198850
280 3 1 23342164117 12508706
280 3 2 23321917952 12723599
280 3 3 23200503859 23749377
280 3 4 23299769611 13165389
281 3 1 23608475178 12920334
281 3 2 23574672359 12163699
281 3 3 23551390696 23092015
281 3 4 23539714327 12499106
282 3 1 23810275630 22387533
282 3 2 23791035025 12917483
282 3 3 23961722221 22934852
282 3 4 23808450805 12585077
283 3 1 24065764220 12596318
283 3 2 23901573784 12953225
283 3 3 24029504677 13337701
283 3 4 24135027365 12636798
284 3 1 24330371018 12526027
284 3 2 24291660354 22311261
284 3 3 24334180498 22669938
284 3 4 24297228402 20120200
285 3 1 24498732476 12756430
285 3 2 24711626384 13200679
285 3 3 24570939196 13287041
285 3 4 24589822360 22208070
286 3 1 24680166391 12677889
286 3 2 24802360672 12913914
286 3 3 24875838512 23089086
286 3 4 24796207712 13246781
287 3 1 25060977053 21483345
287 3 2 25106827460 22865302
287 3 3 25074706934 21436885
287 3 4 25065600720 21644209
288 3 1 25498625536 24925410
288 3 2 25332495516 13588917
288 3 3 25385560525 13526605
288 3 4 25221050643 23104667
289 3 1 25544710091 23448753
289 3 2 25668862712 14229599
289 3 3 25630768976 22491465
289 3 4 25590733522 13959934
290 3 1 25887257926 22722249
290 3 2 25931410283 13701379
290 3 3 25783453601 13845382
290 3 4 25773273559 13810551
291 3 1 26118532091 13842131
291 3 2 26122591998 13954844
291 3 3 26294001516 13494885
291 3 4 26060382981 13585347
292 3 1 26488908696 13812571
292 3 2 26387199663 17801006
292 3 3 26482586753 13894123
292 3 4 26362405291 14099816
293 3 1 26878442968 13640377
293 3 2 26616307472 13609177
293 3 3 26590304660 13681943
293 3 4 26621032520 14049829
294 3 1 26937677787 14123190
294 3 2 27144886663 23619152
294 3 3 27022600631 14414636
294 3 4 27096387911 25533549
295 3 1 27189981953 15082557
295 3 2 27291171092 15365063
295 3 3 27207576145 22568460
295 3 4 27410505729 14832294
296 3 1 27434579157 20820977
296 3 2 27424108901 27540475
296 3 3 27485656647 34047829
296 3 4 27503271045 21289735
297 3 1 27954984088 14830263
297 3 2 27707808479 21465419
297 3 3 27915822686 15154878
297 3 4 27723822697 15249770
298 3 1 28106259366 14589667
298 3 2 28010352422 14194619
298 3 3 28225419256 14250541
298 3 4 27986919395 21510458
299 3 1 28196459198 14943254
299 3 2 28249060743 14378763
299 3 3 28310868029 25127677
299 3 4 28504771189 14701040
300 3 1 28526938640 20839275
300 3 2 28704539246 14664168
300 3 3 28533096034 14467154
300 3 4 28656545694 14393163
301 3 1 28822355711 14783160
301 3 2 29063671233 14688029
301 3 3 28810496576 25358441
301 3 4 28788406959 15349561
302 3 1 29049706550 15311010
302 3 2 29152141372 23021797
302 3 3 29343143225 15208158
302 3 4 29102276552 14728309
303 3 1 29582701819 15099436
303 3 2 29416027678 22547398
303 3 3 29524355274 15614416
303 3 4 29431978158 15051056
304 3 1 29937867254 15341211
304 3 2 29618894787 15551075
304 3 3 29610227104 15713428
304 3 4 29674719241 15218398
305 3 1 29982165122 15215278
305 3 2 30214336669 15235159
305 3 3 29953672999 24485944
305 3 4 30160825803 15071615
306 3 1 30269897992 21886175
306 3 2 30422112740 16350169
306 3 3 30281682544 15410892
306 3 4 30512918590 15338950
307 3 1 30505528087 15447862
307 3 2 30478857830 15660897
307 3 3 30536233168 15453933
307 3 4 30559089382 15702567
308 3 1 31115193787 23865802
308 3 2 30789973690 15970562
308 3 3 31017222638 15848680
308 3 4 30853753466 15567065
309 3 1 31322288436 15745427
309 3 2 31172323152 15988634
309 3 3 31390289557 15879831
309 3 4 31111873002 15833300
310 3 1 31388748864 15981343
310 3 2 31436695700 16216947
310 3 3 31472636472 23749040
310 3 4 31718037149 25686886
311 3 1 31732645849 16119569
311 3 2 31961929832 16061108
311 3 3 31733850120 15940546
311 3 4 31910749808 24713889
312 3 1 32063901057 16513557
312 3 2 32333261369 26957282
312 3 3 31978456401 27460851
312 3 4 32025352244 25314873
313 3 1 32387288670 17475946
313 3 2 32373157287 17223842
313 3 3 32659381139 17081920
313 3 4 32334534777 16779283
314 3 1 32884224463 16693312
314 3 2 32668525276 16403387
314 3 3 32835351035 24004840
314 3 4 32688113571 16442838
315 3 1 33256848560 16992838
315 3 2 32918221181 17239743
315 3 3 32895772122 17287435
315 3 4 32975922731 16934328
316 3 1 33339678004 24840276
316 3 2 33562893949 18419216
316 3 3 33254913759 18353855
316 3 4 33519105440 18421866
317 3 1 33635542583 18372246
317 3 2 33758989409 18302124
317 3 3 33648771318 18187692
317 3 4 33915959308 18555320
318 3 1 33885143802 18473518
318 3 2 33884539546 18501408
318 3 3 33876042972 18766644
318 3 4 33949768618 26061331
319 3 1 34527853410 19344095
319 3 2 34185053947 19607149
319 3 3 34440200954 19593799
319 3 4 34251696974 19633649
320 3 1 34728866655 49518724
320 3 2 34557425735 49433602
320 3 3 34844075447 48853001
320 3 4 34494808544 47979744
321 3 1 34837213238 29786712
321 3 2 34897035849 21554706
321 3 3 34913550920 20839443
321 3 4 35133286528 20794853
322 3 1 35132908336 20003857
322 3 2 35412057041 20291962
322 3 3 35208899475 20190651
322 3 4 35347367190 19860495
323 3 1 35516905499 20396815
323 3 2 35808521932 20269643
323 3 3 35462935595 20132550
323 3 4 35436683363 20433946
324 3 1 35832699166 20211041
324 3 2 35864421944 20076279
324 3 3 36161290955 20199042
324 3 4 35815974844 19880866
325 3 1 36379382932 20550168
325 3 2 36159388241 19861455
325 3 3 36311794900 19563720
325 3 4 36161360200 19710732
326 3 1 36801468010 20339154
326 3 2 36404512948 20595618
326 3 3 36420761726 27105653
326 3 4 36712674882 19997056
327 3 1 36869800555 19349733
327 3 2 37141404368 20067946
327 3 3 36791436296 28869765
327 3 4 37218920109 19363532
328 3 1 37193803176 30352062
328 3 2 37360169289 22269597
328 3 3 37200356301 25334035
328 3 4 37497214336 23145512
329 3 1 37478129798 20477871
329 3 2 37464300822 21400399
329 3 3 37514915550 20255156
329 3 4 37573007419 21040432
330 3 1 38165841098 28396262
330 3 2 37990840061 19317878
330 3 3 38249194656 19981221
330 3 4 37841015957 19694995
331 3 1 38386146649 28298798
331 3 2 38219535994 18908380
331 3 3 38543286268 31161643
331 3 4 38122265479 21954507
332 3 1 38449752933 19441840
332 3 2 38537947196 25614877
332 3 3 38569932894 19627043
332 3 4 38853928446 19935609
333 3 1 38840170206 20006721
333 3 2 39134314389 19585552
333 3 3 38853934046 19266196
333 3 4 39029086237 19195755
334 3 1 39250710129 37934360
334 3 2 39670762928 19887998
334 3 3 39351912588 19717824
334 3 4 39089788316 19920798
335 3 1 39549139162 20902477
335 3 2 39608488966 19337027
335 3 3 39858561827 19868337
335 3 4 39508469221 29116163
336 3 1 40134669210 20218174
336 3 2 39910503404 20369827
336 3 3 40083058272 24685157
336 3 4 39931539255 20304596
337 3 1 40623040897 22916935
337 3 2 40236697153 22468876
337 3 3 40195408644 20103961
337 3 4 40132738007 22059838
338 3 1 41146348919 24901312
338 3 2 41418416856 20875136
338 3 3 40932401335 20397867
338 3 4 41390329371 32163600
339 3 1 41479848562 21166881
339 3 2 41637471866 20824457
339 3 3 41460344389 20911518
339 3 4 41798230306 20884639
340 3 1 41789887865 30369716
340 3 2 41751181460 21380749
340 3 3 41850918337 20889000
340 3 4 41855234877 23603962
341 3 1 42492407075 23325196
341 3 2 42070605890 20857881
341 3 3 42370629881 21224077
341 3 4 42166707133 21951482
342 3 1 42692661140 24808056
342 3 2 42525441296 25090012
342 3 3 42858854752 21402892
342 3 4 42429075434 21457693
343 3 1 42762699939 21253780
343 3 2 42842698681 21416522
343 3 3 42894854617 21664808
343 3 4 43194383576 21737629
344 3 1 43175683010 21647728
344 3 2 43526339549 21740430
344 3 3 43277556531 22007676
344 3 4 43456740797 21956295
345 3 1 43627613491 22853771
345 3 2 43973473518 25610933
345 3 3 43557374829 26763305
345 3 4 43539026515 21924323
346 3 1 44040474445 22374162
346 3 2 44039667908 22654638
346 3 3 44337355433 24237547
346 3 4 43962419251 23072606
347 3 1 44649356055 23368722
347 3 2 44334964255 23750019
347 3 3 44606866287 22417853
347 3 4 44409956469 22693859
348 3 1 45147017743 26510681
348 3 2 44716148943 23264649
348 3 3 44701885762 22937724
348 3 4 44755278353 24104125
349 3 1 45213591363 23240608
349 3 2 45521144929 24384521
349 3 3 45308626693 25602943
349 3 4 45398343395 24517913
350 3 1 45502324654 24964503
350 3 2 45703136837 27456939
350 3 3 45486060570 23628527
350 3 4 45896144566 23733469
351 3 1 45820297401 24090296
351 3 2 45793140480 26194345
351 3 3 45856142559 25191697
351 3 4 45914007914 23161688
352 3 1 46598137165 23369382
352 3 2 46234096471 33276390
352 3 3 46502379429 26203396
352 3 4 46260106981 23755750
353 3 1 46893141371 25041804
353 3 2 46684603834 25959011
353 3 3 47076116688 23941342
353 3 4 46582381120 23489564
354 3 1 46952561173 25222916
354 3 2 47034242318 24656526
354 3 3 47077068929 25101725
354 3 4 47456905337 24137327
355 3 1 47411939789 24058445
355 3 2 47730300094 37026320
355 3 3 47465345707 24323120
355 3 4 47687465522 25575393
356 3 1 47892150329 35062103
356 3 2 48230395883 24195037
356 3 3 47766617006 27911278
356 3 4 47703927927 24172947
357 3 1 48223944948 25545493
357 3 2 48260183541 35874769
357 3 3 48696462039 24053105
357 3 4 48419815294 24651906
358 3 1 48950987218 24947692
358 3 2 48663064390 25254938
358 3 3 48848472696 27442340
358 3 4 48607854592 25272808
359 3 1 49445216606 25840798
359 3 2 48981287951 24296839
359 3 3 48946715976 25058473
359 3 4 49053338011 24999182
360 3 1 49499937766 27661013
360 3 2 49820791833 25850979
360 3 3 49358552011 24933001
360 3 4 49664680250 27955379
361 3 1 49773783221 33687297
361 3 2 50041946252 34155077
361 3 3 49829894548 24900018
361 3 4 50384437953 29261610
362 3 1 50150774603 27219672
362 3 2 50130722288 25284336
362 3 3 50191583107 26317496
362 3 4 50273831219 26454387
363 3 1 51052796689 25142303
363 3 2 50560386356 28284143
363 3 3 50947342879 26100571
363 3 4 50668464229 25246286
364 3 1 51298757236 25693744
364 3 2 51048262042 26304656
364 3 3 51480452545 25845288
364 3 4 50960540666 25669784
365 3 1 51323473845 37224162
365 3 2 51455993184 30670539
365 3 3 51486414444 27397417
365 3 4 51892018390 27549580
366 3 1 51821373636 32785109
366 3 2 52200734646 27444108
366 3 3 51860704587 28795653
366 3 4 52075770475 27964349
367 3 1 52168154240 29183652
367 3 2 52733034421 29951716
367 3 3 52233957383 34420240
367 3 4 52174650333 33987752
368 3 1 52703805899 54158303
368 3 2 52776689467 54405677
368 3 3 53193723958 61344649
368 3 4 52743960893 55601940
369 3 1 53480691777 30153620
369 3 2 53142802027 34940110
369 3 3 53388870115 29611679
369 3 4 53160254623 33989782
370 3 1 54054899782 37430867
370 3 2 53543950599 29453376
370 3 3 53494168259 28945527
370 3 4 53606489378 29896945
371 3 1 54065176800 33415951
371 3 2 54501764544 39040308
371 3 3 53967386825 33227997
371 3 4 54383646950 36616911
372 3 1 54475723508 28410511
372 3 2 54704562954 28162609
372 3 3 54469493493 27849953
372 3 4 54926181945 28487897
373 3 1 54829128590 29524916
373 3 2 54781774933 28320605
373 3 3 54901071462 31742449
373 3 4 54935901601 29264584
374 3 1 55776200048 32484315
374 3 2 55282812557 29135503
374 3 3 55646085330 29397928
374 3 4 55357851356 30137522
375 3 1 56023171825 28855909
375 3 2 55802645296 31435297
375 3 3 56236247866 30030841
375 3 4 55716111203 33642489
376 3 1 56075411963 28579894
376 3 2 56214179242 33438816
376 3 3 56252377841 30465170
376 3 4 56645064712 29050064
377 3 1 56594633691 37536963
377 3 2 56934387622 27937003
377 3 3 56619794836 29473403
377 3 4 56868077553 29772178
378 3 1 57052845688 28926622
378 3 2 57547931152 29658726
378 3 3 56982500651 37082616
378 3 4 56947116273 30106695
379 3 1 57547188226 33064480
379 3 2 57567783190 28691279
379 3 3 57990686512 39233136
379 3 4 57451939161 28413893
380 3 1 58298390816 32369768
380 3 2 57965780463 29133097
380 3 3 58192784032 30061104
380 3 4 57955659577 29296610
381 3 1 58900202864 30213467
381 3 2 58274071985 29925642
381 3 3 58284489806 37725409
381 3 4 58444787014 31812947
382 3 1 58881400864 30569904
382 3 2 59364228297 33983288
382 3 3 58805208137 30252427
382 3 4 59151365332 30634296
383 3 1 59316598074 30042564
383 3 2 59561271754 29912022
383 3 3 59322387509 29694328
383 3 4 59817573087 38214588
384 3 1 59681166433 34781534
384 3 2 59623534671 31855448
384 3 3 59768915642 32204434
384 3 4 59797681918 33720753
385 3 1 60738323324 30627465
385 3 2 60165150842 30793419
385 3 3 60622247641 38855580
385 3 4 60272544202 30518114
386 3 1 60991624921 31744706
386 3 2 60722749549 39894580
386 3 3 61243329347 30472043
386 3 4 60638833568 42432037
387 3 1 60985228321 32201795
387 3 2 61145202333 31117785
387 3 3 61228465031 31852168
387 3 4 61639892815 33583711
388 3 1 61526873536 38081445
388 3 2 61995932331 46673077
388 3 3 61626516685 31109904
388 3 4 61919942470 31325028
389 3 1 62122455457 32991138
389 3 2 62642491043 31667133
389 3 3 62022731225 32172992
389 3 4 62030796332 33577209
390 3 1 62580740673 32771844
390 3 2 62637962417 31894217
390 3 3 63073614983 32645392
390 3 4 62502768801 32563990
391 3 1 63437000976 30917909
391 3 2 63077778587 31750005
391 3 3 63332986363 31407389
391 3 4 63067684114 32029380
392 3 1 64079583241 31946779
392 3 2 63520215630 33692782
392 3 3 63589244827 31603063
392 3 4 63825602490 31849338
393 3 1 64008123922 40510240
393 3 2 64533653360 41809025
393 3 3 63939139519 40675263
393 3 4 64412947209 33394406
394 3 1 64523042745 34053349
394 3 2 64797862293 32142273
394 3 3 64520557897 43769391
394 3 4 65043450104 32907578
395 3 1 64898634682 32320686
395 3 2 64870542317 32653483
395 3 3 64968826700 32314307
395 3 4 65063517133 32650233
396 3 1 66005052523 34040410
396 3 2 65385187674 32459909
396 3 3 65800437186 32875167
396 3 4 65400365400 33275455
397 3 1 66212930927 34506230
397 3 2 65927856546 32848880
397 3 3 66493441140 34776878
397 3 4 65830584695 33423232
398 3 1 66571697612 35236198
398 3 2 66771435817 33409333
398 3 3 66785487191 47318543
398 3 4 67325524850 41823751
399 3 1 66993006896 43171447
399 3 2 68794927463 34491764
399 3 3 68467841293 43993213
399 3 4 66873345483 34690739
400 3 1 67377592483 34590147
400 3 2 67350918944 34929204
400 3 3 67293720989 35584466
400 3 4 67231274907 35879462
