1 2 1 1207654 5869118
1 2 2 103042 14490
1 2 3 81892 13271
1 2 4 85442 13071
2 2 1 92502 33120
2 2 2 91272 13650
2 2 3 89592 13281
2 2 4 89471 13260
3 2 1 115243 32451
3 2 2 113853 14401
3 2 3 111393 13810
3 2 4 110422 13680
4 2 1 152923 13500
4 2 2 147613 13780
4 2 3 147133 13570
4 2 4 146433 13681
5 2 1 198574 13770
5 2 2 188594 13641
5 2 3 185933 14140
5 2 4 184844 13771
6 2 1 262005 14041
6 2 2 248695 13790
6 2 3 247065 13710
6 2 4 243655 13740
7 2 1 324857 13890
7 2 2 315896 13830
7 2 3 312676 13810
7 2 4 320876 14070
8 2 1 405798 14141
8 2 2 390578 13810
8 2 3 385878 14120
8 2 4 386438 13691
9 2 1 520750 14070
9 2 2 484760 14271
9 2 3 477569 13940
9 2 4 473709 13771
10 2 1 606672 13740
10 2 2 594722 14980
10 2 3 582062 13830
10 2 4 579301 13680
11 2 1 773235 13880
11 2 2 753755 13861
11 2 3 748125 13910
11 2 4 741424 13950
12 2 1 897027 14560
12 2 2 874027 14140
12 2 3 860037 14190
12 2 4 863398 14260
13 2 1 1012600 14150
13 2 2 993500 14180
13 2 3 999390 14040
13 2 4 978500 14141
14 2 1 1177624 13980
14 2 2 1167483 14010
14 2 3 1155983 14200
14 2 4 1136623 13931
15 2 1 1351197 13980
15 2 2 1357357 13950
15 2 3 1331137 14010
15 2 4 1319976 14110
16 2 1 1779256 14481
16 2 2 1768115 14240
16 2 3 1793746 14020
16 2 4 1761884 13900
17 2 1 1789246 14221
17 2 2 1779005 13940
17 2 3 1760095 14260
17 2 4 1771656 13981
18 2 1 1979379 14150
18 2 2 1959949 13910
18 2 3 1956058 13940
18 2 4 1968480 14040
19 2 1 2134583 13920
19 2 2 2121192 14060
19 2 3 2114422 14320
19 2 4 2096342 13990
20 2 1 2410778 14150
20 2 2 2374007 14130
20 2 3 2366808 14471
20 2 4 2385308 14150
21 2 1 2800935 14230
21 2 2 2785066 13950
21 2 3 2782245 13970
21 2 4 2783165 14090
22 2 1 3024761 14010
22 2 2 2987710 13790
22 2 3 3001740 13880
22 2 4 2985179 13790
23 2 1 3474780 14120
23 2 2 3443289 14220
23 2 3 3433278 14180
23 2 4 3428508 13990
24 2 1 3684684 14261
24 2 2 3669153 14231
24 2 3 3664214 14161
24 2 4 3670603 14010
25 2 1 4015500 14050
25 2 2 3982030 13821
25 2 3 3966268 14020
25 2 4 3975400 14241
26 2 1 4418648 13980
26 2 2 4405268 13951
26 2 3 4403057 13860
26 2 4 4387068 14280
27 2 1 5258764 14240
27 2 2 5243125 14080
27 2 3 5225124 14500
27 2 4 5208475 13980
28 2 1 4979249 13910
28 2 2 4946259 14000
28 2 3 4931028 14160
28 2 4 4962090 14131
29 2 1 5519110 13970
29 2 2 5483269 14231
29 2 3 5460949 13900
29 2 4 5459949 13930
30 2 1 5952759 14080
30 2 2 5908407 14010
30 2 3 5893898 35121
30 2 4 5890497 14370
31 2 1 6097921 14260
31 2 2 6052951 14061
31 2 3 6049340 14010
31 2 4 6054362 14170
32 2 1 6604762 14220
32 2 2 6577251 13841
32 2 3 6557991 14050
32 2 4 6563371 14110
33 2 1 7617972 14530
33 2 2 7613113 14341
33 2 3 7599372 14090
33 2 4 7620152 14141
34 2 1 7748154 14430
34 2 2 7707754 14131
34 2 3 7714554 14660
34 2 4 7727214 14130
35 2 1 8628423 14061
35 2 2 8627202 13920
35 2 3 8617842 14091
35 2 4 8611392 20201
36 2 1 8498009 14260
36 2 2 8506189 16871
36 2 3 8540630 14520
36 2 4 8504660 13990
37 2 1 9222374 14400
37 2 2 9199983 14160
37 2 3 9187033 14061
37 2 4 9213274 14130
38 2 1 9775585 14150
38 2 2 9764245 14341
38 2 3 9759075 14140
38 2 4 9754675 14120
39 2 1 10330246 14250
39 2 2 10305246 14330
39 2 3 10290866 14011
39 2 4 10279865 14160
40 2 1 10671713 14851
40 2 2 10629882 14180
40 2 3 10621842 14191
40 2 4 10603302 15080
41 2 1 11451099 14371
41 2 2 11432718 15080
41 2 3 11435358 14231
41 2 4 11437728 14200
42 2 1 11942618 14511
42 2 2 11870607 14270
42 2 3 11898947 14360
42 2 4 11874897 14500
43 2 1 12109472 14901
43 2 2 12087102 14221
43 2 3 12099002 14571
43 2 4 12097701 14671
44 2 1 12971848 14850
44 2 2 12947269 14810
44 2 3 12916388 14771
44 2 4 12943578 15160
45 2 1 14282934 14770
45 2 2 15960308 19520
45 2 3 14308415 14940
45 2 4 14243323 14780
46 2 1 15817136 15000
46 2 2 15685033 14731
46 2 3 15666183 14300
46 2 4 15656063 14111
47 2 1 15205893 14750
47 2 2 15199103 14460
47 2 3 15223704 14441
47 2 4 15191253 14280
48 2 1 16352856 14690
48 2 2 16327665 14270
48 2 3 16336426 14601
48 2 4 16351036 14370
49 2 1 16858787 14130
49 2 2 16870117 14660
49 2 3 16849816 14201
49 2 4 16854466 14461
50 2 1 18110452 14301
50 2 2 17987788 15521
50 2 3 18014669 14470
50 2 4 18029539 14450
51 2 1 18668033 14500
51 2 2 18581161 14500
51 2 3 18603060 14690
51 2 4 18649162 17530
52 2 1 20001239 14670
52 2 2 19993869 14811
52 2 3 19923108 14430
52 2 4 19923377 14321
53 2 1 20392427 14441
53 2 2 20429068 14530
53 2 3 20402448 17701
53 2 4 20392596 17740
54 2 1 20446748 17520
54 2 2 20493659 17420
54 2 3 20435077 17510
54 2 4 20447728 17280
55 2 1 21281384 17610
55 2 2 21285914 17570
55 2 3 21297175 17421
55 2 4 21288134 18030
56 2 1 22130072 18100
56 2 2 22130072 17791
56 2 3 22110771 17400
56 2 4 22137832 17551
57 2 1 23279144 17430
57 2 2 23236004 17641
57 2 3 23324975 21270
57 2 4 23268424 17511
58 2 1 22925577 18271
58 2 2 22924557 18010
58 2 3 22920227 17910
58 2 4 22962458 17560
59 2 1 24863116 18841
59 2 2 24833085 17440
59 2 3 24765294 17741
59 2 4 24769544 17460
60 2 1 25463818 18200
60 2 2 25529510 17591
60 2 3 25486918 18740
60 2 4 25465238 17900
61 2 1 25951897 19240
61 2 2 25960878 17641
61 2 3 25971098 17491
61 2 4 25950348 17520
62 2 1 27417786 17791
62 2 2 27412597 17681
62 2 3 27433398 17361
62 2 4 27433557 24961
63 2 1 30305604 17900
63 2 2 28833286 17871
63 2 3 29449887 24321
63 2 4 31917957 19271
64 2 1 30873745 18000
64 2 2 28650681 18400
64 2 3 28396507 18150
64 2 4 28419417 17820
65 2 1 31159502 18230
65 2 2 31504509 18020
65 2 3 31125200 18130
65 2 4 31102351 18021
66 2 1 32564549 18760
66 2 2 31970027 18130
66 2 3 32051159 18210
66 2 4 31951487 18500
67 2 1 33945718 18761
67 2 2 33923437 18160
67 2 3 33837134 19220
67 2 4 33899336 18210
68 2 1 34445047 18081
68 2 2 34473247 17800
68 2 3 34416287 22271
68 2 4 34837875 18410
69 2 1 35454657 18690
69 2 2 35460717 19001
69 2 3 35416316 18371
69 2 4 36134661 24400
70 2 1 36736443 18410
70 2 2 36724022 18081
70 2 3 36793004 18261
70 2 4 36733683 18070
71 2 1 35791743 18330
71 2 2 35812334 18210
71 2 3 35840605 18031
71 2 4 35829134 18601
72 2 1 41313185 18651
72 2 2 41259463 18420
72 2 3 41266843 18800
72 2 4 41256972 18950
73 2 1 37566850 18720
73 2 2 37641031 18710
73 2 3 37604929 18660
73 2 4 37593890 18960
74 2 1 41957487 19050
74 2 2 41688162 18741
74 2 3 41891716 18940
74 2 4 41737183 18760
75 2 1 41207582 18801
75 2 2 41222552 18790
75 2 3 41253633 18991
75 2 4 41294684 18861
76 2 1 43315784 19141
76 2 2 43319053 19250
76 2 3 44220892 25040
76 2 4 43360414 18830
77 2 1 43262023 18891
77 2 2 43189171 18711
77 2 3 43195821 18900
77 2 4 43213351 18670
78 2 1 45034607 19331
78 2 2 44998567 18990
78 2 3 44960137 19000
78 2 4 45065108 19270
79 2 1 46027878 18991
79 2 2 46071898 19061
79 2 3 46071659 19721
79 2 4 46050077 18890
80 2 1 46065618 18900
80 2 2 45799703 19381
80 2 3 45939436 19171
80 2 4 45844523 19000
81 2 1 49090748 22361
81 2 2 49026757 19120
81 2 3 48999047 19220
81 2 4 49043178 19191
82 2 1 50772052 19351
82 2 2 50713991 19561
82 2 3 50657589 19890
82 2 4 50705551 19641
83 2 1 52049078 19721
83 2 2 51932476 19461
83 2 3 51968226 19720
83 2 4 52762422 25410
84 2 1 52479226 20260
84 2 2 52343092 19740
84 2 3 52402905 19341
84 2 4 52358713 19310
85 2 1 54068509 19661
85 2 2 54010157 20621
85 2 3 54005916 19740
85 2 4 53975626 19411
86 2 1 56623149 19491
86 2 2 56536248 19710
86 2 3 56557168 19461
86 2 4 56627349 19301
87 2 1 57701410 19690
87 2 2 57577838 19611
87 2 3 58118408 19941
87 2 4 57583437 19700
88 2 1 56850253 19740
88 2 2 56834753 19531
88 2 3 56996726 19981
88 2 4 56852283 19790
89 2 1 58737381 20471
89 2 2 58696810 21241
89 2 3 58722230 19970
89 2 4 58786592 20041
90 2 1 60504686 19810
90 2 2 60656079 20291
90 2 3 60529786 20240
90 2 4 60500295 20290
91 2 1 63403423 21020
91 2 2 63206660 21110
91 2 3 64194110 26030
91 2 4 63340632 20540
92 2 1 61544357 22090
92 2 2 61306522 21181
92 2 3 61323891 20861
92 2 4 61288882 20710
93 2 1 67183788 21210
93 2 2 66735821 21461
93 2 3 66774631 20250
93 2 4 66712529 22610
94 2 1 70092147 20101
94 2 2 70089047 20420
94 2 3 70159178 20430
94 2 4 70185598 20550
95 2 1 70990195 20381
95 2 2 70963864 20350
95 2 3 71060766 20520
95 2 4 71032815 21630
96 2 1 72306781 21420
96 2 2 72259130 20700
96 2 3 72280330 20891
96 2 4 72281370 21241
97 2 1 73544635 20870
97 2 2 73551586 21071
97 2 3 73395222 21040
97 2 4 73504224 20850
98 2 1 76976664 20940
98 2 2 76935522 20931
98 2 3 77009425 22141
98 2 4 76957363 21111
99 2 1 74845671 22010
99 2 2 74780620 20990
99 2 3 74932212 20930
99 2 4 74950164 21501
100 2 1 78031845 26581
100 2 2 76784560 21181
100 2 3 76802880 21050
100 2 4 76728589 21241
101 2 1 78144017 21541
101 2 2 78129486 22560
101 2 3 78166217 21120
101 2 4 78178368 22221
102 2 1 82311589 22700
102 2 2 82211548 23450
102 2 3 82132996 22020
102 2 4 82124236 22000
103 2 1 82016954 22771
103 2 2 82104176 22751
103 2 3 82113516 23441
103 2 4 82120305 22181
104 2 1 90109135 22970
104 2 2 89836229 22660
104 2 3 89958741 23100
104 2 4 89942451 23000
105 2 1 90906871 22991
105 2 2 90835619 22881
105 2 3 90740217 22720
105 2 4 90878420 23570
106 2 1 88825899 22750
106 2 2 88665606 22770
106 2 3 88704297 22500
106 2 4 88769177 22430
107 2 1 83235058 22780
107 2 2 83392690 22760
107 2 3 83272948 23040
107 2 4 83236278 22631
108 2 1 90117804 22741
108 2 2 90233447 22941
108 2 3 90056893 22810
108 2 4 90072784 23120
109 2 1 93099634 30560
109 2 2 92000472 23200
109 2 3 91766947 23560
109 2 4 91793548 23340
110 2 1 92324878 24521
110 2 2 92120864 26381
110 2 3 92293188 23810
110 2 4 92195635 23510
111 2 1 95970531 24120
111 2 2 96031912 23500
111 2 3 95839098 23531
111 2 4 95851958 23620
112 2 1 97073393 23831
112 2 2 97006892 23691
112 2 3 97109933 24140
112 2 4 97123364 24101
113 2 1 98125173 23940
113 2 2 98126564 24460
113 2 3 98176454 23991
113 2 4 98120923 23890
114 2 1 99386288 24070
114 2 2 99576112 23601
114 2 3 99705854 24010
114 2 4 99449311 23571
115 2 1 107275435 23461
115 2 2 107262165 23901
115 2 3 107245874 23511
115 2 4 107352348 24471
116 2 1 105611992 23601
116 2 2 105776136 23931
116 2 3 105744195 24730
116 2 4 105557630 23791
117 2 1 103888697 25240
117 2 2 103949109 23771
117 2 3 104097341 25090
117 2 4 103763215 23911
118 2 1 123887746 24661
118 2 2 123797004 24941
118 2 3 123921016 25350
118 2 4 125081348 33220
119 2 1 110305995 24500
119 2 2 109820015 25730
119 2 3 109841245 24660
119 2 4 109714653 24930
120 2 1 110856836 24501
120 2 2 110923558 24381
120 2 3 110912596 24240
120 2 4 110876936 24500
121 2 1 114559649 33370
121 2 2 114494087 27821
121 2 3 114586590 24150
121 2 4 114691782 24381
122 2 1 115037309 24381
122 2 2 115073420 24110
122 2 3 114998848 24441
122 2 4 115147611 24331
123 2 1 116643350 25661
123 2 2 116861865 25621
123 2 3 116786744 26311
123 2 4 116681651 25040
124 2 1 110516148 26560
124 2 2 110559849 26370
124 2 3 110433707 25261
124 2 4 110544669 25470
125 2 1 121000577 26541
125 2 2 120759362 25461
125 2 3 120725961 25610
125 2 4 120949396 25891
126 2 1 123678950 25351
126 2 2 123503676 25421
126 2 3 123558838 25871
126 2 4 123377394 25381
127 2 1 125786471 25441
127 2 2 125825841 24970
127 2 3 125684119 25321
127 2 4 125629148 24950
128 2 1 130698739 25850
128 2 2 130776131 25591
128 2 3 130786891 26261
128 2 4 130746880 25050
129 2 1 130129118 26431
129 2 2 130367051 26341
129 2 3 130062967 25871
129 2 4 131590396 33121
130 2 1 134006785 26091
130 2 2 134037105 26600
130 2 3 134034005 26401
130 2 4 133989654 26261
131 2 1 153539632 27111
131 2 2 152916170 27470
131 2 3 153020302 27161
131 2 4 152651145 26501
132 2 1 148541283 26760
132 2 2 148662915 26260
132 2 3 148681346 25590
132 2 4 148587574 26960
133 2 1 146253687 26000
133 2 2 146331819 27231
133 2 3 146142225 25931
133 2 4 146057273 26080
134 2 1 160369248 27350
134 2 2 160644013 28041
134 2 3 160603762 27090
134 2 4 160466209 27251
135 2 1 152099443 27620
135 2 2 152145644 26620
135 2 3 152075632 27720
135 2 4 152297957 28381
136 2 1 147940280 28940
136 2 2 147769857 28331
136 2 3 147795397 26750
136 2 4 147724846 26770
137 2 1 152299806 27910
137 2 2 152368698 27610
137 2 3 152147073 27960
137 2 4 152281166 27390
138 2 1 158863317 28780
138 2 2 158868546 26991
138 2 3 158684753 27240
138 2 4 158968039 28651
139 2 1 158966298 28010
139 2 2 159092450 27470
139 2 3 158839346 28721
139 2 4 158978178 27580
140 2 1 171958476 28060
140 2 2 171870374 28370
140 2 3 171757482 28310
140 2 4 171864794 28151
141 2 1 162546228 35341
141 2 2 160599630 28940
141 2 3 160408266 28281
141 2 4 160629160 28660
142 2 1 160587179 28681
142 2 2 160401015 27530
142 2 3 160352075 27430
142 2 4 160314454 28660
143 2 1 161358375 27601
143 2 2 161405686 28651
143 2 3 161260172 28840
143 2 4 161468687 28251
144 2 1 174465295 29301
144 2 2 174393583 28741
144 2 3 174365852 29281
144 2 4 174670018 30611
145 2 1 170364503 29851
145 2 2 170311681 30441
145 2 3 170573247 30181
145 2 4 170344072 29470
146 2 1 172071466 28930
146 2 2 172021766 38861
146 2 3 172012304 28631
146 2 4 172112166 29641
147 2 1 193369049 29971
147 2 2 193542702 28590
147 2 3 193433300 29480
147 2 4 193412310 29391
148 2 1 168515265 29470
148 2 2 168504215 29291
148 2 3 168562085 30400
148 2 4 168482764 30170
149 2 1 175037904 29971
149 2 2 175011493 31431
149 2 3 175043563 30481
149 2 4 174976352 29450
150 2 1 188065893 30910
150 2 2 188028741 29340
150 2 3 188189425 37260
150 2 4 187783136 31601
151 2 1 188899898 29880
151 2 2 189198394 30421
151 2 3 188933549 29960
151 2 4 189207415 29801
152 2 1 190761964 30671
152 2 2 190872437 29440
152 2 3 190569821 30540
152 2 4 190458609 29970
153 2 1 191235475 30351
153 2 2 190285094 29521
153 2 3 192353616 37610
153 2 4 190328426 32161
154 2 1 193282444 32951
154 2 2 193309985 34460
154 2 3 192958137 32971
154 2 4 193534378 32661
155 2 1 197732582 34481
155 2 2 197614160 32590
155 2 3 197689211 32341
155 2 4 197715001 32281
156 2 1 197796063 33500
156 2 2 198125329 33301
156 2 3 197708171 33761
156 2 4 197883055 35161
157 2 1 202613318 35181
157 2 2 202727890 33791
157 2 3 202593858 33971
157 2 4 202714480 32940
158 2 1 198722810 33840
158 2 2 198555337 33610
158 2 3 198695339 33631
158 2 4 198902463 33090
159 2 1 221989331 33760
159 2 2 221916309 34091
159 2 3 222015051 34261
159 2 4 222000881 34390
160 2 1 204314151 33831
160 2 2 204211738 33911
160 2 3 204126037 34470
160 2 4 204044594 34340
161 2 1 209433191 35171
161 2 2 209147846 36121
161 2 3 209028533 35200
161 2 4 208959201 34241
162 2 1 215119634 34491
162 2 2 214850108 33910
162 2 3 215005721 35541
162 2 4 215031761 35051
163 2 1 211781686 33700
163 2 2 212086733 34831
163 2 3 211847298 35901
163 2 4 211804567 34231
164 2 1 199257168 34570
164 2 2 199077284 34111
164 2 3 199178776 34911
164 2 4 199209717 36420
165 2 1 219605961 35791
165 2 2 219310464 36080
165 2 3 219297384 35190
165 2 4 219522399 34751
166 2 1 226282032 35621
166 2 2 226395724 35440
166 2 3 226442026 34131
166 2 4 226275582 35121
167 2 1 223704161 35380
167 2 2 223216501 36080
167 2 3 225769211 40451
167 2 4 223423385 35771
168 2 1 233042045 36010
168 2 2 233097696 36011
168 2 3 233018364 36290
168 2 4 232986114 35321
169 2 1 220956365 35951
169 2 2 220928474 35110
169 2 3 220872803 35220
169 2 4 220831982 34760
170 2 1 238691965 35621
170 2 2 238339669 36221
170 2 3 238604155 36001
170 2 4 238534262 35840
171 2 1 234434011 38020
171 2 2 233900609 37670
171 2 3 234078894 36581
171 2 4 233820238 36630
172 2 1 243075281 36461
172 2 2 242969848 35550
172 2 3 242940439 36721
172 2 4 242941477 35270
173 2 1 247263724 36111
173 2 2 247371825 35941
173 2 3 247304175 36191
173 2 4 247251962 37601
174 2 1 248783163 36460
174 2 2 248531078 37291
174 2 3 248729022 36980
174 2 4 248557677 36640
175 2 1 255895673 35791
175 2 2 255724590 36751
175 2 3 255633867 36901
175 2 4 255515575 36421
176 2 1 258306220 36310
176 2 2 257966474 37870
176 2 3 257891551 36451
176 2 4 257917352 37531
177 2 1 257407641 37211
177 2 2 256945903 37460
177 2 3 257089116 38111
177 2 4 256963191 37341
178 2 1 257597855 39871
178 2 2 257124595 37720
178 2 3 257143636 37660
178 2 4 256985031 38571
179 2 1 256310929 36651
179 2 2 256460651 37431
179 2 3 256322718 37431
179 2 4 256414240 51161
180 2 1 249006322 39391
180 2 2 250445633 39941
180 2 3 259267125 38651
180 2 4 248798829 37421
181 2 1 267442097 38871
181 2 2 266715333 37951
181 2 3 267369076 37401
181 2 4 267460597 38361
182 2 1 273514617 38431
182 2 2 273368893 38570
182 2 3 273294351 38471
182 2 4 276578196 45681
183 2 1 273437774 38771
183 2 2 273252529 39221
183 2 3 273598437 40420
183 2 4 273217269 38660
184 2 1 282681186 38871
184 2 2 282679265 38711
184 2 3 282746007 39281
184 2 4 282342828 38131
185 2 1 279956091 40041
185 2 2 281625844 38910
185 2 3 279563482 38751
185 2 4 279631324 39071
186 2 1 282634893 41771
186 2 2 282811865 39951
186 2 3 282764425 39121
186 2 4 282583622 39351
187 2 1 312294467 41221
187 2 2 313462570 39961
187 2 3 310317420 40251
187 2 4 312716835 40051
188 2 1 303139946 40721
188 2 2 303967933 40091
188 2 3 304773588 41401
188 2 4 304337519 42050
189 2 1 313919818 42070
189 2 2 314162303 41340
189 2 3 314678543 39640
189 2 4 314706532 40301
190 2 1 314663582 41441
190 2 2 316116290 40380
190 2 3 315180752 40441
190 2 4 315273264 43081
191 2 1 304857356 42871
191 2 2 305726764 42341
191 2 3 305790656 41281
191 2 4 306185802 40560
192 2 1 323407883 42161
192 2 2 323398573 41041
192 2 3 324044225 40601
192 2 4 323803968 41761
193 2 1 326856520 42731
193 2 2 326874309 43491
193 2 3 325736537 41001
193 2 4 326065492 41501
194 2 1 318675257 42281
194 2 2 318856450 42951
194 2 3 319167727 40761
194 2 4 318713356 41601
195 2 1 320053282 41761
195 2 2 319771187 42011
195 2 3 319914769 41001
195 2 4 319649344 43261
196 2 1 328752894 43661
196 2 2 328743282 41831
196 2 3 347122025 57271
196 2 4 328721482 42671
197 2 1 338245240 41481
197 2 2 338127217 42251
197 2 3 338460253 42841
197 2 4 338396591 43911
198 2 1 337269310 43171
198 2 2 336386901 43010
198 2 3 339074554 48871
198 2 4 336433562 41110
199 2 1 329994874 41711
199 2 2 329769419 43541
199 2 3 329654837 42691
199 2 4 329818840 43231
200 2 1 345499118 43171
200 2 2 345415617 43690
200 2 3 345770603 45070
200 2 4 345394756 42760
201 2 1 350982526 42460
201 2 2 350845182 43681
201 2 3 350949235 42451
201 2 4 351306490 43901
202 2 1 352481493 43271
202 2 2 351977013 43411
202 2 3 352390941 45451
202 2 4 352070744 44261
203 2 1 351600445 43761
203 2 2 350429082 44131
203 2 3 351016223 43731
203 2 4 350680796 43531
204 2 1 352881279 47051
204 2 2 353017262 45111
204 2 3 352932640 45691
204 2 4 352739625 45941
205 2 1 368754770 45481
205 2 2 368359332 45301
205 2 3 368523045 44320
205 2 4 368628936 44241
206 2 1 364597157 46411
206 2 2 364737740 44231
206 2 3 364724269 47021
206 2 4 364813191 47581
207 2 1 383359255 45651
207 2 2 383432836 45530
207 2 3 382993827 45940
207 2 4 382999997 44091
208 2 1 353811462 45491
208 2 2 353873592 46301
208 2 3 353607237 46921
208 2 4 353887823 47221
209 2 1 365824117 48251
209 2 2 366361587 46351
209 2 3 366009731 45621
209 2 4 366186064 44661
210 2 1 375365173 46611
210 2 2 375712030 45750
210 2 3 373854413 46461
210 2 4 373827822 47000
211 2 1 378499833 47131
211 2 2 378631376 48021
211 2 3 378683497 45501
211 2 4 378712047 45761
212 2 1 389999838 45011
212 2 2 389115601 45921
212 2 3 389296613 47381
212 2 4 388526979 48401
213 2 1 386447997 47121
213 2 2 385381376 46671
213 2 3 385353565 45101
213 2 4 385235452 46661
214 2 1 385703571 45911
214 2 2 385046997 46401
214 2 3 385862573 46901
214 2 4 385125148 46331
215 2 1 390973863 49241
215 2 2 391047905 45951
215 2 3 390211368 46351
215 2 4 389469212 46111
216 2 1 407158280 53532
216 2 2 403781973 47611
216 2 3 404255582 46791
216 2 4 403405834 50001
217 2 1 401820233 48121
217 2 2 400577088 47791
217 2 3 400194060 49121
217 2 4 400006176 46711
218 2 1 392282465 48391
218 2 2 390926117 47421
218 2 3 391157322 48411
218 2 4 391084479 48591
219 2 1 406247877 47471
219 2 2 405471672 49041
219 2 3 405969100 47781
219 2 4 405619284 48491
220 2 1 394163978 52541
220 2 2 391366393 49371
220 2 3 390997605 49751
220 2 4 391938473 49181
221 2 1 391333293 48011
221 2 2 391138617 50221
221 2 3 392377111 47201
221 2 4 391962142 47481
222 2 1 423692175 50791
222 2 2 422353898 51421
222 2 3 423349527 48751
222 2 4 422982499 48381
223 2 1 417663774 50571
223 2 2 416967881 49271
223 2 3 417480369 49781
223 2 4 417780715 48361
224 2 1 431061075 49851
224 2 2 431766698 50571
224 2 3 431575835 51211
224 2 4 431760448 48411
225 2 1 432089724 49931
225 2 2 430535733 48651
225 2 3 430791387 48881
225 2 4 431080834 51931
226 2 1 437644840 50281
226 2 2 437012338 50701
226 2 3 436365405 49201
226 2 4 437697670 48311
227 2 1 416722209 49891
227 2 2 416755108 49501
227 2 3 417045295 50761
227 2 4 416571084 49391
228 2 1 446231605 52941
228 2 2 445458650 50301
228 2 3 444695995 49091
228 2 4 445781995 49881
229 2 1 438353559 51971
229 2 2 438503221 50081
229 2 3 438427899 53161
229 2 4 438630904 50401
230 2 1 458821878 52011
230 2 2 459291787 51431
230 2 3 458827097 50021
230 2 4 458338387 51801
231 2 1 455588363 51301
231 2 2 455359008 52102
231 2 3 454959050 51831
231 2 4 454802105 51301
232 2 1 455079502 50401
232 2 2 455745773 51611
232 2 3 455526190 50921
232 2 4 454865245 54721
233 2 1 483662549 52701
233 2 2 483141408 51531
233 2 3 486516504 59061
233 2 4 483151506 50711
234 2 1 472370776 53201
234 2 2 472895066 52661
234 2 3 471844024 53521
234 2 4 471509337 52701
235 2 1 474351462 54941
235 2 2 474552866 51721
235 2 3 474751319 51781
235 2 4 474670117 53421
236 2 1 470162308 53371
236 2 2 469974004 54441
236 2 3 469898162 53491
236 2 4 469799589 53031
237 2 1 455409388 51841
237 2 2 455195703 53921
237 2 3 455404697 55311
237 2 4 455342064 53831
238 2 1 487241118 54681
238 2 2 486290939 53271
238 2 3 486245198 53281
238 2 4 486229197 54281
239 2 1 486213176 55321
239 2 2 485846218 53601
239 2 3 485936939 54411
239 2 4 485699224 53331
240 2 1 494695210 53871
240 2 2 494469615 55971
240 2 3 494655337 53241
240 2 4 495121987 54011
241 2 1 490676679 54771
241 2 2 490459714 54221
241 2 3 490676098 55791
241 2 4 490626566 55191
242 2 1 501826875 54351
242 2 2 501097420 55522
242 2 3 501497976 54541
242 2 4 501286492 55922
243 2 1 481408613 55091
243 2 2 480865532 55191
243 2 3 480816110 54261
243 2 4 480952163 54981
244 2 1 515902225 56912
244 2 2 516564968 54401
244 2 3 516055677 55761
244 2 4 516706409 55401
245 2 1 502908798 57291
245 2 2 502776616 57741
245 2 3 503260394 56921
245 2 4 502774165 55561
246 2 1 517377459 57052
246 2 2 516841058 57381
246 2 3 516872728 58481
246 2 4 517063982 56551
247 2 1 522142140 55861
247 2 2 521937604 55771
247 2 3 521765011 58182
247 2 4 521558658 58191
248 2 1 519513877 56021
248 2 2 520098127 55971
248 2 3 520050316 56531
248 2 4 523649065 64202
249 2 1 547609101 60541
249 2 2 545530620 61011
249 2 3 546154452 57561
249 2 4 546241864 56771
250 2 1 522118531 58711
250 2 2 521763255 59841
250 2 3 521836576 60731
250 2 4 521162041 58841
251 2 1 531509213 59271
251 2 2 531342468 59591
251 2 3 531193315 57941
251 2 4 531764805 58231
252 2 1 538831393 59652
252 2 2 539321912 60211
252 2 3 538687999 59461
252 2 4 538481784 56971
253 2 1 559221357 59471
253 2 2 558869050 60221
253 2 3 559093804 60161
253 2 4 558141295 59801
254 2 1 548392854 59201
254 2 2 541300485 60531
254 2 3 541416137 59201
254 2 4 540592390 61341
255 2 1 546047226 60031
255 2 2 545862112 61021
255 2 3 546498473 58552
255 2 4 545116456 60351
256 2 1 573270614 61771
256 2 2 573270702 60112
256 2 3 573531387 62651
256 2 4 574010495 59722
257 2 1 554436014 59181
257 2 2 554052286 61001
257 2 3 554784709 63522
257 2 4 554041943 60831
258 2 1 572833939 60782
258 2 2 571351180 60201
258 2 3 572413990 63091
258 2 4 571064133 62131
259 2 1 567961592 60922
259 2 2 567527233 61561
259 2 3 567911829 61101
259 2 4 567634963 62121
260 2 1 559342401 61151
260 2 2 559574705 64171
260 2 3 559501703 60631
260 2 4 559242137 61531
261 2 1 593972083 62561
261 2 2 594320859 60992
261 2 3 593829937 64521
261 2 4 594651263 62881
262 2 1 588344830 69862
262 2 2 584139737 62341
262 2 3 582922714 62281
262 2 4 583118035 62721
263 2 1 587709854 64371
263 2 2 587327386 61901
263 2 3 587834966 61541
263 2 4 587388806 62181
264 2 1 595095216 63312
264 2 2 595475822 64011
264 2 3 595114074 62441
264 2 4 594760567 60661
265 2 1 604328951 63401
265 2 2 605486094 64491
265 2 3 605209887 63741
265 2 4 604841479 65842
266 2 1 647222722 66401
266 2 2 649675629 66191
266 2 3 650157587 68752
266 2 4 650191647 66932
267 2 1 633401600 67551
267 2 2 632758846 65681
267 2 3 633667983 68501
267 2 4 633884687 69501
268 2 1 646458180 66341
268 2 2 645802277 67791
268 2 3 646870187 66391
268 2 4 646483328 68052
269 2 1 673871189 67982
269 2 2 672822858 67481
269 2 3 673593392 69241
269 2 4 673357536 68001
270 2 1 653382028 67361
270 2 2 651468630 68882
270 2 3 652910287 68862
270 2 4 653100210 66992
271 2 1 671667049 70142
271 2 2 670290443 69521
271 2 3 669016716 69841
271 2 4 668849842 67072
272 2 1 645107361 69012
272 2 2 644616061 67162
272 2 3 644646270 70231
272 2 4 644745552 69311
273 2 1 653799266 68841
273 2 2 653846835 67551
273 2 3 653793554 69401
273 2 4 653558099 69861
274 2 1 698630412 77852
274 2 2 693593713 68251
274 2 3 693479409 70492
274 2 4 693756874 71901
275 2 1 662432736 68602
275 2 2 661357865 68861
275 2 3 662469416 70281
275 2 4 661675640 73642
276 2 1 708793021 68982
276 2 2 709265519 69772
276 2 3 708679747 70171
276 2 4 709453471 72112
277 2 1 718977234 71012
277 2 2 719068825 70861
277 2 3 718637636 71061
277 2 4 718874419 70031
278 2 1 678731760 71551
278 2 2 678134469 71101
278 2 3 677379523 86722
278 2 4 678180818 71351
279 2 1 703671980 70942
279 2 2 702423895 73241
279 2 3 701935195 72051
279 2 4 701953695 71721
280 2 1 687551824 70871
280 2 2 687356390 73322
280 2 3 686663835 73722
280 2 4 686772277 71761
281 2 1 689676882 72461
281 2 2 689953056 75241
281 2 3 690335213 74712
281 2 4 690298451 72682
282 2 1 692048915 72982
282 2 2 690746479 74231
282 2 3 691253547 74882
282 2 4 691356238 71132
283 2 1 719413740 72952
283 2 2 719875088 72942
283 2 3 719201605 75571
283 2 4 719147322 73942
284 2 1 704568260 74341
284 2 2 704583509 74442
284 2 3 704580087 73341
284 2 4 709533142 81681
285 2 1 704746339 74212
285 2 2 703783810 75031
285 2 3 703825329 73092
285 2 4 703624535 74862
286 2 1 719305677 74271
286 2 2 718690064 73921
286 2 3 719606121 74881
286 2 4 719783093 74682
287 2 1 712409190 77352
287 2 2 712652083 73971
287 2 3 712454258 75192
287 2 4 712510119 76791
288 2 1 713072538 76462
288 2 2 711514817 76972
288 2 3 711985126 74571
288 2 4 715243589 76812
289 2 1 736008367 76901
289 2 2 735308764 76751
289 2 3 737483675 75561
289 2 4 735811881 77881
290 2 1 750134126 78142
290 2 2 749817010 74801
290 2 3 749450932 74962
290 2 4 749616933 79481
291 2 1 763014801 77331
291 2 2 762672903 77302
291 2 3 762129002 85382
291 2 4 761942438 77102
292 2 1 780448103 77772
292 2 2 783166495 77692
292 2 3 779608614 77812
292 2 4 779834818 76342
293 2 1 791650685 79611
293 2 2 791823538 78642
293 2 3 791840487 77391
293 2 4 791000159 75941
294 2 1 758964791 78402
294 2 2 757667974 77802
294 2 3 758254614 78241
294 2 4 762759920 82281
295 2 1 761719130 79712
295 2 2 761949683 79611
295 2 3 763294158 75721
295 2 4 761243868 78701
296 2 1 828338769 80282
296 2 2 827628135 77041
296 2 3 827283036 76711
296 2 4 827877207 80812
297 2 1 777566536 80711
297 2 2 776453655 79921
297 2 3 776510514 79822
297 2 4 775897581 80362
298 2 1 774238738 78642
298 2 2 774970151 78562
298 2 3 773788978 79772
298 2 4 777063230 83932
299 2 1 784447031 83942
299 2 2 784768966 79801
299 2 3 784433859 79311
299 2 4 784049310 79282
300 2 1 794797686 79861
300 2 2 792621293 82291
300 2 3 793091670 79772
300 2 4 793477147 79322
301 2 1 784749789 80131
301 2 2 784709536 80131
301 2 3 784841427 79162
301 2 4 785408798 82942
302 2 1 867685530 83332
302 2 2 864626549 80621
302 2 3 864463925 79791
302 2 4 863744590 82912
303 2 1 786577474 82412
303 2 2 784422623 81311
303 2 3 784629505 83531
303 2 4 784476501 79591
304 2 1 798241114 85011
304 2 2 795402779 82221
304 2 3 795073281 82642
304 2 4 794972139 81641
305 2 1 828518353 83721
305 2 2 825856730 82991
305 2 3 823082515 80302
305 2 4 823160887 83891
306 2 1 857190139 84522
306 2 2 856583706 82672
306 2 3 855711588 82822
306 2 4 856088704 80951
307 2 1 813415193 83992
307 2 2 815688296 81302
307 2 3 813552025 82781
307 2 4 813854298 79942
308 2 1 845126238 83922
308 2 2 845506164 83632
308 2 3 844905501 82812
308 2 4 844748787 82101
309 2 1 846444419 85682
309 2 2 848030827 83561
309 2 3 845888796 84492
309 2 4 845762993 83732
310 2 1 869810382 83022
310 2 2 869821992 84992
310 2 3 870547345 83922
310 2 4 869798479 81461
311 2 1 877733121 85221
311 2 2 877852691 84392
311 2 3 877921911 85321
311 2 4 878502332 83202
312 2 1 790250308 85582
312 2 2 790675664 85121
312 2 3 790289666 84222
312 2 4 790402507 83492
313 2 1 888517699 90942
313 2 2 885646451 85811
313 2 3 885805793 86461
313 2 4 887201528 83632
314 2 1 851645266 87892
314 2 2 850874160 86891
314 2 3 852167474 86511
314 2 4 852559500 86521
315 2 1 862827506 88872
315 2 2 862244923 85332
315 2 3 863389135 86921
315 2 4 863208070 88631
316 2 1 871749502 90331
316 2 2 872261541 88232
316 2 3 877297416 89032
316 2 4 871569766 86622
317 2 1 875247824 87282
317 2 2 874755795 87771
317 2 3 875495037 88932
317 2 4 874831894 87931
318 2 1 867223617 89001
318 2 2 866301078 89192
318 2 3 867042521 88542
318 2 4 866272455 87731
319 2 1 927023876 90042
319 2 2 926731150 91482
319 2 3 925974554 89972
319 2 4 926139136 91122
320 2 1 910708119 93012
320 2 2 911218268 91302
320 2 3 910942381 90332
320 2 4 910483642 90862
321 2 1 919690236 94362
321 2 2 920038721 92472
321 2 3 922633231 95302
321 2 4 919900366 92262
322 2 1 899979864 93452
322 2 2 900387642 92782
322 2 3 899509123 94982
322 2 4 900375168 93912
323 2 1 940232090 94172
323 2 2 940744078 93581
323 2 3 941806277 93762
323 2 4 941375727 93252
324 2 1 946282821 96052
324 2 2 946380681 92182
324 2 3 947991101 93062
324 2 4 946908059 92521
325 2 1 921467881 93192
325 2 2 920048972 95352
325 2 3 920731464 92332
325 2 4 921519048 94752
326 2 1 967757521 94322
326 2 2 967412992 94671
326 2 3 967352560 94882
326 2 4 967853248 95262
327 2 1 919243279 94052
327 2 2 918769048 94962
327 2 3 918862229 94902
327 2 4 918395239 95402
328 2 1 954112528 93781
328 2 2 954715041 95172
328 2 3 954479574 94082
328 2 4 955647825 95452
329 2 1 987886388 95652
329 2 2 988615922 96112
329 2 3 989018018 98612
329 2 4 987907926 95832
330 2 1 945019086 97272
330 2 2 945815539 96582
330 2 3 944767789 96802
330 2 4 944875579 96942
331 2 1 954169475 97092
331 2 2 953344639 96102
331 2 3 955190573 96332
331 2 4 960729447 95382
332 2 1 963462668 96132
332 2 2 964021526 97682
332 2 3 962829903 97382
332 2 4 963407292 94412
333 2 1 1011569641 98242
333 2 2 1009731113 96111
333 2 3 1010070450 96112
333 2 4 1010362323 96952
334 2 1 962883186 97902
334 2 2 963278413 96772
334 2 3 963722310 97182
334 2 4 963774080 97382
335 2 1 998572432 98222
335 2 2 998430538 98222
335 2 3 997769263 98082
335 2 4 999089067 97881
336 2 1 1034129434 99042
336 2 2 1033612764 98402
336 2 3 1033935088 98032
336 2 4 1033820063 97232
337 2 1 1009786945 104972
337 2 2 1007646782 97792
337 2 3 1007311675 99872
337 2 4 1007204451 98882
338 2 1 990825058 99092
338 2 2 990047602 98622
338 2 3 990786595 98152
338 2 4 990511529 99422
339 2 1 1011459417 100071
339 2 2 1012351082 98632
339 2 3 1010958574 96432
339 2 4 1012232807 99122
340 2 1 1021967081 98462
340 2 2 1020797318 99302
340 2 3 1021597732 99782
340 2 4 1023904344 102112
341 2 1 1018719435 100352
341 2 2 1018132241 100191
341 2 3 1020613998 100762
341 2 4 1018751201 99632
342 2 1 1007282272 100012
342 2 2 1006567587 101352
342 2 3 1006962813 99742
342 2 4 1006390480 100022
343 2 1 995982172 102492
343 2 2 994213077 100422
343 2 3 993819828 100231
343 2 4 994512390 101272
344 2 1 1020242987 101832
344 2 2 1019095924 103132
344 2 3 1020601401 106592
344 2 4 1018072473 101952
345 2 1 1398592924 102042
345 2 2 1399578870 101382
345 2 3 1397866826 101692
345 2 4 1400224478 102312
346 2 1 979264277 103162
346 2 2 977240258 102342
346 2 3 977226426 102022
346 2 4 978135782 102142
347 2 1 1137438327 103842
347 2 2 1136440816 102792
347 2 3 1136099828 101412
347 2 4 1135931233 104302
348 2 1 1079570462 103362
348 2 2 1079570120 104812
348 2 3 1079421176 105302
348 2 4 1078809953 102262
349 2 1 1089921013 104642
349 2 2 1089157817 104082
349 2 3 1090270937 104282
349 2 4 1090539370 104552
350 2 1 1070155723 105682
350 2 2 1068121192 103822
350 2 3 1068797364 103292
350 2 4 1068952486 104782
351 2 1 1086034389 105692
351 2 2 1085333013 110333
351 2 3 1083584370 105032
351 2 4 1082411186 104642
352 2 1 1133500444 107382
352 2 2 1133543802 104112
352 2 3 1132303607 108152
352 2 4 1132866127 106552
353 2 1 1104077230 107172
353 2 2 1102449277 107202
353 2 3 1102629029 105882
353 2 4 1101716341 106152
354 2 1 1117285925 106782
354 2 2 1116120201 106092
354 2 3 1115623290 106932
354 2 4 1115957425 105782
355 2 1 1119650344 107752
355 2 2 1117249957 107772
355 2 3 1119227513 107042
355 2 4 1120678869 107312
356 2 1 1040774214 108062
356 2 2 1038551160 107902
356 2 3 1040016847 107502
356 2 4 1038409676 107972
357 2 1 1166422150 107892
357 2 2 1160661399 107852
357 2 3 1160357692 107502
357 2 4 1161605584 108822
358 2 1 1145659671 114052
358 2 2 1142693762 117712
358 2 3 1142455467 107862
358 2 4 1142412754 109032
359 2 1 1144020733 108972
359 2 2 1142470442 109232
359 2 3 1143146963 109812
359 2 4 1141436681 109052
360 2 1 1142744004 109352
360 2 2 1140910897 109232
360 2 3 1141247392 110113
360 2 4 1142234720 109062
361 2 1 1169194878 109642
361 2 2 1167188170 108222
361 2 3 1167318880 110002
361 2 4 1166687576 109772
362 2 1 1156577784 109822
362 2 2 1153793200 109882
362 2 3 1154022972 109553
362 2 4 1155170193 110012
363 2 1 1196427392 109712
363 2 2 1194721039 110712
363 2 3 1195525963 111342
363 2 4 1195969669 109782
364 2 1 1175194265 110722
364 2 2 1175587560 112143
364 2 3 1175948056 113462
364 2 4 1178425701 110652
365 2 1 1156029378 110622
365 2 2 1156141698 120002
365 2 3 1156126286 113352
365 2 4 1156813578 112582
366 2 1 1197666539 111342
366 2 2 1196378102 111473
366 2 3 1196768958 111662
366 2 4 1194698588 113292
367 2 1 1156404293 111692
367 2 2 1153610499 110422
367 2 3 1154884292 112422
367 2 4 1153439183 111192
368 2 1 1224162977 112062
368 2 2 1223299030 112172
368 2 3 1223406420 112422
368 2 4 1222852119 111723
369 2 1 1203995491 112042
369 2 2 1205551739 115372
369 2 3 1202257626 113532
369 2 4 1203429716 112243
370 2 1 1217012721 112722
370 2 2 1217110261 112212
370 2 3 1215608032 113552
370 2 4 1218273631 119542
371 2 1 1231441937 115012
371 2 2 1231420956 113292
371 2 3 1232220959 113272
371 2 4 1230304192 114142
372 2 1 1240857010 113862
372 2 2 1237984354 114302
372 2 3 1237496523 113702
372 2 4 1237426342 113852
373 2 1 1238595761 113892
373 2 2 1236157224 113362
373 2 3 1235319506 113782
373 2 4 1238125478 113802
374 2 1 1231510682 115532
374 2 2 1228627806 114612
374 2 3 1231409327 114352
374 2 4 1233289191 114382
375 2 1 1302496615 115862
375 2 2 1301477414 116722
375 2 3 1301606615 114822
375 2 4 1301361008 114993
376 2 1 1247043643 113672
376 2 2 1242981895 116002
376 2 3 1242306481 115742
376 2 4 1258070967 122973
377 2 1 1250572804 116712
377 2 2 1250248237 117133
377 2 3 1251183202 117012
377 2 4 1249568532 116692
378 2 1 1332822287 118062
378 2 2 1340000812 117102
378 2 3 1336025515 116612
378 2 4 1340059800 118212
379 2 1 1440269415 118963
379 2 2 1440392707 118742
379 2 3 1438765995 117552
379 2 4 1436659273 118323
380 2 1 1394937025 119412
380 2 2 1394899392 118472
380 2 3 1399962866 119242
380 2 4 1397601811 118282
381 2 1 1356384682 119143
381 2 2 1354621597 119482
381 2 3 1356946580 118312
381 2 4 1357454678 120912
382 2 1 1413338947 119212
382 2 2 1419005763 124532
382 2 3 1411919808 119322
382 2 4 1410897497 119542
383 2 1 1374307897 120322
383 2 2 1375752932 120982
383 2 3 1372869986 120982
383 2 4 1379987259 120953
384 2 1 1353218253 121602
384 2 2 1354935275 121183
384 2 3 1353449814 120443
384 2 4 1356908948 121573
385 2 1 1385704169 121482
385 2 2 1387556721 120172
385 2 3 1384104676 121712
385 2 4 1387528448 120092
386 2 1 1392009991 121142
386 2 2 1395668658 123062
386 2 3 1392331114 121282
386 2 4 1388620023 121412
387 2 1 1401703736 121643
387 2 2 1398200489 122433
387 2 3 1398190437 128742
387 2 4 1401086421 122483
388 2 1 1385321972 122803
388 2 2 1383298343 122972
388 2 3 1383916884 123142
388 2 4 1383061215 122303
389 2 1 1408531914 123003
389 2 2 1405997082 123462
389 2 3 1403147907 122532
389 2 4 1404476412 121983
390 2 1 1372060340 123422
390 2 2 1372260844 123112
390 2 3 1369703684 123273
390 2 4 1369167312 122932
391 2 1 1460034597 123742
391 2 2 1465925897 122833
391 2 3 1462514931 124072
391 2 4 1458896992 122643
392 2 1 1478565908 132753
392 2 2 1466792256 124012
392 2 3 1465835506 123712
392 2 4 1473938917 129413
393 2 1 1419651056 124742
393 2 2 1420842846 124683
393 2 3 1419163474 124573
393 2 4 1417997700 124562
394 2 1 1433320557 124403
394 2 2 1433756763 125442
394 2 3 1431862557 126452
394 2 4 1433637078 124213
395 2 1 1472371284 124912
395 2 2 1464715048 124973
395 2 3 1460613139 124313
395 2 4 1463091774 126782
396 2 1 1501270680 124782
396 2 2 1496054179 125783
396 2 3 1497435014 124592
396 2 4 1496683178 125222
397 2 1 1420216122 125203
397 2 2 1417548540 126412
397 2 3 1413923621 126432
397 2 4 1414971629 125612
398 2 1 1491110866 131823
398 2 2 1490322090 127402
398 2 3 1497044244 127022
398 2 4 1497225976 126293
399 2 1 1426000746 127673
399 2 2 1426276802 127822
399 2 3 1439633631 126782
399 2 4 1431353444 127152
400 2 1 1469349775 128463
400 2 2 1471051716 127692
400 2 3 1473034401 127722
400 2 4 1469583655 129072
1 3 1 121303 18150
1 3 2 85441 15060
1 3 3 85352 14881
1 3 4 83151 14850
2 3 1 118972 15490
2 3 2 116533 15440
2 3 3 115342 15410
2 3 4 116532 15400
3 3 1 246005 16101
3 3 2 245635 16650
3 3 3 240005 16090
3 3 4 244804 16010
4 3 1 495919 16480
4 3 2 483439 16280
4 3 3 476459 16140
4 3 4 472369 16290
5 3 1 977209 16480
5 3 2 978599 16480
5 3 3 958118 16981
5 3 4 949808 16510
6 3 1 1749523 16290
6 3 2 1741163 16250
6 3 3 1735092 16410
6 3 4 1725623 16151
7 3 1 2755402 16430
7 3 2 2734011 16260
7 3 3 2722101 16531
7 3 4 2724781 16451
8 3 1 4320161 16920
8 3 2 4290390 16270
8 3 3 4302790 16220
8 3 4 4288981 16140
9 3 1 6168686 16200
9 3 2 6167925 16391
9 3 3 6148155 16030
9 3 4 6146476 16230
10 3 1 8967987 16320
10 3 2 8944719 16070
10 3 3 8979108 18700
10 3 4 8954008 16260
11 3 1 12152538 17290
11 3 2 12135697 16600
11 3 3 12122437 17010
11 3 4 12130688 16931
12 3 1 16706013 16770
12 3 2 16671592 16640
12 3 3 16739924 16930
12 3 4 16703333 16880
13 3 1 20980263 16980
13 3 2 20987904 16871
13 3 3 20952623 16950
13 3 4 20962113 16830
14 3 1 26291772 17620
14 3 2 26216651 17370
14 3 3 26299033 17650
14 3 4 26246002 17590
15 3 1 34280872 17700
15 3 2 34232642 17901
15 3 3 34263162 17730
15 3 4 34264933 17981
16 3 1 41185032 18681
16 3 2 41266874 18741
16 3 3 41185312 18331
16 3 4 41181992 18560
17 3 1 50017537 20080
17 3 2 49925005 19450
17 3 3 49866184 18590
17 3 4 50039308 18920
18 3 1 59693308 19370
18 3 2 59805901 18740
18 3 3 59875602 19311
18 3 4 59835092 18911
19 3 1 73763372 20740
19 3 2 73780202 20550
19 3 3 73636770 20120
19 3 4 73760582 20030
20 3 1 83382393 21331
20 3 2 83475965 20360
20 3 3 83432573 20660
20 3 4 83384043 21560
21 3 1 98152619 21390
21 3 2 98160430 22880
21 3 3 98170110 21320
21 3 4 98172859 21480
22 3 1 115066346 23261
22 3 2 114894033 22361
22 3 3 114937405 23671
22 3 4 114921623 23250
23 3 1 134307667 23190
23 3 2 134352448 23241
23 3 3 134251036 24141
23 3 4 134465840 23390
24 3 1 156836959 24491
24 3 2 156720757 26051
24 3 3 156651275 24290
24 3 4 156509264 24870
25 3 1 179978703 31851
25 3 2 179699938 27590
25 3 3 179991103 27561
25 3 4 180069154 28370
26 3 1 193235122 31621
26 3 2 193473076 30730
26 3 3 193661970 30681
26 3 4 193405775 30711
27 3 1 222477149 31371
27 3 2 222750803 31760
27 3 3 222636773 31120
27 3 4 222561711 30390
28 3 1 242692128 32561
28 3 2 242744269 32011
28 3 3 242588405 32971
28 3 4 242896371 33490
29 3 1 278790034 34460
29 3 2 278791274 34090
29 3 3 278629641 34661
29 3 4 278637261 34931
30 3 1 330430181 36951
30 3 2 330116455 36951
30 3 3 330497532 34171
30 3 4 330577974 35571
31 3 1 346803018 37730
31 3 2 347255196 37131
31 3 3 347284175 38131
31 3 4 347592563 38880
32 3 1 387130633 40990
32 3 2 387324047 38781
32 3 3 387080253 38771
32 3 4 387316526 38621
33 3 1 423892181 41381
33 3 2 424583964 46441
33 3 3 424322329 42991
33 3 4 423601766 41161
34 3 1 456614164 43280
34 3 2 456324019 41961
34 3 3 456676745 43451
34 3 4 457146193 43321
35 3 1 509883111 46531
35 3 2 509975543 48611
35 3 3 510178206 46461
35 3 4 509728828 45500
36 3 1 559467538 49531
36 3 2 558031333 48761
36 3 3 559146813 48571
36 3 4 558698574 51091
37 3 1 595414861 50831
37 3 2 594323291 50131
37 3 3 594317360 51461
37 3 4 594433852 51181
38 3 1 692797175 55101
38 3 2 694446125 56201
38 3 3 693984646 54731
38 3 4 693676439 53711
39 3 1 721348058 61041
39 3 2 720998420 58511
39 3 3 723316484 60211
39 3 4 721526170 61341
40 3 1 808329725 66521
40 3 2 807269394 67111
40 3 3 808280364 66732
40 3 4 807233723 64681
41 3 1 850650806 70911
41 3 2 851112623 68621
41 3 3 850618944 67912
41 3 4 850904168 72682
42 3 1 918773268 75692
42 3 2 922885674 74061
42 3 3 919952939 74572
42 3 4 920217385 71201
43 3 1 961272932 78371
43 3 2 961407114 78181
43 3 3 962367221 79192
43 3 4 960794721 77631
44 3 1 1036773342 89082
44 3 2 1035052710 82591
44 3 3 1035659691 83671
44 3 4 1037311510 83372
45 3 1 1134969536 87341
45 3 2 1137417012 87102
45 3 3 1135907193 86542
45 3 4 1139262145 88631
46 3 1 1200198984 92142
46 3 2 1200056071 90312
46 3 3 1200817864 89391
46 3 4 1199918266 90932
47 3 1 1424104078 96471
47 3 2 1419775877 96832
47 3 3 1417080204 95182
47 3 4 1418343447 96092
48 3 1 1412415855 99011
48 3 2 1410331655 99542
48 3 3 1410437635 98202
48 3 4 1413022182 98991
49 3 1 1551904188 102862
49 3 2 1554979014 104372
49 3 3 1558716753 103972
49 3 4 1559779281 108862
50 3 1 1640436397 110372
50 3 2 1644871099 110432
50 3 3 1639415876 109012
50 3 4 1640870261 108252
51 3 1 1709224546 113473
51 3 2 1706084176 113172
51 3 3 1704926533 114222
51 3 4 1706186825 113912
52 3 1 1743573552 117852
52 3 2 1744811532 117882
52 3 3 1741808335 117452
52 3 4 1744716048 116852
53 3 1 1928304166 273055
53 3 2 1928135430 209424
53 3 3 1924192874 209324
53 3 4 1926889812 209854
54 3 1 1995179576 220164
54 3 2 1992481744 221054
54 3 3 1989231461 222414
54 3 4 1988032126 222684
55 3 1 2154264348 227054
55 3 2 2153053823 226294
55 3 3 2153199592 229594
55 3 4 2152978935 229404
56 3 1 2304877319 240414
56 3 2 2304169523 239975
56 3 3 2302048730 237184
56 3 4 2303760610 237925
57 3 1 2404351854 249754
57 3 2 2402687660 248184
57 3 3 2410002414 250724
57 3 4 2403744673 250925
58 3 1 2579722894 263315
58 3 2 2585631130 262794
58 3 3 2579562923 263395
58 3 4 2579099182 264805
59 3 1 2726820154 277535
59 3 2 2711183469 274435
59 3 3 2709155997 273695
59 3 4 2721580045 276496
60 3 1 3011227091 286605
60 3 2 3041454360 285356
60 3 3 3038552092 292376
60 3 4 3045230822 290595
61 3 1 3222835377 297365
61 3 2 3236146441 298845
61 3 3 3237300816 296685
61 3 4 3226023571 301015
62 3 1 3368541802 311536
62 3 2 3377262310 311126
62 3 3 3425885049 314125
62 3 4 3360726629 308025
63 3 1 3600154985 324086
63 3 2 3643864923 323066
63 3 3 3601002339 324507
63 3 4 3599327461 327486
64 3 1 3446218845 339696
64 3 2 3465460677 339686
64 3 3 3445144964 338726
64 3 4 3443749501 340766
65 3 1 3778168191 352186
65 3 2 3803586968 350586
65 3 3 3807611928 353387
65 3 4 3790146806 350657
66 3 1 4216488722 369607
66 3 2 4229606449 366707
66 3 3 4221938639 370266
66 3 4 4228073485 367987
67 3 1 4176243943 406748
67 3 2 4179882815 407168
67 3 3 4168788311 408347
67 3 4 4174567310 408107
68 3 1 4283907607 420718
68 3 2 4292264445 417338
68 3 3 4314257856 418538
68 3 4 4302565822 418488
69 3 1 4638778995 422208
69 3 2 4652088342 422948
69 3 3 4651683307 421228
69 3 4 4648231474 424327
70 3 1 4826270225 449499
70 3 2 4812909417 451489
70 3 3 4810467474 450368
70 3 4 4814000131 452729
71 3 1 4931223469 465088
71 3 2 4929587480 463908
71 3 3 4936992098 465809
71 3 4 4925955285 465268
72 3 1 5669635402 473389
72 3 2 5673766829 472389
72 3 3 5675506290 475779
72 3 4 5674793685 472829
73 3 1 5417206595 501839
73 3 2 5394953782 497119
73 3 3 5389278777 504140
73 3 4 5388735077 502600
74 3 1 5802378961 514529
74 3 2 5797664193 516379
74 3 3 5792902505 525380
74 3 4 5788798488 516040
75 3 1 6009832467 527640
75 3 2 6005094837 525679
75 3 3 6021478829 524490
75 3 4 6013389460 528870
76 3 1 6675470751 567720
76 3 2 6662583750 561931
76 3 3 6646872275 561281
76 3 4 6668780618 565801
77 3 1 6867641410 573291
77 3 2 6882269548 637542
77 3 3 6866903170 772035
77 3 4 6872286857 642012
78 3 1 6911873399 592100
78 3 2 6968617597 597121
78 3 3 6926313290 591111
78 3 4 6946809837 589321
79 3 1 7228357968 623082
79 3 2 7256180540 620251
79 3 3 7292483679 619981
79 3 4 7272289142 619491
80 3 1 7294254056 633692
80 3 2 7306216396 632192
80 3 3 7284179505 631831
80 3 4 7312806873 634352
81 3 1 7998013327 664712
81 3 2 7983215248 664082
81 3 3 8067674927 663673
81 3 4 7983996465 742894
82 3 1 8154358002 684153
82 3 2 8134956380 692013
82 3 3 8154260125 685703
82 3 4 8129821257 680093
83 3 1 8387550470 705443
83 3 2 8393708459 696573
83 3 3 8386936171 699583
83 3 4 8369264311 700973
84 3 1 8562134602 731014
84 3 2 8562016087 734874
84 3 3 8549881319 913987
84 3 4 8556068270 734684
85 3 1 9282665851 743404
85 3 2 9282929951 746744
85 3 3 9295316616 742974
85 3 4 9287382955 931447
86 3 1 9035995338 781994
86 3 2 9037475533 780725
86 3 3 9027872032 779994
86 3 4 9021484113 961818
87 3 1 9894595859 794055
87 3 2 9908400660 798485
87 3 3 9903624038 794725
87 3 4 9894718369 795574
88 3 1 9896332636 831446
88 3 2 9891300949 831635
88 3 3 9900628587 830416
88 3 4 9886539815 832255
89 3 1 10050531309 851916
89 3 2 10036581029 847186
89 3 3 10053366276 855065
89 3 4 10043499651 850636
90 3 1 10703513895 897317
90 3 2 10701593886 890087
90 3 3 10706751088 892286
90 3 4 10708185753 886036
91 3 1 11335331755 1086440
91 3 2 11544019700 899246
91 3 3 11586511719 898947
91 3 4 11540861195 899826
92 3 1 11589359045 939228
92 3 2 11613418406 935707
92 3 3 11580072029 941987
92 3 4 11580710859 941308
93 3 1 12378036743 959267
93 3 2 12442979684 961218
93 3 3 12404359651 968827
93 3 4 12384335729 964568
94 3 1 12735113881 1003119
94 3 2 12745790695 998988
94 3 3 12735783690 995220
94 3 4 12820419658 1001750
95 3 1 12726520693 1026550
95 3 2 12727783004 1019760
95 3 3 12726215669 1022860
95 3 4 12745663342 1024310
96 3 1 13509744429 1057551
96 3 2 13508338202 1069852
96 3 3 13532175738 1053811
96 3 4 13529344197 1050231
97 3 1 14772783049 1092461
97 3 2 14779779511 1094622
97 3 3 14804281726 1094122
97 3 4 14831727229 1090682
98 3 1 14579818463 1118832
98 3 2 14501819040 1114581
98 3 3 14513984581 1116122
98 3 4 14489806820 1118892
99 3 1 15137491120 1154412
99 3 2 15133517894 1155972
99 3 3 15123756148 1156593
99 3 4 15117703657 1154652
100 3 1 16235948198 1193313
100 3 2 16228649860 1187083
100 3 3 16230596416 1191063
100 3 4 16212909553 1186452
101 3 1 16054260201 1215544
101 3 2 16116457895 1411167
101 3 3 16051560849 1213653
101 3 4 16086897776 1223164
102 3 1 16913345629 1255444
102 3 2 16802856282 1256374
102 3 3 16828688276 1255334
102 3 4 16797901345 1260374
103 3 1 17707465080 1293655
103 3 2 17607711981 1289924
103 3 3 17650421798 1297234
103 3 4 17666162302 1295654
104 3 1 16891631639 1329335
104 3 2 16863625805 1327726
104 3 3 16897875985 1325695
104 3 4 16921254535 1324395
105 3 1 18431590167 1363546
105 3 2 18404388018 1364556
105 3 3 18423620862 1366546
105 3 4 18402876628 1365106
106 3 1 18689316841 1408127
106 3 2 18681190398 1405337
106 3 3 18729804057 1407057
106 3 4 18711860233 1407097
107 3 1 18881843580 1428747
107 3 2 18861916754 1430817
107 3 3 18849336384 1430387
107 3 4 18869699526 1432587
108 3 1 19697176567 1476687
108 3 2 19679386124 1480757
108 3 3 19729877655 1477148
108 3 4 19681408822 1479768
109 3 1 20216274078 1523628
109 3 2 20185970574 1524329
109 3 3 20172481181 1522288
109 3 4 20216257202 1524459
110 3 1 20751315563 1566999
110 3 2 20673356064 1564160
110 3 3 20727371828 1563709
110 3 4 20732257626 1565330
111 3 1 21949424677 1596530
111 3 2 21942992428 1598660
111 3 3 21961292349 1596940
111 3 4 21962132478 1599520
112 3 1 21704834513 1644661
112 3 2 21699466062 1646081
112 3 3 21690614833 1642800
112 3 4 21684006551 1643610
113 3 1 21823723070 1686791
113 3 2 21854252960 1689502
113 3 3 21828179117 1693871
113 3 4 21831150592 1692102
114 3 1 23132458222 1733852
114 3 2 23087572391 1731282
114 3 3 23114175867 1738392
114 3 4 23100189320 1732942
115 3 1 23705156180 1781033
115 3 2 24060959277 1775683
115 3 3 24080676697 1778733
115 3 4 24042256696 1779763
116 3 1 24782041161 1817614
116 3 2 24855991809 1826374
116 3 3 24828940235 1821784
116 3 4 24781679971 1819684
117 3 1 23802260488 1861974
117 3 2 23665933896 1857875
117 3 3 23713925422 1857394
117 3 4 23668395337 1858905
118 3 1 25856735365 1906126
118 3 2 25798945998 1900116
118 3 3 25876490396 1903465
118 3 4 25794533275 1911285
119 3 1 27649587191 1953896
119 3 2 27655257040 1952467
119 3 3 27602996904 1956006
119 3 4 27593537157 1958057
120 3 1 26591813677 2006857
120 3 2 26636856453 2008397
120 3 3 26614289168 2008688
120 3 4 26584400679 2005379
121 3 1 30338922565 2054069
121 3 2 30329134598 2062330
121 3 3 30305626125 2055729
121 3 4 30331100607 2055099
122 3 1 30920444497 2104791
122 3 2 30924872043 2104329
122 3 3 30915747674 2107370
122 3 4 30942419248 2105450
123 3 1 31120708464 2159101
123 3 2 31016502567 2160191
123 3 3 31001638630 2155601
123 3 4 31114648965 2154951
124 3 1 30654718140 2211201
124 3 2 30631755994 2208602
124 3 3 30664078620 2209572
124 3 4 30648497915 2207662
125 3 1 32982106862 2263783
125 3 2 33001378093 2267512
125 3 3 32979785024 2262172
125 3 4 32976067944 2266223
126 3 1 35708210169 2320463
126 3 2 35741991513 2317454
126 3 3 35768834741 2319184
126 3 4 35773579169 2321664
127 3 1 33935129224 2370284
127 3 2 33918441990 2375954
127 3 3 33918704641 2374075
127 3 4 33970821418 2374405
128 3 1 33864438381 2427645
128 3 2 33868533916 2426776
128 3 3 33868304045 2431505
128 3 4 33859835400 2426295
129 3 1 34294493168 2480746
129 3 2 34255377638 2475216
129 3 3 34338689638 2482226
129 3 4 34284951132 2479667
130 3 1 35637967235 2537387
130 3 2 35624721806 2536197
130 3 3 35683297095 2536177
130 3 4 35624162023 2535328
131 3 1 37409385331 2590618
131 3 2 37430374901 2591308
131 3 3 37439578238 2596528
131 3 4 37415814786 2596369
132 3 1 38309507880 2655460
132 3 2 38322482793 2663560
132 3 3 38212249300 2657270
132 3 4 38174270654 2660700
133 3 1 38814091218 2716500
133 3 2 38794579765 2714670
133 3 3 38759772329 2717741
133 3 4 38746066932 2732092
134 3 1 39234733956 2769632
134 3 2 39243698288 2766303
134 3 3 39271296543 2771751
134 3 4 39222789519 2766262
135 3 1 39057503688 2830893
135 3 2 39054170274 2836483
135 3 3 39099973800 2835812
135 3 4 39090153942 2841582
136 3 1 40091255614 2894534
136 3 2 40087998933 2896994
136 3 3 40173556856 2893513
136 3 4 40125178360 2893174
137 3 1 40912077364 2957996
137 3 2 40924934937 2960535
137 3 3 40863752917 2971235
137 3 4 40914174736 2968495
138 3 1 42517766386 3028796
138 3 2 42505106557 3024036
138 3 3 42493791241 3024847
138 3 4 42471943690 3027117
139 3 1 43576478832 3092967
139 3 2 43549895919 3094347
139 3 3 43693867819 3093237
139 3 4 43611748525 3094768
140 3 1 44359381809 3163489
140 3 2 44431290969 3160519
140 3 3 44350617753 3160129
140 3 4 44359237191 3163279
141 3 1 45490559009 3233810
141 3 2 45629748251 3227190
141 3 3 45585928981 3240511
141 3 4 45736320302 3227740
142 3 1 47800086579 3293251
142 3 2 48002537428 3295702
142 3 3 47733849393 3296121
142 3 4 47684995095 3294011
143 3 1 46112034304 3477525
143 3 2 46085848198 3472774
143 3 3 46075657841 3479335
143 3 4 46038389969 3476255
144 3 1 47779462535 3536476
144 3 2 47897196643 3536815
144 3 3 47854897816 3533936
144 3 4 47905685665 3537757
145 3 1 49163680630 3616058
145 3 2 49090274811 3619328
145 3 3 49074814937 3610787
145 3 4 48992605774 3621068
146 3 1 50646574784 3694799
146 3 2 51307496012 3689260
146 3 3 51239673494 3692335
146 3 4 51316882375 3691466
147 3 1 51144875886 3755617
147 3 2 51191224703 3747967
147 3 3 51215505053 3751197
147 3 4 51190867478 3754108
148 3 1 53707778822 3841059
148 3 2 53698368386 3831719
148 3 3 53711165041 3833940
148 3 4 53670939034 3843150
149 3 1 53441864113 3913041
149 3 2 53373471837 3914961
149 3 3 53389617324 3917971
149 3 4 53373402913 3913512
150 3 1 55367902729 3975833
150 3 2 55349271829 3973473
150 3 3 55393126916 3972913
150 3 4 55322268972 3977283
151 3 1 56960644689 4071135
151 3 2 56934808028 4068856
151 3 3 56943254796 4069515
151 3 4 56946508031 4084265
152 3 1 58795304276 4137876
152 3 2 58824279050 4137426
152 3 3 58825196308 4132756
152 3 4 58834157505 4133926
153 3 1 61847426403 4200868
153 3 2 61855672255 4202327
153 3 3 61796759601 4201548
153 3 4 61841466491 4202788
154 3 1 61603385029 4304980
154 3 2 61609123417 4299179
154 3 3 61827707257 4304150
154 3 4 62072520230 4308310
155 3 1 67776625146 4369101
155 3 2 67847778110 4372321
155 3 3 67718703484 4365481
155 3 4 67614286607 4361780
156 3 1 66045205205 4460283
156 3 2 65892933211 4459913
156 3 3 66207892164 4461723
156 3 4 65958795350 4462793
157 3 1 67321176814 4541194
157 3 2 67403459363 4542453
157 3 3 67571809622 4546954
157 3 4 67409500268 4537624
158 3 1 69534645425 4609996
158 3 2 69401695428 4618056
158 3 3 69308143889 4614606
158 3 4 69435933584 4606485
159 3 1 69294568551 4714528
159 3 2 69335274081 4718497
159 3 3 69431006819 4720547
159 3 4 69430092148 4715947
160 3 1 75349916798 4791638
160 3 2 75512396728 4786078
160 3 3 75397755888 4785558
160 3 4 75364763785 4790618
161 3 1 67125942003 4874900
161 3 2 66788408843 4879651
161 3 3 66766937155 4873640
161 3 4 66965050310 4880301
162 3 1 75538726313 4963201
162 3 2 75411567863 4966461
162 3 3 75597490937 4968372
162 3 4 75363124220 4964130
163 3 1 76098371164 5043892
163 3 2 76011545485 5044313
163 3 3 76233111652 5043002
163 3 4 75813320869 5055323
164 3 1 76831398601 5155075
164 3 2 76933800448 5156014
164 3 3 76959163647 5146065
164 3 4 76931889112 5152896
165 3 1 79550425584 5226107
165 3 2 79780109227 5236177
165 3 3 79491986138 5224976
165 3 4 79594539880 5225377
166 3 1 78488417152 5340529
166 3 2 78532806115 5337499
166 3 3 78349983706 5348418
166 3 4 78426032172 5336069
167 3 1 79348163535 5415769
167 3 2 79353270964 5419150
167 3 3 79292487267 5423500
167 3 4 79455458631 5419430
168 3 1 81001516098 5515121
168 3 2 81080800154 5521221
168 3 3 81151133130 5530232
168 3 4 81246166924 5515761
169 3 1 81988216642 5611404
169 3 2 82054976751 5611997
169 3 3 81977929250 5617717
169 3 4 82372076799 5612396
170 3 1 83034867630 5706388
170 3 2 82696428259 5716698
170 3 3 83065223169 5709958
170 3 4 82869822437 5712657
171 3 1 86012913026 5801369
171 3 2 85696907333 5808869
171 3 3 85655443239 5812559
171 3 4 85646734487 5815328
172 3 1 90010369490 5905490
172 3 2 89952759997 5914690
172 3 3 90035101514 5907399
172 3 4 89872640751 5917470
173 3 1 87690483937 6015042
173 3 2 87610477246 6015512
173 3 3 87645012418 6016072
173 3 4 87662725213 6013582
174 3 1 86584994361 6109484
174 3 2 86705435175 6100373
174 3 3 86622914897 5962090
174 3 4 86855720007 6103383
175 3 1 89558483818 6073343
175 3 2 89551114063 6215826
175 3 3 89858023655 6067473
175 3 4 89592239819 6066593
176 3 1 94020208487 6303548
176 3 2 93843396907 6305908
176 3 3 93784700182 6304197
176 3 4 93781714825 6300458
177 3 1 95660801590 5993352
177 3 2 95902156417 5991181
177 3 3 95824808762 6417089
177 3 4 95925835428 6423430
178 3 1 95975494482 6512772
178 3 2 96055569603 6083233
178 3 3 96069336478 6080193
178 3 4 95908957042 6364739
179 3 1 95156438324 6640353
179 3 2 95140327676 6629353
179 3 3 95128289525 6478470
179 3 4 95186466808 6054183
180 3 1 98277199004 6017361
180 3 2 98679494998 6735678
180 3 3 99363679631 6024885
180 3 4 100063549643 6732257
181 3 1 100967999066 6008213
181 3 2 113940741886 6909380
181 3 3 114372907466 6910900
181 3 4 117201430398 6914279
182 3 1 107271839739 6092994
182 3 2 105959105771 6099554
182 3 3 104401359382 6098244
182 3 4 103309555685 6961959
183 3 1 107583034945 6066933
183 3 2 103911384503 6072074
183 3 3 108132051185 7074313
183 3 4 104234719669 7082163
184 3 1 105099549733 7183193
184 3 2 106671415846 7196305
184 3 3 106791233800 7194073
184 3 4 139247025647 7255305
185 3 1 159032521733 7310639
185 3 2 115622673645 7301515
185 3 3 108895125627 7303051
185 3 4 106935223057 6036263
186 3 1 171408891563 7482520
186 3 2 161793536126 7431557
186 3 3 109959364684 7429976
186 3 4 109178553537 7421514
187 3 1 145033943577 7606288
187 3 2 161092101188 7533646
187 3 3 109096714096 7527155
187 3 4 107817238494 7542485
188 3 1 172504299063 7692588
188 3 2 134620274276 7655526
188 3 3 111481818936 7671916
188 3 4 134928663247 7688186
189 3 1 163239769782 7762605
189 3 2 113007214784 7766769
189 3 3 132065313526 7830185
189 3 4 156660815067 7762509
190 3 1 116397178782 7894908
190 3 2 131548956216 7954517
190 3 3 161791117394 7898043
190 3 4 118631887902 7899142
191 3 1 115717563684 6167185
191 3 2 138981810083 8015782
191 3 3 117018047650 8015891
191 3 4 116625315096 8016251
192 3 1 135060667809 8145403
192 3 2 122500845368 8144953
192 3 3 123550291226 8147133
192 3 4 123598975149 8148461
193 3 1 132227969001 8263193
193 3 2 132765727596 8269475
193 3 3 132863544350 8266413
193 3 4 132092236792 8269974
194 3 1 132238141878 8382046
194 3 2 132718649330 8384536
194 3 3 133147998760 8384656
194 3 4 133256921163 8380866
195 3 1 194587589229 8519608
195 3 2 134833468337 8525459
195 3 3 135379152240 6282894
195 3 4 166584010352 8530338
196 3 1 132011815241 6353275
196 3 2 131620087210 8650981
196 3 3 185634224293 8640230
196 3 4 154665928974 8705246
197 3 1 146342295860 8788430
197 3 2 183262605770 8774093
197 3 3 160726649345 8829345
197 3 4 139896947142 8763586
198 3 1 162855308828 8916829
198 3 2 140179648291 8904800
198 3 3 140043949720 8909430
198 3 4 164342407341 8910191
199 3 1 140359633873 9035523
199 3 2 140503625532 9032464
199 3 3 140654863152 9038474
199 3 4 140904411526 9043662
200 3 1 158173560490 9169351
200 3 2 158278607770 9182259
200 3 3 158287513587 9172156
200 3 4 158298983413 9169954
201 3 1 148545936037 9307116
201 3 2 148483370087 9311315
201 3 3 148742438763 9315384
201 3 4 148722815495 9306023
202 3 1 143362140499 9432436
202 3 2 143339911590 9427596
202 3 3 143391239402 9438325
202 3 4 143298741779 9439535
203 3 1 142667680246 9587366
203 3 2 142484784651 9577120
203 3 3 150258897247 9584424
203 3 4 155342131239 9578947
204 3 1 151471278062 9736152
204 3 2 151362124759 9721733
204 3 3 151565420032 9730585
204 3 4 151703547971 9729666
205 3 1 155187897140 9859098
205 3 2 154980433752 9854259
205 3 3 154896673200 9855869
205 3 4 154993067732 9859260
206 3 1 157123293255 10005333
206 3 2 157086777466 10006923
206 3 3 157471111854 10011930
206 3 4 157736621069 10011923
207 3 1 157378230343 10166198
207 3 2 156864472071 10150230
207 3 3 157197748973 10154121
207 3 4 156799684140 10150601
208 3 1 159400050522 10282673
208 3 2 159969816781 10285545
208 3 3 159546804338 10292036
208 3 4 159884150784 10290196
209 3 1 149034867417 10441269
209 3 2 148631080546 10440799
209 3 3 148698251089 10439228
209 3 4 149085906457 10442274
210 3 1 190206558780 10595118
210 3 2 190401394433 10594069
210 3 3 190235591726 10596139
210 3 4 190714564317 10598420
211 3 1 169253631754 10729812
211 3 2 168578900454 10739383
211 3 3 169261950658 10726483
211 3 4 169110464741 10729064
212 3 1 170424377409 10890767
212 3 2 169668133868 10897356
212 3 3 169665963165 10894203
212 3 4 169765046427 10884144
213 3 1 171756366192 11046737
213 3 2 171585393042 11048357
213 3 3 171718268567 11038388
213 3 4 171565939745 11051358
214 3 1 185580816758 11192282
214 3 2 185503620187 11198921
214 3 3 184846677444 11196732
214 3 4 184063908106 11195802
215 3 1 259209946726 32931943
215 3 2 173255022331 11342781
215 3 3 167487906645 11351321
215 3 4 291513491742 11454484
216 3 1 314281813773 11498946
216 3 2 175435198514 11505217
216 3 3 176299286732 11504556
216 3 4 217269672441 11571619
217 3 1 333978998543 11662130
217 3 2 171075062222 11654370
217 3 3 173363465211 11661114
217 3 4 173361759940 11656507
218 3 1 175713809126 11824001
218 3 2 222042814348 11870035
218 3 3 312359922035 11814910
218 3 4 175728879017 11820264
219 3 1 176592393171 11999535
219 3 2 176096179412 11992833
219 3 3 242591680192 12037222
219 3 4 292184887475 12004030
220 3 1 177931374699 12153567
220 3 2 179105517136 12149798
220 3 3 197190726236 12210670
220 3 4 303970721329 12215250
221 3 1 190048293214 12328573
221 3 2 177994445690 12329454
221 3 3 178718373000 12328082
221 3 4 178538198805 12336083
222 3 1 286906501278 12521157
222 3 2 234340337451 12484777
222 3 3 183974046307 12482406
222 3 4 183386039864 12473876
223 3 1 193552564662 12641821
223 3 2 193026573856 12646190
223 3 3 323459265278 12723652
223 3 4 193074694421 12636940
224 3 1 189491974576 12816893
224 3 2 190107761694 12831734
224 3 3 189651164060 12808883
224 3 4 190016398930 12816640
225 3 1 190295746039 13002867
225 3 2 189878217390 12998167
225 3 3 189948966922 13007124
225 3 4 190009215488 12997618
226 3 1 194960595550 13161865
226 3 2 242023135717 13162107
226 3 3 262023863808 13159079
226 3 4 194278079029 13165430
227 3 1 196577397789 13344755
227 3 2 196888146678 13349901
227 3 3 196644950148 13333379
227 3 4 196724014196 13344647
228 3 1 204385388578 13495792
228 3 2 204578403908 13508066
228 3 3 204293454333 13502588
228 3 4 204207181672 13511149
229 3 1 204667282898 13660973
229 3 2 204629370785 13676194
229 3 3 204666663643 13668784
229 3 4 204492007659 13677814
230 3 1 205341834948 13868127
230 3 2 205342014633 13861733
230 3 3 205852775990 13866987
230 3 4 205526972967 13863830
231 3 1 210699337147 14054935
231 3 2 210737758918 14045715
231 3 3 210627085968 14049676
231 3 4 210725998888 14048317
232 3 1 205861450655 14214270
232 3 2 205660607749 14214929
232 3 3 205334652387 14218454
232 3 4 205659494296 14212978
233 3 1 211441916997 14401385
233 3 2 214435927839 14405378
233 3 3 215395955878 14406919
233 3 4 214774317340 14405029
234 3 1 216703954608 14579273
234 3 2 258543677809 30389420
234 3 3 222526407216 14601505
234 3 4 222257845689 14583334
235 3 1 220135791983 14785568
235 3 2 224235461828 14775078
235 3 3 224069658310 14782318
235 3 4 223106276825 14781128
236 3 1 248485994474 14959971
236 3 2 230260397309 16930858
236 3 3 221336355872 14958442
236 3 4 220620772938 14953521
237 3 1 224857089609 15140145
237 3 2 224611612505 15143005
237 3 3 224149313479 15140555
237 3 4 254636306506 15146575
238 3 1 474544476010 19844853
238 3 2 428408940602 15412190
238 3 3 246312606823 17300507
238 3 4 228573938244 15335003
239 3 1 231402940541 15541936
239 3 2 231080858824 15534714
239 3 3 231076128915 15538324
239 3 4 230992980049 15525008
240 3 1 286171498493 15771770
240 3 2 464125599306 15789278
240 3 3 477148150200 15785960
240 3 4 461872126141 15819458
241 3 1 482539450041 16215455
241 3 2 439484617140 15927329
241 3 3 308820963677 15931828
241 3 4 241977236044 15913362
242 3 1 246357805286 16119007
242 3 2 246267570843 16125971
242 3 3 245351624792 16130896
242 3 4 243579269725 16122746
243 3 1 247211846469 16318564
243 3 2 246474916612 16325060
243 3 3 247444118608 16312688
243 3 4 247502523085 16320191
244 3 1 241343156867 16520292
244 3 2 241597664019 16521208
244 3 3 241607636191 16522799
244 3 4 241597057807 16525995
245 3 1 502314273262 16786947
245 3 2 550482880486 16802025
245 3 3 552952049450 16794678
245 3 4 560246486231 16765229
246 3 1 387152954480 17488694
246 3 2 282169681796 16919145
246 3 3 277031469759 16911894
246 3 4 297838742350 16915518
247 3 1 283292900564 17129424
247 3 2 283107892525 17137672
247 3 3 289285823236 17139026
247 3 4 293671664282 17135053
248 3 1 286407427815 17343162
248 3 2 278715399040 17340112
248 3 3 275397955726 17335396
248 3 4 294518668849 17407032
249 3 1 566351423266 17628468
249 3 2 495794672173 17680433
249 3 3 539537093545 17690341
249 3 4 368599156581 17545108
250 3 1 319397554443 17745469
250 3 2 302403557523 17745018
250 3 3 308480929804 17738506
250 3 4 322886173490 17760228
251 3 1 294318564459 17980982
251 3 2 291327903987 17957550
251 3 3 291627534577 17970201
251 3 4 293495555164 17977781
252 3 1 291776403693 18199425
252 3 2 295601648891 18197095
252 3 3 291062479283 18208038
252 3 4 350138990015 18229071
253 3 1 577354521716 18534014
253 3 2 392687261084 18394259
253 3 3 295944537320 18388342
253 3 4 293111020466 18395727
254 3 1 296860713512 18617692
254 3 2 460587016885 18656958
254 3 3 512992724511 18642680
254 3 4 294953389453 18610338
255 3 1 290801702649 18840962
255 3 2 290567325733 18831237
255 3 3 307337578244 18867505
255 3 4 476532021940 18874035
256 3 1 416932767016 19076296
256 3 2 284092687414 19081845
256 3 3 285634667661 19065545
256 3 4 284981526144 19085584
257 3 1 352032938884 19297498
257 3 2 471429771030 19251698
257 3 3 298491589866 19247107
257 3 4 303415389895 19239837
258 3 1 311535081845 19476801
258 3 2 338839474293 19534578
258 3 3 487939235494 19477874
258 3 4 307181554715 19466228
259 3 1 316372402318 19697746
259 3 2 317041726997 19703337
259 3 3 342953329183 19746892
259 3 4 470713721416 19696232
260 3 1 301757304369 19951603
260 3 2 303971714069 19956075
260 3 3 305951515993 19952628
260 3 4 304387496734 19947558
261 3 1 302229538815 20178358
261 3 2 302266457870 20168168
261 3 3 301430854976 20202040
261 3 4 302053468178 20177416
262 3 1 333928948885 20382733
262 3 2 358724230882 20376436
262 3 3 399314690413 20386708
262 3 4 373747072881 20433842
263 3 1 340883425948 20624712
263 3 2 325212324459 20628256
263 3 3 304063934163 20615087
263 3 4 325196033969 20621068
264 3 1 342715475339 20855719
264 3 2 341263844674 20881518
264 3 3 426839857562 36570898
264 3 4 443249573882 20900260
265 3 1 401680263583 21106753
265 3 2 309863535956 21120593
265 3 3 512902347343 21114090
265 3 4 301542153460 21118401
266 3 1 505591926406 21359987
266 3 2 322221212688 21368296
266 3 3 485129434254 21354383
266 3 4 322396572689 21345948
267 3 1 403978211711 21615383
267 3 2 387478597888 21571692
267 3 3 334449879108 21570769
267 3 4 415300649098 21649928
268 3 1 360259638646 21808210
268 3 2 339861653522 21803501
268 3 3 340910262296 21811607
268 3 4 460603683680 21808001
269 3 1 323692294859 22043978
269 3 2 324893015712 22045035
269 3 3 324397877081 22053391
269 3 4 324513272861 22047775
270 3 1 335880418836 22303717
270 3 2 335723382223 22311901
270 3 3 335789954019 22321954
270 3 4 417840094836 22318221
271 3 1 416346391984 22555361
271 3 2 412836719710 22553341
271 3 3 367344922306 22556580
271 3 4 346304764342 22558634
272 3 1 448168968355 42580093
272 3 2 378293039423 22912774
272 3 3 628890832569 22839272
272 3 4 403993101410 22891745
273 3 1 538224336801 23078630
273 3 2 452117794950 23121454
273 3 3 425091508935 23075827
273 3 4 468007597796 23081652
274 3 1 365137573498 23330223
274 3 2 415868684327 23384159
274 3 3 457679231700 23332324
274 3 4 364908167725 23337726
275 3 1 460182670083 23569081
275 3 2 362637950192 23581501
275 3 3 364281383570 23580488
275 3 4 364542951293 23577413
276 3 1 376246059710 23811145
276 3 2 442559135531 23807629
276 3 3 439770425179 23812120
276 3 4 440322813586 23812969
277 3 1 392450166950 24074987
277 3 2 373213382806 24080257
277 3 3 522376368792 42463361
277 3 4 458035878522 24113255
278 3 1 563335049641 24316410
278 3 2 485046980953 24398792
278 3 3 471142679406 24313560
278 3 4 510553072175 24302870
279 3 1 378076003364 24581664
279 3 2 514316642544 24580619
279 3 3 440538639875 24567717
279 3 4 500095423957 24618523
280 3 1 498309702610 24874096
280 3 2 475586050797 24824694
280 3 3 452180373175 24834826
280 3 4 407932856469 24826344
281 3 1 541648702268 26876099
281 3 2 667827772345 25125764
281 3 3 512990266283 25097489
281 3 4 431098775789 25141062
282 3 1 678652781256 25389386
282 3 2 412108478636 25368596
282 3 3 543379279781 25446343
282 3 4 545042276910 25379046
283 3 1 478448858623 25715526
283 3 2 620634847069 25653319
283 3 3 406640148857 25719155
283 3 4 633511070973 25687740
284 3 1 421457014886 25918255
284 3 2 388221776836 25902855
284 3 3 605038486922 25965256
284 3 4 474482306124 25911224
285 3 1 404109348637 26231798
285 3 2 567831174905 26196695
285 3 3 480989229787 26259325
285 3 4 582734443160 26231086
286 3 1 479954686653 26508389
286 3 2 459846491046 26466558
286 3 3 486463425942 26550944
286 3 4 415739148314 26465002
287 3 1 403655200475 26736248
287 3 2 478711152978 28552330
287 3 3 620832166635 26817105
287 3 4 674775078277 26751885
288 3 1 475467543326 27075390
288 3 2 847398273403 27037712
288 3 3 455784241841 27022949
288 3 4 691959929564 27107299
289 3 1 618917893784 27300715
289 3 2 520120929819 27337723
289 3 3 745083354428 27297126
289 3 4 420392394279 27295171
290 3 1 498169261198 27614041
290 3 2 765971139730 27572982
290 3 3 422858539450 27579884
290 3 4 427022510465 27587214
291 3 1 548798343121 27906952
291 3 2 665792401482 27913598
291 3 3 560010824802 27878431
291 3 4 432049802817 27876736
292 3 1 426917037331 28149417
292 3 2 424633671458 28146579
292 3 3 605915581490 28185176
292 3 4 593300074430 28141056
293 3 1 591285073295 28484944
293 3 2 524750200629 28418706
293 3 3 499801684009 28417207
293 3 4 498988323365 28463959
294 3 1 542305279061 28746778
294 3 2 647265318440 28720379
294 3 3 536994832361 28713371
294 3 4 580432405079 28713849
295 3 1 448003600483 29006454
295 3 2 609854348374 29007714
295 3 3 454737425855 29011414
295 3 4 603241625174 29081245
296 3 1 635899462100 29369982
296 3 2 547096937938 29313040
296 3 3 674456410754 29343519
296 3 4 660843059804 29322246
297 3 1 464559136204 29635485
297 3 2 460867360609 29632900
297 3 3 502848253725 29693644
297 3 4 536737069302 29650569
298 3 1 464781051536 29937854
298 3 2 466593331460 29935938
298 3 3 537957541730 29955158
298 3 4 515330710853 29935395
299 3 1 455825824691 30260140
299 3 2 461443450116 30254609
299 3 3 462668263911 30239810
299 3 4 462136461009 30243215
300 3 1 510717387990 30542127
300 3 2 507708287935 30548847
300 3 3 504673928668 30551592
300 3 4 494106486778 30534367
301 3 1 450832161151 30851800
301 3 2 452333872469 30868088
301 3 3 452231365761 30860591
301 3 4 452351762242 30861853
302 3 1 473988059251 31170785
302 3 2 481976881427 31167898
302 3 3 480818088962 31158299
302 3 4 480251183197 31163541
303 3 1 478536275048 31491079
303 3 2 477972371412 31466888
303 3 3 477031797925 31460625
303 3 4 474009745585 31488044
304 3 1 495513357947 31775858
304 3 2 495718826864 31784261
304 3 3 495481765029 31783010
304 3 4 484888428362 31787989
305 3 1 503531623309 32052014
305 3 2 502691705043 32038641
305 3 3 500025838763 32045012
305 3 4 499233772740 32051302
306 3 1 501800693211 32704366
306 3 2 501608314449 32714037
306 3 3 501638981055 32710810
306 3 4 501690004986 32705245
307 3 1 518199475279 33035969
307 3 2 518272402191 33032742
307 3 3 518244309416 33031285
307 3 4 518101514487 33033286
308 3 1 509877684793 33337375
308 3 2 510080395794 33334789
308 3 3 568293552676 33330609
308 3 4 615656815675 33321498
309 3 1 646097430134 33676554
309 3 2 655027228022 33661182
309 3 3 514382382808 33670421
309 3 4 678257507321 55249913
310 3 1 1033883754256 33989435
310 3 2 703973282534 34080528
310 3 3 839899872858 33988152
310 3 4 906257540782 33977922
311 3 1 739594463379 34384819
311 3 2 771258293005 34296623
311 3 3 873502052086 34302803
311 3 4 585758994383 34294961
312 3 1 653749157825 34692980
312 3 2 737511981604 34640128
312 3 3 593779423246 34694151
312 3 4 759858599488 34632342
313 3 1 820467198036 34954196
313 3 2 805858070941 34956776
313 3 3 668430106149 34950797
313 3 4 722544046924 35070271
314 3 1 759358374093 35308581
314 3 2 812324921334 35297006
314 3 3 675154554042 35297601
314 3 4 782054163108 35359410
315 3 1 748554487279 35699658
315 3 2 716121506199 35627105
315 3 3 762685256429 35625455
315 3 4 690347894274 35619705
316 3 1 609510910115 50736741
316 3 2 747740117193 36040221
316 3 3 741819406941 35957354
316 3 4 877347308747 35959356
317 3 1 738500636718 36406416
317 3 2 887618815250 36410567
317 3 3 917464469729 36300774
317 3 4 967076828924 36310190
318 3 1 707977277388 36686618
318 3 2 781764591361 36673516
318 3 3 744686683335 36645128
318 3 4 750662707431 36619631
319 3 1 651893607589 36983514
319 3 2 788788143644 37039761
319 3 3 854595671300 36983819
319 3 4 1047837515416 36978857
320 3 1 774390108129 37397561
320 3 2 760840921624 37396023
320 3 3 1042232683803 37345936
320 3 4 734435765156 37400241
321 3 1 732383545718 37693352
321 3 2 737166353393 37732093
321 3 3 730931562870 37681314
321 3 4 729654461802 37781736
322 3 1 889073115563 38051569
322 3 2 770357800866 38058792
322 3 3 684123711743 38005009
322 3 4 761974832795 38064163
323 3 1 887227102702 38414780
323 3 2 804418629729 38397941
323 3 3 901937056953 38424737
323 3 4 836774201945 38348079
324 3 1 743136836006 38701459
324 3 2 810009195408 38724328
324 3 3 778253638327 38740090
324 3 4 723564862606 38812976
325 3 1 988866483458 39058452
325 3 2 976938208128 39067090
325 3 3 863528563840 39179524
325 3 4 858224533195 39126624
326 3 1 1018054379044 39491734
326 3 2 1023466532109 39409961
326 3 3 881360883708 39409108
326 3 4 672506596231 39416119
327 3 1 684086237721 39774533
327 3 2 683855011224 39766800
327 3 3 684310432384 39774053
327 3 4 684374085786 39769605
328 3 1 632007390548 40118081
328 3 2 630300429729 40114502
328 3 3 631589806692 40118100
328 3 4 631454515713 40131519
329 3 1 648080707515 40498728
329 3 2 701861942860 40486261
329 3 3 771299205883 40531986
329 3 4 846016832253 40498811
330 3 1 725660569882 41281140
330 3 2 872093968960 40857253
330 3 3 733096145315 40853420
330 3 4 833945724007 40859848
331 3 1 808353380923 41273898
331 3 2 810670567861 41231444
331 3 3 791551556761 41246004
331 3 4 783076004154 41225522
332 3 1 746432000515 41600299
332 3 2 902194159547 41664710
332 3 3 712730849272 41604779
332 3 4 768357470788 41599648
333 3 1 796534777484 41974375
333 3 2 973914391221 42025634
333 3 3 802142753047 41972173
333 3 4 921166966770 41982567
334 3 1 833854618667 42381876
334 3 2 884560706723 42341033
334 3 3 887145943804 42355017
334 3 4 816399227390 42343581
335 3 1 738073046800 42754481
335 3 2 782468220820 42716085
335 3 3 766272786310 42730134
335 3 4 749385873163 42714817
336 3 1 854366514043 43090827
336 3 2 967189135076 43090674
336 3 3 855341615578 43139716
336 3 4 743188646926 43091372
337 3 1 695126703372 43459080
337 3 2 694225541819 43459677
337 3 3 695471275570 43456701
337 3 4 693852243989 43462927
338 3 1 637012632362 43852326
338 3 2 636743586208 43851735
338 3 3 637164124399 43854470
338 3 4 636387513066 43853798
339 3 1 710649541198 44231721
339 3 2 711109888211 44252057
339 3 3 796231745344 44237472
339 3 4 814610223933 44243292
340 3 1 799727562073 44636940
340 3 2 951510773816 44647562
340 3 3 922877503987 44635107
340 3 4 944502790281 44628885
341 3 1 827051865849 45036293
341 3 2 851674645894 45055072
341 3 3 793475443318 45050208
341 3 4 817637986071 45167113
342 3 1 814744270367 45447164
342 3 2 828716678528 45444789
342 3 3 829027040874 45441668
342 3 4 943761062040 45440609
343 3 1 804547643815 45815517
343 3 2 783012821072 45794996
343 3 3 730691972722 45798848
343 3 4 813007927044 45843867
344 3 1 883031495838 46251012
344 3 2 845620456174 46206365
344 3 3 974911315282 46219517
344 3 4 883078430210 46267510
345 3 1 922919075227 46605544
345 3 2 845268658506 46599016
345 3 3 859560245598 46598674
345 3 4 829199624458 46607625
346 3 1 984162845215 47018422
346 3 2 976780515320 47014934
346 3 3 968128612440 47034857
346 3 4 1158797823879 47016657
347 3 1 967972011302 47413209
347 3 2 818569327243 47420917
347 3 3 738300303353 47411644
347 3 4 738826333865 47428026
348 3 1 755714724793 47819588
348 3 2 757037639510 47840471
348 3 3 756046360170 47826157
348 3 4 756082146051 47827677
349 3 1 756321530008 48239066
349 3 2 755546597733 48240691
349 3 3 755720878700 48244811
349 3 4 756195317193 48234374
350 3 1 827841781479 48661992
350 3 2 827893728527 48658882
350 3 3 827512063469 48649122
350 3 4 827803201256 48647122
351 3 1 742379391282 49057398
351 3 2 742381832031 49070499
351 3 3 742367852756 49063415
351 3 4 742277813697 49067677
352 3 1 763313444472 49480591
352 3 2 763802643266 49489417
352 3 3 763352998601 49502414
352 3 4 763746827514 49496414
353 3 1 781990615866 49909744
353 3 2 781939368303 49909248
353 3 3 782017155017 49906967
353 3 4 781936098533 49900308
354 3 1 780270114709 50307412
354 3 2 780257742837 50318521
354 3 3 780378856526 50310310
354 3 4 780422412250 50313436
355 3 1 802822188173 50722433
355 3 2 802889741376 50732325
355 3 3 802172336874 50722193
355 3 4 802490569129 50725375
356 3 1 796381890774 51140374
356 3 2 796272161768 51146448
356 3 3 796420483614 51145880
356 3 4 884140197018 51151501
357 3 1 997954073468 51587829
357 3 2 1165521717250 51590799
357 3 3 1103641445305 51586216
357 3 4 1071536026392 51584348
358 3 1 1025855117328 52094653
358 3 2 966030117047 52031751
358 3 3 939331947033 52019962
358 3 4 943459145656 52025550
359 3 1 1039711966758 52438567
359 3 2 1239106715077 52450763
359 3 3 1099870764172 52452287
359 3 4 1041699992330 52434155
360 3 1 968355650890 52881371
360 3 2 974512667639 52887935
360 3 3 939796857188 52888875
360 3 4 1006990162232 52872897
361 3 1 979689393277 53390076
361 3 2 996851897022 53371082
361 3 3 1145322344409 53352441
361 3 4 1049368700910 53508600
362 3 1 982994791914 53788040
362 3 2 1000703826589 53773455
362 3 3 1149368990326 53765307
362 3 4 1018278907053 53869894
363 3 1 1082141140182 54207688
363 3 2 1212645004441 54191908
363 3 3 951307617296 54310229
363 3 4 1098485970816 54190898
364 3 1 1124283086165 54687308
364 3 2 1085606950802 54635767
364 3 3 1048523734467 54635684
364 3 4 1039214694451 54629636
365 3 1 1029204869000 55120888
365 3 2 980338784553 55112819
365 3 3 1097811655829 55128869
365 3 4 1087502126206 55124698
366 3 1 1067619992749 73175311
366 3 2 1297120905184 55673068
366 3 3 1379357773855 55637162
366 3 4 1388652366255 55641759
367 3 1 1091195209758 55997390
367 3 2 1019783855354 56043680
367 3 3 1193560454314 56024849
367 3 4 1182179297396 56336782
368 3 1 1111909552846 56558117
368 3 2 1289669194580 56442349
368 3 3 1155354523558 56574938
368 3 4 1137109253493 56511742
369 3 1 1203098917101 56962250
369 3 2 1438756068640 57319208
369 3 3 993708659001 58725884
369 3 4 900833268034 56924923
370 3 1 832922243497 57385963
370 3 2 833862884592 57389062
370 3 3 832746194975 57398686
370 3 4 833513877508 57386029
371 3 1 909812661571 57831067
371 3 2 908576666624 57833601
371 3 3 907190416777 57823540
371 3 4 906237294967 57829272
372 3 1 907435131823 58268924
372 3 2 907196390435 58265009
372 3 3 907043244244 58283291
372 3 4 906991469375 58289670
373 3 1 898618663904 58737091
373 3 2 898456589504 58741269
373 3 3 899133548253 58747207
373 3 4 898765647103 58746173
374 3 1 910671408829 59241884
374 3 2 911125546515 59224103
374 3 3 909609452051 59232442
374 3 4 909865199752 59226094
375 3 1 971142737005 59745673
375 3 2 971266101199 59751831
375 3 3 971217464666 59736329
375 3 4 970910134916 59750241
376 3 1 879911322387 60212610
376 3 2 879926178767 60183079
376 3 3 879686079906 60201179
376 3 4 879378784205 60194918
377 3 1 926362103532 60660717
377 3 2 926380720028 60666091
377 3 3 926498178284 60645280
377 3 4 926403670205 60657889
378 3 1 956483006622 61104089
378 3 2 958884092997 61092612
378 3 3 955656836336 61109483
378 3 4 956048777360 61502726
379 3 1 947771713965 61579490
379 3 2 973878270211 61648211
379 3 3 1031733667379 61604204
379 3 4 1055827759942 61578535
380 3 1 1089523046029 62103775
380 3 2 1023404936522 62083401
380 3 3 996368166622 62093919
380 3 4 995157644836 62089177
381 3 1 1058233216915 62602626
381 3 2 1054233845486 62612616
381 3 3 1077187453745 62602068
381 3 4 1114423011936 62600801
382 3 1 1079081899692 63088582
382 3 2 1086269383967 63086430
382 3 3 1280111479111 63950846
382 3 4 1402074024706 63200910
383 3 1 1181354353217 63582263
383 3 2 1212773600349 63706638
383 3 3 1004596717798 63585424
383 3 4 982921375352 63588468
384 3 1 1012747986380 64080711
384 3 2 1157312968830 64199906
384 3 3 1214289810730 64087529
384 3 4 1005286981577 64080333
385 3 1 1001146497818 64539508
385 3 2 1017836796455 64591995
385 3 3 1309980688664 64545029
385 3 4 1000880733938 64533193
386 3 1 1002619485695 65035754
386 3 2 1002777741218 65012171
386 3 3 1153741199544 65017219
386 3 4 1003190328294 65023554
387 3 1 1056060611834 65533681
387 3 2 1056143082168 65523423
387 3 3 1166138889124 65520674
387 3 4 1068033558636 65537338
388 3 1 1381091800992 66010998
388 3 2 1433882895469 66134648
388 3 3 1528094179328 66078640
388 3 4 1354701842995 66006251
389 3 1 1199045829389 66557291
389 3 2 1139884903554 66673609
389 3 3 1531573256871 66639341
389 3 4 1147396059923 66539660
390 3 1 1060833170502 67060839
390 3 2 1061342801169 67060163
390 3 3 1060690415756 67053632
390 3 4 1061151519316 67076283
391 3 1 1076645912320 67579260
391 3 2 1073733084081 67564961
391 3 3 1072238726483 67570913
391 3 4 1072454742817 67577453
392 3 1 1190638691558 68081002
392 3 2 1190709337675 68084697
392 3 3 1190571274189 68089691
392 3 4 1190679546074 68082129
393 3 1 1138939299588 68588364
393 3 2 1139475357475 68585133
393 3 3 1139264275276 68592350
393 3 4 1139590849866 68578507
394 3 1 1197999779839 69129606
394 3 2 1197512943987 69114399
394 3 3 1196542664747 69129161
394 3 4 1196179795305 69117718
395 3 1 1246412152976 69645844
395 3 2 1246028087240 69638094
395 3 3 1246038869980 69646015
395 3 4 1245801011781 69643899
396 3 1 1382201697988 70234043
396 3 2 1420381236404 70148414
396 3 3 1550063517895 70159697
396 3 4 1442959478236 70149391
397 3 1 1586253591691 70678549
397 3 2 1524551971229 70695399
397 3 3 1710822416176 70730255
397 3 4 1512266114047 70700607
398 3 1 1351065393511 71221379
398 3 2 1829994552485 71293580
398 3 3 1809793050991 86803162
398 3 4 2034104290799 71338220
399 3 1 2045223269526 71794570
399 3 2 1575847920238 71755413
399 3 3 1480270076036 71748450
399 3 4 1411322996077 71758600
400 3 1 1510122055526 72331850
400 3 2 1676432207839 72996359
400 3 3 1585050045682 72736563
400 3 4 1758192842165 75728783
