1 2 1 6858970 197964
1 2 2 127992 43130
1 2 3 121072 41181
1 2 4 120123 42981
2 2 1 124363 44791
2 2 2 123532 39271
2 2 3 121252 40360
2 2 4 116982 41321
3 2 1 128253 42071
3 2 2 122922 41550
3 2 3 122062 41841
3 2 4 122363 42411
4 2 1 130232 42211
4 2 2 136613 40341
4 2 3 137512 40741
4 2 4 133572 39781
5 2 1 148313 42811
5 2 2 148893 40591
5 2 3 148973 40180
5 2 4 147103 40491
6 2 1 162463 42820
6 2 2 162733 41921
6 2 3 158263 41951
6 2 4 156993 42521
7 2 1 176653 40661
7 2 2 179814 42871
7 2 3 175833 42000
7 2 4 173273 40020
8 2 1 192114 43591
8 2 2 189283 42141
8 2 3 191314 42340
8 2 4 190424 40891
9 2 1 205433 45400
9 2 2 219394 44921
9 2 3 217394 43461
9 2 4 214114 43221
10 2 1 236724 46631
10 2 2 249195 43980
10 2 3 246575 46161
10 2 4 245254 42391
11 2 1 277256 49971
11 2 2 281175 46871
11 2 3 265415 43511
11 2 4 262685 46571
12 2 1 290826 49391
12 2 2 313346 47281
12 2 3 302106 47001
12 2 4 298096 46190
13 2 1 328446 46081
13 2 2 316126 47841
13 2 3 326656 45090
13 2 4 325506 42681
14 2 1 357667 45491
14 2 2 357337 49471
14 2 3 358187 43891
14 2 4 359317 43521
15 2 1 430288 46750
15 2 2 377707 42151
15 2 3 369187 44771
15 2 4 366317 44791
16 2 1 399098 50541
16 2 2 439248 45751
16 2 3 438029 47481
16 2 4 435848 45721
17 2 1 466429 47231
17 2 2 469559 43311
17 2 3 466179 44360
17 2 4 459269 45931
18 2 1 507789 47061
18 2 2 529560 45381
18 2 3 519750 44011
18 2 4 514620 42531
19 2 1 559341 48681
19 2 2 596121 47951
19 2 3 575191 45411
19 2 4 569401 42840
20 2 1 655342 48391
20 2 2 637642 46181
20 2 3 640922 46831
20 2 4 635802 45241
21 2 1 712553 47661
21 2 2 637932 47780
21 2 3 624382 45060
21 2 4 657752 46351
22 2 1 690933 41901
22 2 2 679783 41670
22 2 3 669033 41441
22 2 4 678393 43670
23 2 1 727384 40601
23 2 2 726113 37611
23 2 3 710753 35861
23 2 4 712163 37351
24 2 1 776064 40930
24 2 2 784415 37831
24 2 3 777904 37590
24 2 4 769825 37381
25 2 1 840286 45680
25 2 2 852116 38041
25 2 3 836955 37471
25 2 4 831745 39460
26 2 1 904647 45941
26 2 2 920558 41771
26 2 3 900538 38101
26 2 4 912918 40821
27 2 1 983749 45561
27 2 2 1001388 38920
27 2 3 980069 38500
27 2 4 983139 41711
28 2 1 1056050 42611
28 2 2 1056660 38671
28 2 3 1064020 40840
28 2 4 1065550 37951
29 2 1 1242333 43580
29 2 2 1215333 42181
29 2 3 1197113 41281
29 2 4 1209063 41880
30 2 1 1285714 43541
30 2 2 1163802 39631
30 2 3 1136382 42851
30 2 4 1141271 39900
31 2 1 1194823 43461
31 2 2 1228274 41901
31 2 3 1207443 38750
31 2 4 1201753 38891
32 2 1 1281054 46610
32 2 2 1284724 39710
32 2 3 1243083 40801
32 2 4 1254924 41691
33 2 1 1338435 43471
33 2 2 1389147 43471
33 2 3 1543299 44771
33 2 4 1422747 41161
34 2 1 1494848 43811
34 2 2 1508509 41781
34 2 3 1470567 45311
34 2 4 1486288 42991
35 2 1 1524569 50630
35 2 2 1618321 46551
35 2 3 1601771 40841
35 2 4 1594891 44511
36 2 1 1678361 48701
36 2 2 1702882 48251
36 2 3 1656281 45431
36 2 4 1637081 48001
37 2 1 1720122 57001
37 2 2 1812564 53951
37 2 3 1775973 46421
37 2 4 1771844 55691
38 2 1 1858006 56931
38 2 2 1933336 50471
38 2 3 1892886 46570
38 2 4 1898286 48690
39 2 1 1990218 59751
39 2 2 2016579 55351
39 2 3 1981147 52641
39 2 4 1971867 53781
40 2 1 2218631 54771
40 2 2 2214312 51981
40 2 3 2265363 54371
40 2 4 2161571 53701
41 2 1 2354215 51471
41 2 2 2187182 47051
41 2 3 2089139 45741
41 2 4 2077540 46481
42 2 1 2164612 58831
42 2 2 2232542 55351
42 2 3 2200142 54941
42 2 4 2208783 46761
43 2 1 2281853 56221
43 2 2 2307834 53791
43 2 3 2296093 51541
43 2 4 2277513 52061
44 2 1 2350545 50051
44 2 2 2398625 52791
44 2 3 2380855 50151
44 2 4 2367865 47691
45 2 1 2412356 59391
45 2 2 2514938 52991
45 2 3 2478298 59511
45 2 4 2474066 48961
46 2 1 2562469 62092
46 2 2 2617780 54661
46 2 3 2583149 47631
46 2 4 2577059 52431
47 2 1 2686961 59122
47 2 2 2714692 52271
47 2 3 2651600 51251
47 2 4 2647110 51291
48 2 1 2763493 57581
48 2 2 2733171 52331
48 2 3 2644541 48041
48 2 4 2706301 48631
49 2 1 2791902 62311
49 2 2 2864104 53411
49 2 3 2855453 55731
49 2 4 2859344 56451
50 2 1 2960426 65331
50 2 2 2972016 58601
50 2 3 2955686 54601
50 2 4 2940056 53131
51 2 1 3060478 57541
51 2 2 3068008 55831
51 2 3 3061089 52631
51 2 4 3061258 53411
52 2 1 3146150 60561
52 2 2 3145720 51470
52 2 3 3130769 53541
52 2 4 3122779 55871
53 2 1 3234661 58981
53 2 2 3219201 51901
53 2 3 3183211 51211
53 2 4 3170559 48511
54 2 1 3279433 59041
54 2 2 3346223 55021
54 2 3 3324603 53921
54 2 4 3303893 55171
55 2 1 3427375 66891
55 2 2 3453506 57101
55 2 3 3471976 60381
55 2 4 3428115 55061
56 2 1 3605769 62691
56 2 2 3616018 62331
56 2 3 3603498 57191
56 2 4 3578637 55401
57 2 1 3751070 59331
57 2 2 3686800 57101
57 2 3 3692100 58361
57 2 4 3687600 54731
58 2 1 4077527 48421
58 2 2 4164589 46521
58 2 3 3926084 55141
58 2 4 3936724 56071
59 2 1 4036836 58961
59 2 2 4044876 51381
59 2 3 4018126 48571
59 2 4 4029427 56641
60 2 1 4155709 56181
60 2 2 4138189 54121
60 2 3 4203690 53671
60 2 4 4112858 53111
61 2 1 4235290 53041
61 2 2 4429384 49451
61 2 3 4177839 51801
61 2 4 4174880 50661
62 2 1 4307152 54501
62 2 2 4343263 52541
62 2 3 4313161 49360
62 2 4 4311282 48361
63 2 1 4450165 54691
63 2 2 4477105 48521
63 2 3 4449154 50941
63 2 4 4452375 51881
64 2 1 4557176 52911
64 2 2 4615828 54571
64 2 3 4560826 49971
64 2 4 4578537 51521
65 2 1 4699908 53381
65 2 2 4724260 49231
65 2 3 4708729 50921
65 2 4 4706269 52991
66 2 1 4847622 58732
66 2 2 4845042 53641
66 2 3 5036666 57901
66 2 4 4900253 50191
67 2 1 5020316 58281
67 2 2 5033196 51711
67 2 3 5027605 60531
67 2 4 5030695 52011
68 2 1 5157457 54371
68 2 2 5190628 55401
68 2 3 5157007 52391
68 2 4 5133007 51130
69 2 1 5298630 58921
69 2 2 5448773 56731
69 2 3 5237400 60181
69 2 4 5251579 50401
70 2 1 5399962 53411
70 2 2 5412063 55951
70 2 3 5401963 52471
70 2 4 5413072 52601
71 2 1 5528785 58851
71 2 2 5559715 54281
71 2 3 5547556 59971
71 2 4 5564406 54281
72 2 1 5721218 65392
72 2 2 5718518 55671
72 2 3 5708188 53551
72 2 4 5699257 55431
73 2 1 5880612 61501
73 2 2 5889412 58561
73 2 3 6077225 61311
73 2 4 5924501 63101
74 2 1 6270749 65351
74 2 2 6010294 56381
74 2 3 6013843 52821
74 2 4 6003404 60011
75 2 1 6162547 62372
75 2 2 6153706 52511
75 2 3 6147536 59471
75 2 4 6149007 55381
76 2 1 6302510 59811
76 2 2 6297518 59101
76 2 3 6315850 56341
76 2 4 6278229 55621
77 2 1 6443702 59872
77 2 2 6484802 57051
77 2 3 6467113 58591
77 2 4 6837820 59601
78 2 1 7062553 61541
78 2 2 6733048 60391
78 2 3 6722498 62451
78 2 4 6706947 72602
79 2 1 7066924 69341
79 2 2 7077864 63171
79 2 3 7021202 65041
79 2 4 7080985 71521
80 2 1 7258307 79771
80 2 2 7169216 64051
80 2 3 7146645 67951
80 2 4 7160505 64351
81 2 1 7326728 66411
81 2 2 7485632 69702
81 2 3 7395920 66101
81 2 4 7546343 65771
82 2 1 7900820 51041
82 2 2 8224396 51731
82 2 3 7768417 66092
82 2 4 7925361 66571
83 2 1 8105854 63211
83 2 2 8046161 64891
83 2 3 8033792 79812
83 2 4 8014662 67491
84 2 1 8196996 73792
84 2 2 8199405 69682
84 2 3 8127264 66491
84 2 4 11097230 247685
85 2 1 8326268 55951
85 2 2 8361919 61991
85 2 3 8362298 58161
85 2 4 8362908 60121
86 2 1 8509881 57571
86 2 2 8584563 65742
86 2 3 8536501 65181
86 2 4 8542972 64032
87 2 1 8679944 64611
87 2 2 8754316 64031
87 2 3 8710755 63011
87 2 4 8881088 65981
88 2 1 9026981 60881
88 2 2 8929499 59601
88 2 3 8921039 65501
88 2 4 8878079 66722
89 2 1 9073721 60221
89 2 2 9041011 60782
89 2 3 8981830 60141
89 2 4 9003840 65731
90 2 1 9167594 61781
90 2 2 9177764 59681
90 2 3 9425899 65462
90 2 4 9230364 59651
91 2 1 9410769 65841
91 2 2 9572761 63451
91 2 3 9384238 69161
91 2 4 9387228 63261
92 2 1 9548261 61362
92 2 2 9523370 60591
92 2 3 9511110 58761
92 2 4 9575762 63321
93 2 1 9702934 59571
93 2 2 9766584 58481
93 2 3 9737225 62831
93 2 4 10026760 59631
94 2 1 10088941 62492
94 2 2 9905467 61541
94 2 3 9931458 63721
94 2 4 9873708 58711
95 2 1 10090131 57842
95 2 2 10116522 70111
95 2 3 10132912 61991
95 2 4 10155082 67301
96 2 1 10289654 58371
96 2 2 10454799 66731
96 2 3 10343886 59011
96 2 4 10354946 67842
97 2 1 10622201 63191
97 2 2 10483079 61451
97 2 3 10520969 68751
97 2 4 10570061 67341
98 2 1 10674282 65591
98 2 2 10682682 62701
98 2 3 10647412 73991
98 2 4 10719394 62601
99 2 1 10829395 62821
99 2 2 11096460 68182
99 2 3 11045499 66541
99 2 4 10866405 66601
100 2 1 11070430 68012
100 2 2 11072799 61612
100 2 3 11043999 61321
100 2 4 11043840 61142
101 2 1 11220832 64621
101 2 2 11228612 70761
101 2 3 11441077 65201
101 2 4 11329914 73522
102 2 1 11496878 68732
102 2 2 11309864 58941
102 2 3 11416017 62331
102 2 4 11456097 60421
103 2 1 11666581 63951
103 2 2 11624350 68631
103 2 3 11645530 67671
103 2 4 11649541 69581
104 2 1 44061204 12920775
104 2 2 24778929 66312
104 2 3 12025128 66721
104 2 4 12052739 62351
105 2 1 12066978 66861
105 2 2 12024798 62771
105 2 3 12058318 65921
105 2 4 12020999 69892
106 2 1 12241002 66891
106 2 2 12289702 70521
106 2 3 12246381 63632
106 2 4 12508817 67501
107 2 1 12523857 65572
107 2 2 12603929 65271
107 2 3 12465166 65901
107 2 4 12298213 69741
108 2 1 12561368 67831
108 2 2 12680669 66511
108 2 3 12676460 67601
108 2 4 12701861 66271
109 2 1 13101238 72801
109 2 2 12978586 69731
109 2 3 13083867 69181
109 2 4 12927355 63621
110 2 1 13108588 68541
110 2 2 13335802 73641
110 2 3 13102578 67251
110 2 4 13043517 63631
111 2 1 13250500 70042
111 2 2 13586067 64292
111 2 3 13451815 67771
111 2 4 13426005 67981
112 2 1 13735490 80371
112 2 2 13767900 78372
112 2 3 13579858 80221
112 2 4 13512226 79701
113 2 1 13992626 81631
113 2 2 13775161 84042
113 2 3 13813192 92302
113 2 4 13700610 83662
114 2 1 14343461 88142
114 2 2 14196539 82251
114 2 3 14263170 82762
114 2 4 14027336 81151
115 2 1 15210489 55821
115 2 2 15472574 57901
115 2 3 14917712 69591
115 2 4 14985084 69572
116 2 1 15436452 76742
116 2 2 15372390 78171
116 2 3 15568085 75102
116 2 4 15348540 79052
117 2 1 15498763 66252
117 2 2 15542364 66572
117 2 3 15489334 68381
117 2 4 15485343 67552
118 2 1 15920951 76422
118 2 2 15926111 72692
118 2 3 15689767 77171
118 2 4 15746418 73701
119 2 1 16029724 75772
119 2 2 16029984 73161
119 2 3 16036784 71291
119 2 4 16235158 80312
120 2 1 48364986 72501
120 2 2 16485532 73111
120 2 3 16391221 72621
120 2 4 16187797 76131
121 2 1 17712276 67131
121 2 2 16391981 76381
121 2 3 16517943 71771
121 2 4 16648185 74121
122 2 1 16848180 70711
122 2 2 16697996 69892
122 2 3 16729867 77081
122 2 4 16717127 69071
123 2 1 16981292 80342
123 2 2 17172255 71862
123 2 3 17108524 66921
123 2 4 16913991 70992
124 2 1 17146875 71321
124 2 2 17207156 71121
124 2 3 17202135 79091
124 2 4 17493521 77491
125 2 1 17735127 78221
125 2 2 17567573 80212
125 2 3 17541632 81412
125 2 4 17683405 79891
126 2 1 17778847 83491
126 2 2 17970411 85211
126 2 3 17971540 76742
126 2 4 17776596 81812
127 2 1 17998471 79232
127 2 2 17977180 79772
127 2 3 17968990 80412
127 2 4 18242706 86242
128 2 1 18489630 77242
128 2 2 18277556 76262
128 2 3 18261605 78141
128 2 4 50030258 78141
129 2 1 18599312 84972
129 2 2 18695404 74451
129 2 3 18465370 74701
129 2 4 18429870 73161
130 2 1 18655553 83511
130 2 2 18686904 87051
130 2 3 18994570 79222
130 2 4 19045471 81261
131 2 1 26600324 79521
131 2 2 19055391 80121
131 2 3 19070420 81031
131 2 4 19326877 98172
132 2 1 19489439 79471
132 2 2 19332486 84681
132 2 3 19344476 88452
132 2 4 19554361 97382
133 2 1 19653032 82861
133 2 2 28253315 86362
133 2 3 19792205 81642
133 2 4 19607231 80611
134 2 1 19871286 82962
134 2 2 19861266 86971
134 2 3 19840845 94822
134 2 4 20003189 88031
135 2 1 20137081 82171
135 2 2 20140811 89882
135 2 3 20168982 85601
135 2 4 20385076 89852
136 2 1 20466787 96051
136 2 2 20651561 85522
136 2 3 20387006 82602
136 2 4 20430887 90842
137 2 1 52179599 96571
137 2 2 20695602 93502
137 2 3 20785884 84941
137 2 4 20564980 84412
138 2 1 20854495 92321
138 2 2 20827634 86062
138 2 3 21104471 85572
138 2 4 21141540 80002
139 2 1 21180032 97572
139 2 2 21218431 87822
139 2 3 21280102 94792
139 2 4 21445966 93381
140 2 1 26194396 87401
140 2 2 21457076 90842
140 2 3 21516088 88401
140 2 4 21565728 91212
141 2 1 21947546 86202
141 2 2 21979596 85651
141 2 3 21787683 85752
141 2 4 21885565 83391
142 2 1 22030787 83601
142 2 2 24766729 92862
142 2 3 22273352 106462
142 2 4 22057077 89561
143 2 1 26007132 91071
143 2 2 22363804 90422
143 2 3 22594258 96022
143 2 4 22587147 89722
144 2 1 23239200 89951
144 2 2 22678240 88612
144 2 3 22593717 90161
144 2 4 22848682 90872
145 2 1 23162689 86652
145 2 2 22857143 99322
145 2 3 22997365 90572
145 2 4 22879254 88981
146 2 1 26349419 94681
146 2 2 23447614 90752
146 2 3 23187979 85552
146 2 4 23225570 89222
147 2 1 23519205 89082
147 2 2 23749560 91422
147 2 3 23734849 89571
147 2 4 23461684 94922
148 2 1 23800471 92562
148 2 2 23764940 96072
148 2 3 24054706 90582
148 2 4 24030464 90712
149 2 1 25151227 89481
149 2 2 24105967 92721
149 2 3 24108507 88122
149 2 4 24251369 101022
150 2 1 24604866 100452
150 2 2 24389703 97062
150 2 3 24408673 92072
150 2 4 24413162 87261
151 2 1 25048574 94091
151 2 2 24887281 91272
151 2 3 24656617 93652
151 2 4 24714008 102122
152 2 1 25109266 98162
152 2 2 25139076 91922
152 2 3 24915032 96302
152 2 4 35222717 92892
153 2 1 58009260 12918124
153 2 2 49948736 92052
153 2 3 25302410 96872
153 2 4 25217908 94101
154 2 1 25397512 93552
154 2 2 25708557 91872
154 2 3 25698527 91231
154 2 4 25516773 88642
155 2 1 25832180 88532
155 2 2 25973962 103402
155 2 3 26121794 99322
155 2 4 25933721 90152
156 2 1 26166166 101812
156 2 2 26418550 97692
156 2 3 26399790 103862
156 2 4 26216546 103212
157 2 1 57723674 111633
157 2 2 28410379 96952
157 2 3 26587064 93841
157 2 4 26402380 92271
158 2 1 26722496 95392
158 2 2 27016422 97841
158 2 3 29068271 95752
158 2 4 26742556 98562
159 2 1 27497181 132372
159 2 2 27040842 139743
159 2 3 27064312 130642
159 2 4 27127435 130493
160 2 1 27534521 138083
160 2 2 27574042 129473
160 2 3 29311275 135712
160 2 4 27483751 131663
161 2 1 27929179 138143
161 2 2 27579523 139093
161 2 3 27691664 132982
161 2 4 27643574 136353
162 2 1 28176624 164593
162 2 2 28245745 135893
162 2 3 31856173 129702
162 2 4 28055962 132833
163 2 1 29605870 78151
163 2 2 30718223 81772
163 2 3 60523596 12986516
163 2 4 32188459 98872
164 2 1 29994058 96992
164 2 2 29747903 95532
164 2 3 29943348 97101
164 2 4 29804414 110832
165 2 1 30137221 115742
165 2 2 30461387 105022
165 2 3 30387836 103792
165 2 4 30152400 92491
166 2 1 33201179 102122
166 2 2 30803723 96642
166 2 3 30714192 98452
166 2 4 30512227 99022
167 2 1 30804784 105792
167 2 2 31160640 99492
167 2 3 31049468 98952
167 2 4 30842334 107222
168 2 1 31152780 99141
168 2 2 34890321 101472
168 2 3 31372624 98232
168 2 4 31175551 95792
169 2 1 31412465 102622
169 2 2 31778732 103932
169 2 3 31673440 100522
169 2 4 31485166 99061
170 2 1 31789682 102012
170 2 2 33887312 101492
170 2 3 32037627 100352
170 2 4 31871343 98441
171 2 1 31923185 107822
171 2 2 32428684 96422
171 2 3 32414554 108263
171 2 4 32324572 100632
172 2 1 32439574 101692
172 2 2 63958812 12875384
172 2 3 45498662 283076
172 2 4 32614728 98082
173 2 1 32739099 89431
173 2 2 32758451 101872
173 2 3 32930794 99792
173 2 4 32830512 102902
174 2 1 33090987 97231
174 2 2 33507725 289316
174 2 3 33199449 97592
174 2 4 33152408 99082
175 2 1 33439383 101192
175 2 2 33476064 95112
175 2 3 36140644 95712
175 2 4 33500175 287615
176 2 1 33764619 105502
176 2 2 33857462 99722
176 2 3 34015094 97872
176 2 4 34367061 104422
177 2 1 34144737 96962
177 2 2 34404041 99332
177 2 3 36724786 104082
177 2 4 34130266 96972
178 2 1 34703698 101292
178 2 2 34649916 99242
178 2 3 34485933 101301
178 2 4 34623616 93902
179 2 1 34791030 104992
179 2 2 34843521 101412
179 2 3 66325736 2243402
179 2 4 34700847 97001
180 2 1 35604434 100292
180 2 2 35174946 97911
180 2 3 35112996 102262
180 2 4 35148606 107662
181 2 1 35490772 94361
181 2 2 35549363 105072
181 2 3 35691176 285825
181 2 4 35789448 109642
182 2 1 35684376 99812
182 2 2 36249546 101552
182 2 3 35917881 99682
182 2 4 35852079 119003
183 2 1 36466501 294385
183 2 2 37153313 103202
183 2 3 36216836 104722
183 2 4 40316364 102362
184 2 1 36582633 104442
184 2 2 36745106 100702
184 2 3 36471861 98682
184 2 4 36772717 107642
185 2 1 36823657 98952
185 2 2 38850045 104672
185 2 3 37205245 97231
185 2 4 36895608 98492
186 2 1 37629392 117742
186 2 2 37312477 116323
186 2 3 37289906 104132
186 2 4 37762276 126803
187 2 1 37777695 116712
187 2 2 40953096 115332
187 2 3 38198363 107362
187 2 4 37783846 110642
188 2 1 38038990 112342
188 2 2 38319256 301425
188 2 3 38163582 118342
188 2 4 38013000 107322
189 2 1 38579651 114842
189 2 2 39336315 110842
189 2 3 38514830 103632
189 2 4 38377087 118092
190 2 1 39235253 117262
190 2 2 39131961 122242
190 2 3 38741764 114532
190 2 4 39081601 118133
191 2 1 39155592 111112
191 2 2 42595647 105902
191 2 3 39368175 115712
191 2 4 39274384 104832
192 2 1 39505768 113772
192 2 2 39921836 110342
192 2 3 39477547 118042
192 2 4 70702430 13205591
193 2 1 71040886 13075148
193 2 2 70636528 12903644
193 2 3 70874932 12974715
193 2 4 70725899 12864113
194 2 1 77346195 12927875
194 2 2 77962916 19355737
194 2 3 72068775 12955445
194 2 4 71846021 12919274
195 2 1 73537213 19387308
195 2 2 78092579 13021597
195 2 3 71604547 12922475
195 2 4 77929556 12941315
196 2 1 71984763 13009056
196 2 2 77982098 12943365
196 2 3 71612706 6628616
196 2 4 71887571 6639776
197 2 1 62831060 9187344
197 2 2 40738162 115362
197 2 3 41299882 114712
197 2 4 41123760 107092
198 2 1 42101098 126143
198 2 2 41833932 109232
198 2 3 41624619 113743
198 2 4 42109677 116952
199 2 1 42186839 105502
199 2 2 42128828 135733
199 2 3 43819890 111212
199 2 4 42156379 126713
200 2 1 42441864 124192
200 2 2 42918523 118873
200 2 3 42532816 111232
200 2 4 42597887 104692
201 2 1 42786440 117402
201 2 2 43354090 111092
201 2 3 42744369 113602
201 2 4 43061705 117992
202 2 1 43144647 133442
202 2 2 43739598 121492
202 2 3 44594145 118913
202 2 4 43290740 121162
203 2 1 47390757 119703
203 2 2 43841201 124143
203 2 3 43715868 113652
203 2 4 44238659 167213
204 2 1 44194937 110312
204 2 2 44028194 120652
204 2 3 44550343 115332
204 2 4 44343250 106842
205 2 1 44360360 123192
205 2 2 44898570 115312
205 2 3 44661196 127722
205 2 4 44457842 115502
206 2 1 45286838 115202
206 2 2 45061244 121952
206 2 3 44844239 109592
206 2 4 45405160 121692
207 2 1 45384150 113612
207 2 2 45272217 118772
207 2 3 45724836 132503
207 2 4 45233927 126653
208 2 1 45357499 128982
208 2 2 45674965 125332
208 2 3 45633374 123252
208 2 4 50760071 135013
209 2 1 46122873 123972
209 2 2 46145974 124812
209 2 3 46598913 121582
209 2 4 53578254 118962
210 2 1 46482670 132133
210 2 2 46473950 137032
210 2 3 46983000 145442
210 2 4 46692655 128423
211 2 1 46893408 132303
211 2 2 47369827 120923
211 2 3 49795103 127552
211 2 4 46977300 130013
212 2 1 47434208 127023
212 2 2 47512629 132093
212 2 3 47369407 132013
212 2 4 47810135 133703
213 2 1 50700590 124153
213 2 2 47750124 134313
213 2 3 50819502 122232
213 2 4 47849437 131013
214 2 1 48144483 147022
214 2 2 48609951 123022
214 2 3 48436478 124903
214 2 4 48145522 130852
215 2 1 48955807 141453
215 2 2 48555900 140223
215 2 3 48843215 136083
215 2 4 48563350 133372
216 2 1 49096261 139793
216 2 2 49049489 139283
216 2 3 49206172 120652
216 2 4 49253343 144713
217 2 1 49354254 133273
217 2 2 49487817 147103
217 2 3 49966977 128092
217 2 4 49542878 144983
218 2 1 50152720 162113
218 2 2 50055318 136183
218 2 3 49959747 129442
218 2 4 50065578 151003
219 2 1 50400965 128462
219 2 2 50652439 127563
219 2 3 53534303 139443
219 2 4 51493396 144003
220 2 1 50806612 152252
220 2 2 51112498 153323
220 2 3 50887215 139362
220 2 4 51042246 139262
221 2 1 51126438 141933
221 2 2 51461254 153043
221 2 3 51224531 125742
221 2 4 51585068 125492
222 2 1 51697629 135022
222 2 2 52015265 135063
222 2 3 51743950 128382
222 2 4 53904431 127633
223 2 1 52111987 136872
223 2 2 52312081 151753
223 2 3 52864811 138043
223 2 4 52399513 134792
224 2 1 52474514 217374
224 2 2 52721379 222534
224 2 3 52890242 220884
224 2 4 52410413 228364
225 2 1 53016754 249005
225 2 2 52772430 215774
225 2 3 53193677 262135
225 2 4 53843329 221564
226 2 1 53557065 218394
226 2 2 55942380 236065
226 2 3 84870268 13005786
226 2 4 57265965 231585
227 2 1 53472642 227895
227 2 2 53951112 238315
227 2 3 54268908 223974
227 2 4 54067144 223704
228 2 1 54300799 224255
228 2 2 54498513 218975
228 2 3 53967821 217984
228 2 4 54420252 241015
229 2 1 57338786 217004
229 2 2 54854329 219214
229 2 3 55300477 219635
229 2 4 54809928 226175
230 2 1 56857947 110962
230 2 2 59285873 109682
230 2 3 56832497 135672
230 2 4 58173442 137533
231 2 1 60834933 137602
231 2 2 94932798 6615055
231 2 3 58528078 130762
231 2 4 57992859 130672
232 2 1 58608410 317236
232 2 2 58403656 145123
232 2 3 58804134 136253
232 2 4 58683871 136312
233 2 1 59465026 349557
233 2 2 58956587 156963
233 2 3 59154880 348296
233 2 4 58995408 165483
234 2 1 59632150 134303
234 2 2 95521319 150543
234 2 3 59784462 132173
234 2 4 59493187 119152
235 2 1 59970877 141133
235 2 2 59771772 126842
235 2 3 60138600 137872
235 2 4 59815022 140112
236 2 1 90480753 17934950
236 2 2 61561576 140653
236 2 3 60668620 131252
236 2 4 60658268 141893
237 2 1 60695809 140633
237 2 2 60931505 141793
237 2 3 60782751 153353
237 2 4 61104608 333767
238 2 1 61169019 141863
238 2 2 61719129 130712
238 2 3 61224219 137173
238 2 4 61294731 139663
239 2 1 61623637 135633
239 2 2 61992584 137822
239 2 3 65050312 138473
239 2 4 62710788 168493
240 2 1 62205408 138283
240 2 2 63108975 149253
240 2 3 62133017 150432
240 2 4 64467801 148103
241 2 1 62471593 139833
241 2 2 62654717 135883
241 2 3 62582095 141953
241 2 4 64556573 143082
242 2 1 66833546 134962
242 2 2 63207788 149132
242 2 3 63020004 137633
242 2 4 63309789 151833
243 2 1 63396571 147563
243 2 2 63689976 175904
243 2 3 63468473 150832
243 2 4 65698194 150933
244 2 1 64046863 151373
244 2 2 63851499 140893
244 2 3 65162604 147823
244 2 4 67063350 151143
245 2 1 64273687 152293
245 2 2 75768265 16588614
245 2 3 63632825 164763
245 2 4 65098263 141563
246 2 1 64547693 153903
246 2 2 65056742 149142
246 2 3 66797095 144913
246 2 4 65100493 150323
247 2 1 65595993 137952
247 2 2 65611523 152923
247 2 3 65243796 157033
247 2 4 65786616 141283
248 2 1 66901376 147443
248 2 2 67292785 153803
248 2 3 65842167 144073
248 2 4 66051591 149443
249 2 1 66227344 168743
249 2 2 67177732 185634
249 2 3 66288496 150782
249 2 4 66614371 167694
250 2 1 66952469 150603
250 2 2 67165522 150343
250 2 3 66840546 158633
250 2 4 67065051 143992
251 2 1 67190303 152593
251 2 2 67486209 332296
251 2 3 67398906 163693
251 2 4 103686234 13014477
252 2 1 98375853 12949674
252 2 2 69341154 134702
252 2 3 67535700 130343
252 2 4 67837875 145012
253 2 1 68139811 136402
253 2 2 68496597 141363
253 2 3 70612247 136753
253 2 4 72020205 334697
254 2 1 68649080 159683
254 2 2 69238372 141152
254 2 3 68676550 146083
254 2 4 69873513 328217
255 2 1 71058246 158803
255 2 2 69790822 149443
255 2 3 69132910 139103
255 2 4 70430134 332406
256 2 1 69624709 143002
256 2 2 70190399 138653
256 2 3 69748871 139953
256 2 4 71033296 140553
257 2 1 70124418 136672
257 2 2 70541215 150142
257 2 3 72157156 155503
257 2 4 71329731 350347
258 2 1 84274716 148213
258 2 2 71399052 158903
258 2 3 70707990 150112
258 2 4 74004612 357257
259 2 1 71140598 165933
259 2 2 71569115 196494
259 2 3 71307040 155093
259 2 4 74153675 353046
260 2 1 107952575 12988276
260 2 2 101521614 9320905
260 2 3 72363230 146813
260 2 4 71559945 143393
261 2 1 72541633 154983
261 2 2 72449041 160083
261 2 3 72678556 162293
261 2 4 72285559 148823
262 2 1 75082352 352117
262 2 2 72782488 169263
262 2 3 73373749 156733
262 2 4 72789800 148333
263 2 1 77180831 338267
263 2 2 74779387 141193
263 2 3 73853569 151943
263 2 4 73381511 150783
264 2 1 103445309 153833
264 2 2 73844019 139912
264 2 3 74323567 329437
264 2 4 73653745 140163
265 2 1 78220062 153223
265 2 2 74086974 152173
265 2 3 75056922 154093
265 2 4 74266117 145872
266 2 1 76410997 343307
266 2 2 110803249 6605396
266 2 3 110981291 12924205
266 2 4 80559006 143743
267 2 1 75174923 154993
267 2 2 75938599 156393
267 2 3 76400297 149192
267 2 4 75874087 173434
268 2 1 75619902 155243
268 2 2 77864955 353047
268 2 3 75748484 156353
268 2 4 76152712 352017
269 2 1 76262394 155743
269 2 2 79867472 153333
269 2 3 78673201 167723
269 2 4 77113030 153503
270 2 1 76880906 151883
270 2 2 77536589 153843
270 2 3 76832295 154653
270 2 4 77360515 153373
271 2 1 77257533 191894
271 2 2 78102639 169863
271 2 3 79402344 171244
271 2 4 78138811 166913
272 2 1 80058617 164303
272 2 2 78603179 169464
272 2 3 79546267 167173
272 2 4 78324203 163023
273 2 1 78332173 160573
273 2 2 79264051 171643
273 2 3 80200429 175343
273 2 4 79101698 173593
274 2 1 78752352 166434
274 2 2 79486065 161263
274 2 3 79050207 156553
274 2 4 79643338 170253
275 2 1 79466025 179613
275 2 2 80135028 185364
275 2 3 79428754 170063
275 2 4 80725419 168143
276 2 1 79861013 170993
276 2 2 80723859 164333
276 2 3 79984685 166463
276 2 4 83873529 179194
277 2 1 82548843 163724
277 2 2 81197588 166464
277 2 3 80395673 166913
277 2 4 117562837 18553101
278 2 1 80725709 159073
278 2 2 81119357 161693
278 2 3 81188598 165203
278 2 4 81018894 165903
279 2 1 82197117 180173
279 2 2 81439882 207544
279 2 3 82733767 176723
279 2 4 81518404 182363
280 2 1 82794037 168374
280 2 2 84706144 165243
280 2 3 83785788 167223
280 2 4 82030614 167333
281 2 1 83960721 197494
281 2 2 82430391 167033
281 2 3 83811279 174013
281 2 4 82546063 163113
282 2 1 83036822 170994
282 2 2 83395260 171894
282 2 3 87279943 183404
282 2 4 86792094 160073
283 2 1 84371318 166253
283 2 2 83608624 168133
283 2 3 85754355 178274
283 2 4 83681866 169633
284 2 1 84983890 168613
284 2 2 84289457 172953
284 2 3 87584709 172713
284 2 4 84168364 168923
285 2 1 85553431 169614
285 2 2 84678364 171704
285 2 3 86088901 189453
285 2 4 84909877 171344
286 2 1 86018710 178183
286 2 2 86039889 199313
286 2 3 87461197 180673
286 2 4 85501719 175214
287 2 1 86736503 162633
287 2 2 88705080 173204
287 2 3 87481347 179044
287 2 4 85941758 172303
288 2 1 87311364 169473
288 2 2 86500949 172603
288 2 3 88767062 187604
288 2 4 86787444 167553
289 2 1 87686591 172893
289 2 2 86717952 200264
289 2 3 91242769 174043
289 2 4 87118171 174563
290 2 1 88241381 183794
290 2 2 87523457 185603
290 2 3 89531147 186243
290 2 4 87148051 193764
291 2 1 88492936 166274
291 2 2 89279301 171253
291 2 3 91275538 200864
291 2 4 88012967 182004
292 2 1 89305922 170954
292 2 2 92265697 174043
292 2 3 94882468 179604
292 2 4 88558747 173494
293 2 1 89920913 196714
293 2 2 89273571 189074
293 2 3 92730447 179384
293 2 4 90691468 196684
294 2 1 90588816 186674
294 2 2 90127747 177333
294 2 3 92983462 196394
294 2 4 89685619 187333
295 2 1 91332741 185623
295 2 2 90220229 186313
295 2 3 91030014 187013
295 2 4 92769667 182814
296 2 1 91056684 180614
296 2 2 91194248 176634
296 2 3 91138516 190984
296 2 4 91484573 180974
297 2 1 91598826 187093
297 2 2 94206164 209824
297 2 3 91845820 193014
297 2 4 94784316 199464
298 2 1 91484803 184433
298 2 2 92689876 187614
298 2 3 91968812 181994
298 2 4 96067370 186604
299 2 1 92381000 181014
299 2 2 92935030 193264
299 2 3 92759827 189023
299 2 4 94294726 190873
300 2 1 93035152 192454
300 2 2 93605573 188124
300 2 3 94508810 209494
300 2 4 95018330 196484
301 2 1 94555261 191754
301 2 2 93290217 202884
301 2 3 93827577 194903
301 2 4 95076542 192843
302 2 1 94237685 327426
302 2 2 89626728 105142
302 2 3 94564061 184074
302 2 4 94206014 111582
303 2 1 90146337 100202
303 2 2 95476748 208684
303 2 3 95094052 200964
303 2 4 117578497 200264
304 2 1 95029860 180673
304 2 2 95575840 196163
304 2 3 95841246 208774
304 2 4 95537370 196664
305 2 1 95999559 183573
305 2 2 96463857 105122
305 2 3 93653943 103702
305 2 4 96785934 176493
306 2 1 96594480 183333
306 2 2 97030857 173763
306 2 3 97090909 188793
306 2 4 99016755 181154
307 2 1 97347284 327687
307 2 2 92249158 101042
307 2 3 98002726 199804
307 2 4 101123876 178123
308 2 1 98232220 203844
308 2 2 98109159 181903
308 2 3 98108978 174983
308 2 4 100978023 177343
309 2 1 98635008 287216
309 2 2 93517721 103432
309 2 3 98953835 191914
309 2 4 101657046 181923
310 2 1 99538776 184804
310 2 2 99535305 180373
310 2 3 102347889 185014
310 2 4 102878578 180993
311 2 1 99984434 188634
311 2 2 100057685 188373
311 2 3 99724809 181873
311 2 4 100532615 190143
312 2 1 100662107 180903
312 2 2 100682618 184414
312 2 3 100771878 190824
312 2 4 102152155 183664
313 2 1 103098692 195183
313 2 2 101571345 193163
313 2 3 101543864 190653
313 2 4 102112254 186093
314 2 1 102107275 194023
314 2 2 102323858 182884
314 2 3 102339838 180844
314 2 4 105378136 200334
315 2 1 102820338 185553
315 2 2 102968741 184244
315 2 3 102961200 188194
315 2 4 104182863 191713
316 2 1 103433989 186804
316 2 2 103229005 186793
316 2 3 103521881 199164
316 2 4 103751435 218214
317 2 1 104293546 366347
317 2 2 103572332 386027
317 2 3 103551112 364107
317 2 4 103407709 833116
318 2 1 107015297 384308
318 2 2 104052021 371497
318 2 3 104399428 364157
318 2 4 103623433 561411
319 2 1 105208393 600372
319 2 2 104605822 371137
319 2 3 104462689 386708
319 2 4 104730594 376777
320 2 1 107583747 565321
320 2 2 105071981 386137
320 2 3 105426487 368127
320 2 4 105363946 373147
321 2 1 109391222 378728
321 2 2 105938036 376767
321 2 3 105931087 573211
321 2 4 105688892 378337
322 2 1 141562592 373527
322 2 2 106199772 384007
322 2 3 106728572 390357
322 2 4 138771048 13060377
323 2 1 134359045 6630156
323 2 2 135882114 12929634
323 2 3 138609586 12945975
323 2 4 137702018 6571535
324 2 1 142649582 3312293
324 2 2 106311363 488049
324 2 3 107613248 383887
324 2 4 107566548 376727
325 2 1 113269445 172683
325 2 2 116215382 172534
325 2 3 113774626 354016
325 2 4 112281097 237374
326 2 1 115195892 312766
326 2 2 112672604 212654
326 2 3 144498178 201804
326 2 4 115201783 202054
327 2 1 114996068 183213
327 2 2 112149504 188154
327 2 3 114464268 202374
327 2 4 115139271 195563
328 2 1 142954377 12933546
328 2 2 146791381 208354
328 2 3 143779714 12985885
328 2 4 150289547 13194900
329 2 1 118065286 189063
329 2 2 117005096 196604
329 2 3 113535161 227164
329 2 4 116427316 204224
330 2 1 117390443 98701
330 2 2 115055629 200194
330 2 3 117564327 209684
330 2 4 116878014 200144
331 2 1 117150659 191943
331 2 2 117212390 221804
331 2 3 120114315 209754
331 2 4 119223899 193504
332 2 1 118512155 191513
332 2 2 117751841 187034
332 2 3 117725150 201734
332 2 4 121075253 193084
333 2 1 119233449 193974
333 2 2 118615337 205863
333 2 3 117676759 204664
333 2 4 119948902 194983
334 2 1 119716638 99882
334 2 2 117345103 201474
334 2 3 118887063 188684
334 2 4 118883731 204814
335 2 1 119309950 190554
335 2 2 119140477 195233
335 2 3 119540224 96222
335 2 4 117756370 203723
336 2 1 119506823 98002
336 2 2 122678123 196304
336 2 3 120258988 214144
336 2 4 149304648 13029837
337 2 1 149340718 19345876
337 2 2 123007430 105042
337 2 3 119673557 322526
337 2 4 119634017 196414
338 2 1 121792686 193134
338 2 2 121075563 100442
338 2 3 119955373 198764
338 2 4 121123244 198534
339 2 1 121400830 115592
339 2 2 119939812 212514
339 2 3 120956591 208424
339 2 4 122804366 208894
340 2 1 122395918 205774
340 2 2 123339477 205504
340 2 3 122768946 199484
340 2 4 122081323 201934
341 2 1 123724613 204054
341 2 2 122887608 96112
341 2 3 121182975 98702
341 2 4 121289648 199294
342 2 1 156875772 238265
342 2 2 130193107 105142
342 2 3 122791907 116112
342 2 4 122425409 205573
343 2 1 124888965 295046
343 2 2 122882428 102042
343 2 3 122156464 203714
343 2 4 123778765 209744
344 2 1 124581270 99821
344 2 2 124197502 98542
344 2 3 122330527 215644
344 2 4 124441947 96772
345 2 1 123144273 99832
345 2 2 126365374 314606
345 2 3 125323634 100382
345 2 4 123942197 99032
346 2 1 123915137 98442
346 2 2 123972368 102892
346 2 3 124038479 100182
346 2 4 123134523 208594
347 2 1 126079728 317966
347 2 2 124397436 206174
347 2 3 126355213 99572
347 2 4 127321542 108502
348 2 1 126667839 101592
348 2 2 127092437 102192
348 2 3 125941366 98232
348 2 4 125277403 215014
349 2 1 129699408 205494
349 2 2 129051725 115013
349 2 3 126038287 107292
349 2 4 124668861 303286
350 2 1 127506086 100381
350 2 2 126796912 101672
350 2 3 127034256 100412
350 2 4 126243072 202854
351 2 1 131638034 98001
351 2 2 127949063 97532
351 2 3 127000675 199434
351 2 4 129827450 102752
352 2 1 126968855 105442
352 2 2 127947584 103072
352 2 3 127696669 105272
352 2 4 127185960 102022
353 2 1 128958793 103092
353 2 2 128222599 224574
353 2 3 129553774 110162
353 2 4 127638088 104262
354 2 1 130113834 102092
354 2 2 129135816 99911
354 2 3 128399193 100092
354 2 4 128348272 103342
355 2 1 130083645 102272
355 2 2 129438292 99432
355 2 3 129020994 100892
355 2 4 128552014 294876
356 2 1 132352858 104572
356 2 2 130864159 100492
356 2 3 131123574 99692
356 2 4 130128455 99482
357 2 1 129886400 98962
357 2 2 129857990 103822
357 2 3 129955961 104222
357 2 4 130464731 208204
358 2 1 135437945 97982
358 2 2 131492361 99072
358 2 3 130216656 109592
358 2 4 130093874 104182
359 2 1 131920979 99872
359 2 2 131444760 100512
359 2 3 131201596 119373
359 2 4 130970991 103432
360 2 1 134040610 118252
360 2 2 132985430 100862
360 2 3 165215570 13013777
360 2 4 139013124 96652
361 2 1 133000619 96932
361 2 2 126925105 105912
361 2 3 130931001 116173
361 2 4 131879829 103332
362 2 1 132055882 101452
362 2 2 163280103 230785
362 2 3 140504722 102762
362 2 4 136609488 118642
363 2 1 135628529 103052
363 2 2 133066521 97702
363 2 3 132389388 122653
363 2 4 133188233 106142
364 2 1 135924015 104232
364 2 2 168092514 12988665
364 2 3 163263373 247874
364 2 4 146001157 101562
365 2 1 134070130 103682
365 2 2 134003609 113982
365 2 3 134279693 239485
365 2 4 137426024 103302
366 2 1 135006127 103292
366 2 2 137429243 222014
366 2 3 135931775 103062
366 2 4 157561415 221505
367 2 1 141805627 106862
367 2 2 138211038 105182
367 2 3 137893312 100662
367 2 4 134798284 106022
368 2 1 135804702 107442
368 2 2 135240092 105442
368 2 3 138200268 103492
368 2 4 136676350 113332
369 2 1 136070257 106162
369 2 2 135788203 233095
369 2 3 138898761 118702
369 2 4 135980606 104382
370 2 1 136940054 104632
370 2 2 137581827 110363
370 2 3 137392263 105852
370 2 4 137048806 105302
371 2 1 137000695 108552
371 2 2 137767710 104232
371 2 3 170949368 121042
371 2 4 148554374 109952
372 2 1 140846328 106452
372 2 2 138879851 109202
372 2 3 141161934 104721
372 2 4 139747658 103372
373 2 1 139144276 132132
373 2 2 138918601 108612
373 2 3 156422773 113962
373 2 4 152012799 105062
374 2 1 141900428 109012
374 2 2 140214646 108552
374 2 3 142585371 110112
374 2 4 140843258 109052
375 2 1 140141085 108962
375 2 2 143917396 106462
375 2 3 142927827 105522
375 2 4 141341078 103152
376 2 1 140905419 109892
376 2 2 140627804 106022
376 2 3 141006711 107852
376 2 4 141149484 104252
377 2 1 144016938 107672
377 2 2 143815904 105372
377 2 3 141896678 105062
377 2 4 141259746 131662
378 2 1 141647033 105762
378 2 2 141167844 110352
378 2 3 141637123 105602
378 2 4 141391679 105442
379 2 1 143815394 114002
379 2 2 176178428 12989066
379 2 3 154082958 118182
379 2 4 142968578 113942
380 2 1 137119298 105962
380 2 2 141966690 104972
380 2 3 143006769 101842
380 2 4 142696834 105022
381 2 1 145455485 105642
381 2 2 143773943 110222
381 2 3 142960038 107882
381 2 4 142840406 108632
382 2 1 146699429 113132
382 2 2 178183955 20987317
382 2 3 151286226 117532
382 2 4 142851136 100392
383 2 1 138780250 108572
383 2 2 143800894 109592
383 2 3 144089370 114702
383 2 4 143912146 106303
384 2 1 147753969 106672
384 2 2 146054277 118983
384 2 3 148801248 113882
384 2 4 148943762 110953
385 2 1 147743069 105762
385 2 2 146157319 110283
385 2 3 145892824 108432
385 2 4 178549482 12987166
386 2 1 167691686 99232
386 2 2 149900680 118902
386 2 3 141935589 108092
386 2 4 144868255 109652
387 2 1 147219559 117082
387 2 2 146782761 110952
387 2 3 179636883 111732
387 2 4 154336464 106922
388 2 1 147050976 105933
388 2 2 172504418 12931274
388 2 3 189375617 6601144
388 2 4 188876419 13018226
389 2 1 183498977 13031617
389 2 2 183764761 12993546
389 2 3 186858129 132482
389 2 4 156333701 125603
390 2 1 149123285 110072
390 2 2 149695365 113992
390 2 3 148945591 113422
390 2 4 177225568 12937995
391 2 1 185142617 12919475
391 2 2 185168918 12985506
391 2 3 185312461 12915504
391 2 4 184947745 12942176
392 2 1 185103537 13046597
392 2 2 159314438 117902
392 2 3 149975721 103722
392 2 4 144955026 113662
393 2 1 149940461 110502
393 2 2 150054412 115923
393 2 3 151608293 112962
393 2 4 151093972 112262
394 2 1 150809167 134293
394 2 2 151006680 116332
394 2 3 150857998 119052
394 2 4 180457938 12992105
395 2 1 187928041 12929585
395 2 2 187450282 12958325
395 2 3 188047162 12936026
395 2 4 186774388 12934925
396 2 1 165296261 120743
396 2 2 152865436 112912
396 2 3 147780219 119713
396 2 4 151922108 122612
397 2 1 152794555 117552
397 2 2 152952598 118342
397 2 3 161872677 25607885
397 2 4 161566281 123693
398 2 1 155127069 118582
398 2 2 153681402 118812
398 2 3 153094620 114542
398 2 4 154811792 127592
399 2 1 154033768 115793
399 2 2 186883910 12999957
399 2 3 195247959 12969786
399 2 4 190023411 12944786
400 2 1 167829969 123222
400 2 2 154806053 103712
400 2 3 148035684 116152
400 2 4 153669751 119013
1 3 1 114092 37571
1 3 2 103812 34590
1 3 3 98521 35281
1 3 4 95932 34681
2 3 1 113152 35060
2 3 2 125592 36861
2 3 3 111452 37601
2 3 4 112432 36961
3 3 1 142593 38940
3 3 2 147052 36131
3 3 3 142263 34970
3 3 4 137122 35911
4 3 1 195734 36441
4 3 2 200304 34891
4 3 3 195394 35991
4 3 4 195474 35351
5 3 1 292966 40511
5 3 2 302856 39541
5 3 3 303926 39121
5 3 4 302366 38341
6 3 1 441988 41021
6 3 2 446399 37880
6 3 3 436018 38470
6 3 4 433128 37750
7 3 1 662772 40671
7 3 2 641802 38531
7 3 3 626692 38531
7 3 4 617682 37650
8 3 1 866386 39371
8 3 2 953248 40411
8 3 3 924558 37201
8 3 4 907527 38321
9 3 1 1278054 40501
9 3 2 1236604 39681
9 3 3 1214093 40061
9 3 4 1226553 39841
10 3 1 1558570 42180
10 3 2 1679601 38001
10 3 3 1670552 40671
10 3 4 1675742 36531
11 3 1 2200501 42541
11 3 2 2152481 40271
11 3 3 2110430 39231
11 3 4 2097160 42001
12 3 1 2598859 41481
12 3 2 2841964 42631
12 3 3 2824373 41171
12 3 4 2814683 41951
13 3 1 3382824 43371
13 3 2 3625679 39761
13 3 3 3612188 42430
13 3 4 3598778 42731
14 3 1 4510725 47610
14 3 2 4316022 45601
14 3 3 4243320 37231
14 3 4 4160069 36061
15 3 1 4932154 39911
15 3 2 5217519 38930
15 3 3 5172468 37620
15 3 4 5977863 60821
16 3 1 6860390 60521
16 3 2 7555504 57751
16 3 3 7222017 57101
16 3 4 7166866 59361
17 3 1 8345298 75231
17 3 2 8751696 74351
17 3 3 8761936 74491
17 3 4 8728365 69801
18 3 1 10539719 73812
18 3 2 9958029 75042
18 3 3 9936258 77252
18 3 4 9989960 72631
19 3 1 11670101 79392
19 3 2 12023388 76202
19 3 3 11863475 75341
19 3 4 11733152 73841
20 3 1 13352653 85512
20 3 2 14005956 84131
20 3 3 14049866 96272
20 3 4 14027776 87712
21 3 1 16098676 89721
21 3 2 17016343 106882
21 3 3 16888540 91972
21 3 4 16920431 88392
22 3 1 19565710 93591
22 3 2 17657424 95441
22 3 3 17788077 99792
22 3 4 17875778 96052
23 3 1 20484948 81201
23 3 2 20001589 79811
23 3 3 20006209 81511
23 3 4 19970898 85462
24 3 1 53553895 92221
24 3 2 22998075 89752
24 3 3 23060277 94112
24 3 4 22977246 89042
25 3 1 25527314 127063
25 3 2 26947371 105682
25 3 3 26891629 105412
25 3 4 26889630 108092
26 3 1 29831155 123222
26 3 2 31094328 99732
26 3 3 30917716 99522
26 3 4 30868274 106542
27 3 1 36364789 112722
27 3 2 35126035 111822
27 3 3 31499307 111872
27 3 4 31598179 107142
28 3 1 35041094 128143
28 3 2 35930761 122763
28 3 3 35969761 121522
28 3 4 36018503 125603
29 3 1 39077040 117812
29 3 2 40856164 119992
29 3 3 40298443 304816
29 3 4 39752563 118662
30 3 1 42796110 119242
30 3 2 44474092 313886
30 3 3 43842151 120942
30 3 4 43716598 123792
31 3 1 48229634 134032
31 3 2 50628459 130842
31 3 3 49769663 134123
31 3 4 49673751 130602
32 3 1 53608796 169703
32 3 2 55185125 148603
32 3 3 54777618 140263
32 3 4 55036553 148393
33 3 1 58990628 141812
33 3 2 62117786 151513
33 3 3 77827735 158223
33 3 4 62648577 149683
34 3 1 68746043 147683
34 3 2 97991336 5513915
34 3 3 67717953 140643
34 3 4 66309276 136012
35 3 1 72052955 159223
35 3 2 72644636 183033
35 3 3 74698645 155793
35 3 4 72988333 163033
36 3 1 79514706 158723
36 3 2 115932667 164313
36 3 3 79735241 348156
36 3 4 78651391 157693
37 3 1 104959939 178433
37 3 2 85501180 171783
37 3 3 87054490 173773
37 3 4 85274896 173173
38 3 1 93379799 191603
38 3 2 91976232 190664
38 3 3 97758542 188634
38 3 4 91994423 189203
39 3 1 100698018 188873
39 3 2 99661198 381238
39 3 3 134834524 196794
39 3 4 129619236 12937375
40 3 1 129235868 12909244
40 3 2 136806792 12976946
40 3 3 139358390 13190379
40 3 4 139639416 12943685
41 3 1 141727665 12983106
41 3 2 149052334 12902424
41 3 3 149380280 12928564
41 3 4 149349869 12965235
42 3 1 155835642 13001296
42 3 2 157930912 13018837
42 3 3 158095646 12951466
42 3 4 164612009 19366657
43 3 1 172974767 12952566
43 3 2 118054866 126232
43 3 3 114205004 216444
43 3 4 113488170 210404
44 3 1 121883369 235975
44 3 2 122684924 238174
44 3 3 122438809 242004
44 3 4 126044458 131972
45 3 1 128881612 132633
45 3 2 128098177 145783
45 3 3 154435266 19390337
45 3 4 164187671 19326606
46 3 1 165830052 12997896
46 3 2 165797322 12934106
46 3 3 166196729 12933645
46 3 4 140078054 136203
47 3 1 140996881 126392
47 3 2 136024208 138673
47 3 3 139621085 330517
47 3 4 140066784 142323
48 3 1 147159228 149613
48 3 2 149762227 142762
48 3 3 181976537 1734422
48 3 4 156341912 135732
49 3 1 154147930 133312
49 3 2 148779809 150693
49 3 3 154091700 146603
49 3 4 154090889 146052
50 3 1 162828595 157803
50 3 2 163726172 150563
50 3 3 199304756 12983516
50 3 4 177907670 162434
51 3 1 169977300 146313
51 3 2 163859584 157633
51 3 3 170809506 159263
51 3 4 170977039 156443
52 3 1 177991923 163593
52 3 2 177896571 163324
52 3 3 177800317 164643
52 3 4 178640954 159773
53 3 1 190484109 205454
53 3 2 188950259 272345
53 3 3 189612103 290535
53 3 4 192680920 258085
54 3 1 205774699 171283
54 3 2 216860119 183993
54 3 3 223557645 172443
54 3 4 252843360 239975
55 3 1 257267084 13057798
55 3 2 294912797 13085857
55 3 3 278090578 13080148
55 3 4 275898217 13229810
56 3 1 296509518 147823
56 3 2 262890951 156503
56 3 3 250582468 213934
56 3 4 245940839 206584
57 3 1 258838095 241374
57 3 2 271270569 234905
57 3 3 250164209 253025
57 3 4 253512843 172163
58 3 1 261142658 220305
58 3 2 267323905 184363
58 3 3 272728836 276065
58 3 4 260838272 248844
59 3 1 277483337 199064
59 3 2 284402458 186344
59 3 3 281630015 193664
59 3 4 282405300 221034
60 3 1 292787027 206084
60 3 2 290899861 242565
60 3 3 290370581 209544
60 3 4 290007165 243255
61 3 1 298552966 206044
61 3 2 307382593 202684
61 3 3 342637961 217404
61 3 4 322308127 174824
62 3 1 350736215 236534
62 3 2 329314969 212194
62 3 3 326388584 225214
62 3 4 326666559 242125
63 3 1 331922049 199733
63 3 2 361818165 2037138
63 3 3 352005089 192153
63 3 4 330421550 254925
64 3 1 366264479 13086468
64 3 2 394172228 13003846
64 3 3 410755513 13073407
64 3 4 412641848 13068267
65 3 1 418349156 12986606
65 3 2 430679559 13033916
65 3 3 408468909 194773
65 3 4 389002220 13145719
66 3 1 440772161 19620562
66 3 2 461827119 306795
66 3 3 408695683 243915
66 3 4 413959853 13007006
67 3 1 440390024 259125
67 3 2 369144724 226805
67 3 3 386565755 334476
67 3 4 371184092 214214
68 3 1 378458311 272955
68 3 2 391389516 761174
68 3 3 372700752 355407
68 3 4 370907847 899157
69 3 1 394363762 388877
69 3 2 396738546 341336
69 3 3 393255611 853417
69 3 4 394257839 892666
70 3 1 407182635 319136
70 3 2 438128231 300046
70 3 3 419460648 276885
70 3 4 394593186 301366
71 3 1 418682683 340547
71 3 2 431880123 21104160
71 3 3 463952960 19427548
71 3 4 462676157 6718377
72 3 1 482521582 13129999
72 3 2 483098344 6797189
72 3 3 488420144 6633495
72 3 4 483604693 13042587
73 3 1 500247328 13015367
73 3 2 520061833 12956425
73 3 3 500816379 13011057
73 3 4 500805248 12151560
74 3 1 511237256 12996776
74 3 2 541779635 13077217
74 3 3 513598552 12982216
74 3 4 518115037 13033857
75 3 1 515233272 288306
75 3 2 521589603 298635
75 3 3 489519174 293595
75 3 4 493607282 312556
76 3 1 510535863 451159
76 3 2 543556659 343927
76 3 3 545572697 366247
76 3 4 527437323 257515
77 3 1 524393985 346707
77 3 2 598490700 554211
77 3 3 555142968 13107249
77 3 4 570139182 13027877
78 3 1 589293725 13145710
78 3 2 628164971 19532050
78 3 3 585677707 13132358
78 3 4 586585295 13034738
79 3 1 602168180 19491169
79 3 2 650325681 6735658
79 3 3 608670333 13026206
79 3 4 607796356 12979016
80 3 1 628760603 19459708
80 3 2 669896212 12995367
80 3 3 623901761 6713697
80 3 4 628141322 13018857
81 3 1 644982400 13120088
81 3 2 695090260 398887
81 3 3 653035963 13135289
81 3 4 648148881 306666
82 3 1 635394019 337756
82 3 2 689733188 431228
82 3 3 628324875 409657
82 3 4 647379766 476139
83 3 1 662205567 366477
83 3 2 733255534 6737128
83 3 3 687150299 13263471
83 3 4 691324339 13315452
84 3 1 709581715 13234041
84 3 2 776995182 13308783
84 3 3 689551955 432098
84 3 4 682239486 13265402
85 3 1 741145803 13426715
85 3 2 811599257 13416894
85 3 3 808429728 475919
85 3 4 780004539 531290
86 3 1 792593128 744374
86 3 2 824595355 19504079
86 3 3 812230320 467679
86 3 4 788339547 513800
87 3 1 848191911 13194090
87 3 2 842000044 6698577
87 3 3 842725458 6709528
87 3 4 852904071 13039297
88 3 1 869276951 13043987
88 3 2 870251479 26443061
88 3 3 881865529 501969
88 3 4 849262723 466488
89 3 1 859473995 489140
89 3 2 877793303 455769
89 3 3 878686619 453579
89 3 4 872602984 457799
90 3 1 889027356 424508
90 3 2 904020240 435598
90 3 3 926315552 434418
90 3 4 906043598 413448
91 3 1 942570300 13188780
91 3 2 957466283 13316342
91 3 3 959943780 13085218
91 3 4 959205346 13067297
92 3 1 978267597 13135719
92 3 2 980195793 13058547
92 3 3 993038527 13098698
92 3 4 993053227 13149190
93 3 1 1021197370 13233971
93 3 2 1021963215 13212310
93 3 3 1027114013 19627932
93 3 4 1009352996 574811
94 3 1 1020483277 437669
94 3 2 1027679943 542020
94 3 3 1038297624 485259
94 3 4 1035201786 556431
95 3 1 1086188642 579281
95 3 2 1074122384 695973
95 3 3 1052790809 506300
95 3 4 1067104381 496739
96 3 1 1083524172 647372
96 3 2 1121216536 13510286
96 3 3 1105508529 13128779
96 3 4 1119988073 6759128
97 3 1 1116605189 424908
97 3 2 1103816897 458129
97 3 3 1113311047 541820
97 3 4 1135408066 13475886
98 3 1 1155669869 501229
98 3 2 1134991608 516019
98 3 3 1144735392 568871
98 3 4 1141339118 526600
99 3 1 1194671149 19908698
99 3 2 1184282462 13160940
99 3 3 1190666473 13063278
99 3 4 1192888995 13096618
100 3 1 1216154746 13237272
100 3 2 1205875831 600902
100 3 3 1196887630 584461
100 3 4 1204085167 623832
101 3 1 1223473475 722513
101 3 2 1237892508 663313
101 3 3 1235678136 810055
101 3 4 1265581583 501209
102 3 1 1259973707 426048
102 3 2 1254422971 423518
102 3 3 1256981980 586492
102 3 4 1263431782 636232
103 3 1 1311873030 19841607
103 3 2 1320493874 487369
103 3 3 1288796463 602892
103 3 4 1297846404 640772
104 3 1 1317723232 752564
104 3 2 1235685097 800165
104 3 3 1237870118 773365
104 3 4 1238284167 834186
105 3 1 1301326281 13680469
105 3 2 1316138092 607431
105 3 3 1282085766 761024
105 3 4 1264278540 705443
106 3 1 1306236265 1058680
106 3 2 1343087443 6867900
106 3 3 1328457135 565111
106 3 4 1303602415 780375
107 3 1 1350122816 734314
107 3 2 1373259374 1342065
107 3 3 1389740357 13474235
107 3 4 1405809051 768905
108 3 1 1415320112 814636
108 3 2 1407520214 813696
108 3 3 1404230512 842556
108 3 4 1413510149 1097791
109 3 1 1447703566 926947
109 3 2 1450532620 977528
109 3 3 1465889781 20081540
109 3 4 1461874385 620382
110 3 1 1483465734 686163
110 3 2 1492186849 1199073
110 3 3 1491028478 1089531
110 3 4 1493039896 817865
111 3 1 1519310904 864386
111 3 2 1538804463 1231023
111 3 3 1527768815 798485
111 3 4 1530123439 798605
112 3 1 1566127462 925107
112 3 2 1563827367 947479
112 3 3 1592060613 13745130
112 3 4 1604440697 750634
113 3 1 1612202675 944778
113 3 2 1609846450 1023160
113 3 3 1633333366 14256881
113 3 4 1626228401 13215100
114 3 1 1633101361 730854
114 3 2 1641638552 701943
114 3 3 1645189220 960568
114 3 4 1651725384 1011980
115 3 1 1716844528 1096480
115 3 2 1720058299 13782032
115 3 3 1707515622 717143
115 3 4 1689997901 1035070
116 3 1 1732380603 1100521
116 3 2 1727034292 1136092
116 3 3 1730793324 1100211
116 3 4 1739119460 1198092
117 3 1 1774303098 1136941
117 3 2 1818552066 13636559
117 3 3 1786809386 780214
117 3 4 1790668848 1070710
118 3 1 1827366204 923657
118 3 2 1821902771 1032090
118 3 3 1820911042 1230044
118 3 4 1829882023 1272194
119 3 1 1870401690 1132321
119 3 2 1875470637 1155432
119 3 3 1877103158 1160152
119 3 4 1878665327 1180162
120 3 1 1917501513 1427668
120 3 2 1923438436 1129822
120 3 3 1918733737 1151252
120 3 4 1925061667 1404206
121 3 1 1962220432 1324715
121 3 2 1967529503 1235533
121 3 3 1983046767 13818051
121 3 4 1994377371 899647
122 3 1 2001497026 1262934
122 3 2 2017329257 1404146
122 3 3 2013712108 1199243
122 3 4 2025707925 1334535
123 3 1 2075034460 13502465
123 3 2 2087110330 13455275
123 3 3 2080465033 13265791
123 3 4 2081900271 13353433
124 3 1 2139918961 13414145
124 3 2 2142873337 13730450
124 3 3 2131500981 13366953
124 3 4 2138311901 13300222
125 3 1 2190272746 13566077
125 3 2 2183406956 13439685
125 3 3 2178885100 13484655
125 3 4 2162144313 961728
126 3 1 2202863425 1703243
126 3 2 2220377996 1691022
126 3 3 2203037458 1486988
126 3 4 2246011043 13848433
127 3 1 2289408156 13607198
127 3 2 2301798431 13709319
127 3 3 2301904003 13768191
127 3 4 2272397984 1431417
128 3 1 2312073726 1237603
128 3 2 2301057368 1670911
128 3 3 2331208939 14364212
128 3 4 2323032244 1358086
129 3 1 2364511510 1940796
129 3 2 2374216684 1938497
129 3 3 2365552730 1493718
129 3 4 2357743213 1717272
130 3 1 2415080110 1839445
130 3 2 2419337280 1574920
130 3 3 2431264536 1950867
130 3 4 2411231017 1305194
131 3 1 2462433248 1452587
131 3 2 2469344389 1611761
131 3 3 2466379233 1811024
131 3 4 2473225723 1438807
132 3 1 2523739940 1757783
132 3 2 2522876174 1662342
132 3 3 2524030676 1909956
132 3 4 2528870688 1702212
133 3 1 2582823811 1850136
133 3 2 2599734911 22084439
133 3 3 2603256978 7144435
133 3 4 2585621744 13466385
134 3 1 2655259275 7282718
134 3 2 2660732788 13833222
134 3 3 2661236108 13843422
134 3 4 2671500893 14100878
135 3 1 2762251704 13700459
135 3 2 2766063795 13578278
135 3 3 2755986515 14191740
135 3 4 2781803854 13793602
136 3 1 2794337603 13648479
136 3 2 2836454630 2043409
136 3 3 2746640248 1907156
136 3 4 2800605192 1862225
137 3 1 2849947717 2320394
137 3 2 2865442821 2078939
137 3 3 2863381122 2214442
137 3 4 2882200189 2083099
138 3 1 2921550525 1542890
138 3 2 2926903106 14757350
138 3 3 2899869565 1532769
138 3 4 2911729649 1395556
139 3 1 2980587885 1986867
139 3 2 2987026378 2016498
139 3 3 2989892392 2175291
139 3 4 2991504612 2205252
140 3 1 3035282862 2210412
140 3 2 3064372394 14942413
140 3 3 3072585910 2009198
140 3 4 3038932582 1692622
141 3 1 3106670986 1597571
141 3 2 3107055464 2072509
141 3 3 3102862145 2118050
141 3 4 3121166452 14540025
142 3 1 3176456821 1683012
142 3 2 3152418395 2097570
142 3 3 3168566251 2167092
142 3 4 3168759315 2322974
143 3 1 3220638239 2395265
143 3 2 3228316324 2247053
143 3 3 3233789048 2359274
143 3 4 3275646582 2153791
144 3 1 3297228062 1718203
144 3 2 3284101423 2048979
144 3 3 3300407452 2202571
144 3 4 3295368937 3665209
145 3 1 3388928671 2516367
145 3 2 3387809820 2601809
145 3 3 3379189966 2625760
145 3 4 3395844542 2739181
146 3 1 3450543620 2718542
146 3 2 3461488437 14765799
146 3 3 3470156261 15112636
146 3 4 3473974914 13628218
147 3 1 3535836808 14560516
147 3 2 3547110152 13936025
147 3 3 3513390192 16161707
147 3 4 3527239055 2144410
148 3 1 3577455708 2434266
148 3 2 3580485014 2639471
148 3 3 3577096940 2698291
148 3 4 3580885354 2619729
149 3 1 3638980684 2685701
149 3 2 3506348591 4875162
149 3 3 3477454882 4824881
149 3 4 3476598816 4856493
150 3 1 3548254555 4805041
150 3 2 3546768567 4882382
150 3 3 3549088001 5570596
150 3 4 3562581048 5582426
151 3 1 3640278810 4833931
151 3 2 3625541541 4915993
151 3 3 3617386696 4949413
151 3 4 3620936105 4950144
152 3 1 3689650287 4481536
152 3 2 3681961852 4772240
152 3 3 3676858796 4943364
152 3 4 3706676491 15345491
153 3 1 3791695962 13699419
153 3 2 3789881769 4719829
153 3 3 3752917967 4755220
153 3 4 3756664189 5161049
154 3 1 3831910456 4908623
154 3 2 3827421991 4673979
154 3 3 3824890354 4918423
154 3 4 3831385307 4853372
155 3 1 3898883187 4985345
155 3 2 3901992786 5016855
155 3 3 3909692503 5036006
155 3 4 3916663254 4682309
156 3 1 3974527932 4799541
156 3 2 3975306177 4929524
156 3 3 3982177577 4898853
156 3 4 4008402285 5218619
157 3 1 4052512771 5038376
157 3 2 4050481123 4957804
157 3 3 4040018294 5193219
157 3 4 4042289508 5070176
158 3 1 4118732148 5248460
158 3 2 4126000716 4913283
158 3 3 4119185597 5177008
158 3 4 4129518342 5195009
159 3 1 4202518537 5339841
159 3 2 4212714371 5452383
159 3 3 4214554126 4715340
159 3 4 4204470655 4838902
160 3 1 4275963211 4883803
160 3 2 4272813231 4993705
160 3 3 4259624591 5610147
160 3 4 4274485793 4694089
161 3 1 4348759931 5113408
161 3 2 4379337951 19702014
161 3 3 4364971670 4643718
161 3 4 4374220474 17003952
162 3 1 4480136253 15147967
162 3 2 4467449604 5020245
162 3 3 4439105126 5355792
162 3 4 4439468293 4857762
163 3 1 4510002821 4917753
163 3 2 4515969635 5517455
163 3 3 4516219349 5532225
163 3 4 4519904039 5121247
164 3 1 4596761036 5436783
164 3 2 4596333098 5334950
164 3 3 4588163834 18802686
164 3 4 4630770242 10217424
165 3 1 4720990654 5203969
165 3 2 4705386567 6068685
165 3 3 4686846046 5219150
165 3 4 4679301853 5496725
166 3 1 4760203448 5469593
166 3 2 4764253724 5394263
166 3 3 4753169874 5169639
166 3 4 4762626444 5765779
167 3 1 4841891707 5466964
167 3 2 4849049074 5277290
167 3 3 4839593065 5820081
167 3 4 4853196082 5251020
168 3 1 4929009171 23381094
168 3 2 4964391761 15358461
168 3 3 4960280143 5254499
168 3 4 4928470661 5089346
169 3 1 5077066479 5192608
169 3 2 5083477180 5296340
169 3 3 5079782400 5480425
169 3 4 5087271163 5485724
170 3 1 5172323505 5855102
170 3 2 5166415004 5704438
170 3 3 5164349006 5939893
170 3 4 5180806947 6087206
171 3 1 5251888996 5576386
171 3 2 5261956847 5220379
171 3 3 5250258775 5722189
171 3 4 5262574168 5667017
172 3 1 5347590260 5744729
172 3 2 5339949956 5697348
172 3 3 5344657465 5688408
172 3 4 5354912778 5504234
173 3 1 5421284758 5970052
173 3 2 5443670404 5362861
173 3 3 5439045377 6016724
173 3 4 5447524727 6936432
174 3 1 5525459045 6114136
174 3 2 5524861885 5621377
174 3 3 5528488914 6080715
174 3 4 5544705822 5811031
175 3 1 5622685390 6195637
175 3 2 5625496584 6196868
175 3 3 5621506188 6075815
175 3 4 5635260519 6612855
176 3 1 5717876326 6246108
176 3 2 5718329705 6188347
176 3 3 5714615554 6276629
176 3 4 5717539520 5939012
177 3 1 5803058733 7067024
177 3 2 5818175640 6989432
177 3 3 5806926176 5911932
177 3 4 5819514024 6179467
178 3 1 5914860983 17838738
178 3 2 5935006575 5320430
178 3 3 5905570787 5997184
178 3 4 5906366963 6619016
179 3 1 5997648934 6545574
179 3 2 6010052059 6010624
179 3 3 5993757190 5836591
179 3 4 6006398460 14151468
180 3 1 6135779224 17754036
180 3 2 6135623742 17291258
180 3 3 6125496269 15929462
180 3 4 6166832704 16342271
181 3 1 6232559790 9194165
181 3 2 6244663720 9789336
181 3 3 6222937168 6222558
181 3 4 6205770171 6229967
182 3 1 6289171405 6651756
182 3 2 6315535985 14728550
182 3 3 6315113237 5589626
182 3 4 6306298020 5256650
183 3 1 6393197249 5382572
183 3 2 6403597436 5790050
183 3 3 6404995893 5991644
183 3 4 6414860619 5998083
184 3 1 6505210433 6031825
184 3 2 6507504307 6331160
184 3 3 6500433233 6079526
184 3 4 6501656246 6188768
185 3 1 6599569033 5693758
185 3 2 6616371563 6584255
185 3 3 6614967806 6100255
185 3 4 6636302300 17692946
186 3 1 6749129960 23388553
186 3 2 6752336781 6309500
186 3 3 6723937123 6340380
186 3 4 6722280822 6348140
187 3 1 6836505218 17974520
187 3 2 6853317277 10261475
187 3 3 6852619855 15492294
187 3 4 6867464295 17239267
188 3 1 6962755283 15240829
188 3 2 6966056927 16982902
188 3 3 6952779284 17480241
188 3 4 6952194003 5705368
189 3 1 7031405636 6238668
189 3 2 7039541710 6402102
189 3 3 7032934145 6717158
189 3 4 7048686825 6976012
190 3 1 7142527094 6959842
190 3 2 7146840166 6441862
190 3 3 7134196926 6344230
190 3 4 7163016562 10352536
191 3 1 7277848391 19122782
191 3 2 7290236876 18396879
191 3 3 7286206789 17006833
191 3 4 7285792152 11864985
192 3 1 7394554925 16694896
192 3 2 7399813035 16700307
192 3 3 7401216502 6858500
192 3 4 7388741375 6592025
193 3 1 7487433137 7072244
193 3 2 7490559156 6411351
193 3 3 7486886747 6916031
193 3 4 7492924542 6445263
194 3 1 7608164537 10093182
194 3 2 7619633955 7070724
194 3 3 7595918025 6935681
194 3 4 7607839421 6634456
195 3 1 7726915520 17067565
195 3 2 7737314428 16526913
195 3 3 7728906448 16158566
195 3 4 7780163731 16763688
196 3 1 7887750191 17871339
196 3 2 7864637392 17428520
196 3 3 7824908149 17611024
196 3 4 7833871178 12360044
197 3 1 7951277837 10049540
197 3 2 7952223004 7472902
197 3 3 7939336801 11964847
197 3 4 7973131031 6965002
198 3 1 8062241961 7204867
198 3 2 8062512507 7039154
198 3 3 8053806622 7420991
198 3 4 8073860742 7329678
199 3 1 8174865998 7161955
199 3 2 8183012982 7264718
199 3 3 8174245856 6747288
199 3 4 8207413435 6576945
200 3 1 8306415823 19115602
200 3 2 8331389188 19969169
200 3 3 8328433491 7089295
200 3 4 8316198099 7066214
201 3 1 8414127917 7363180
201 3 2 8426673234 7199107
201 3 3 8422414284 7269418
201 3 4 8444276768 17591904
202 3 1 8567211661 6535024
202 3 2 8551642176 7191516
202 3 3 8541649776 6823979
202 3 4 8554484389 7111546
203 3 1 8679553351 10065201
203 3 2 8718264196 7167465
203 3 3 8722559477 18287255
203 3 4 8752905634 17670125
204 3 1 8862499242 18999361
204 3 2 8802928612 16888960
204 3 3 8806035781 17101295
204 3 4 8796713224 6505144
205 3 1 8896195491 6550765
205 3 2 8882832698 6891751
205 3 3 8892619484 6760728
205 3 4 8897891344 6741388
206 3 1 9024831132 7043303
206 3 2 9020950167 6742118
206 3 3 9024547476 7221017
206 3 4 9031739353 7020594
207 3 1 9155644723 7277628
207 3 2 9167552239 17430541
207 3 3 9191280058 6640456
207 3 4 9157960077 7204896
208 3 1 9277378242 7442082
208 3 2 9275974345 7250818
208 3 3 9280720046 7373839
208 3 4 9286300961 7630495
209 3 1 9416676793 7067984
209 3 2 9392933034 7182046
209 3 3 9411423795 6747058
209 3 4 9412470825 6869551
210 3 1 9543764455 7590014
210 3 2 9543596911 7572993
210 3 3 9569029775 17955260
210 3 4 9554552320 6857490
211 3 1 9680733193 7426831
211 3 2 9676301809 7321449
211 3 3 9669149813 7723916
211 3 4 9685557685 7217187
212 3 1 9832330639 6802319
212 3 2 9831837679 19368778
212 3 3 9836582490 17581783
212 3 4 9853310457 17777827
213 3 1 10101522765 16932231
213 3 2 10092908191 19305617
213 3 3 10098176251 17355510
213 3 4 10100548007 19126103
214 3 1 10212177563 17304489
214 3 2 10231669304 18544742
214 3 3 10247969703 17746807
214 3 4 10245826952 18385309
215 3 1 10376614353 19607392
215 3 2 10365715716 18298017
215 3 3 10392751938 18488330
215 3 4 10371272001 18654703
216 3 1 10511240161 18093650
216 3 2 10464794893 7643177
216 3 3 10494931347 19346502
216 3 4 10518248445 19285882
217 3 1 10686353640 7419634
217 3 2 10668315538 20196019
217 3 3 10661677151 7428705
217 3 4 10654308912 7198741
218 3 1 10790773793 18633146
218 3 2 10816816152 18592444
218 3 3 10834715267 17841213
218 3 4 10805099328 25046286
219 3 1 10913960667 18025887
219 3 2 10952907126 7538109
219 3 3 10975102574 19046596
219 3 4 10967551115 19939963
220 3 1 11078333244 7492389
220 3 2 11051947309 8003528
220 3 3 11059143806 7854275
220 3 4 11065945369 8038189
221 3 1 11200230911 11664572
221 3 2 11195867657 18351719
221 3 3 11222062335 7419870
221 3 4 11218714682 7827246
222 3 1 11359472465 12723021
222 3 2 11395422273 17556166
222 3 3 11408700391 7866878
222 3 4 11396613529 7881498
223 3 1 11547326741 8025120
223 3 2 11531311644 8017821
223 3 3 11548993380 8275176
223 3 4 11530193110 7726465
224 3 1 11668659442 18105649
224 3 2 11656363640 19146467
224 3 3 11714805621 19409592
224 3 4 11687458780 14300013
225 3 1 11832295801 19407244
225 3 2 11833481609 19519906
225 3 3 11838620742 18683051
225 3 4 11844956260 19515466
226 3 1 11987921594 18233304
226 3 2 11975873220 8094555
226 3 3 11978085443 19925525
226 3 4 12021191242 8272318
227 3 1 12397665964 7572765
227 3 2 12149999607 19201373
227 3 3 12141724597 8166846
227 3 4 12121180183 18897089
228 3 1 12297200809 18706026
228 3 2 12278461671 8291178
228 3 3 12280829597 20579110
228 3 4 12302618028 8310229
229 3 1 12433845784 8346690
229 3 2 12450650170 18983802
229 3 3 12426421413 26736042
229 3 4 12471136736 19624824
230 3 1 12622214276 19475232
230 3 2 12562867684 20432289
230 3 3 12617909736 8716588
230 3 4 12641480155 8338350
231 3 1 12760082071 8328501
231 3 2 12741052626 8444693
231 3 3 12743306698 8656557
231 3 4 12787839204 19747798
232 3 1 12935050516 8311331
232 3 2 12909856313 18807873
232 3 3 12907498972 8440414
232 3 4 12906302408 8766410
233 3 1 13070903379 8448154
233 3 2 13063128661 8745740
233 3 3 13071157686 8553616
233 3 4 13073621258 9089476
234 3 1 13241807712 12639841
234 3 2 13264207724 8536046
234 3 3 13244659257 8425764
234 3 4 13252257672 9051566
235 3 1 13414379401 8977305
235 3 2 13424577251 19711931
235 3 3 13434781998 20271432
235 3 4 13432777658 20109069
236 3 1 13609932750 8929643
236 3 2 13564824987 8700930
236 3 3 13566190591 21038446
236 3 4 13603560535 19863904
237 3 1 13752743710 8813542
237 3 2 13744467391 19953736
237 3 3 13768138789 20781842
237 3 4 13766929096 20098639
238 3 1 13928062616 20072399
238 3 2 13940789937 19111412
238 3 3 13936401200 14910495
238 3 4 13963513310 8814211
239 3 1 14090458987 9216400
239 3 2 14437703353 21668690
239 3 3 14157255965 20106310
239 3 4 14128472068 8936445
240 3 1 14273096967 9278221
240 3 2 14263934989 9372773
240 3 3 14274824779 9253951
240 3 4 14303684088 9596467
241 3 1 14441075878 20486938
241 3 2 14435709024 9059937
241 3 3 14452959923 9403654
241 3 4 14459250051 9530727
242 3 1 14623905522 18741966
242 3 2 14631618243 21292624
242 3 3 14644709581 22689530
242 3 4 14646495488 20758544
243 3 1 14791129586 20372267
243 3 2 14799863959 8881534
243 3 3 14788677792 20120282
243 3 4 14800011131 8964765
244 3 1 14972229746 21830614
244 3 2 14990864989 22913744
244 3 3 14994075303 9584128
244 3 4 15001834960 9638319
245 3 1 15159596585 21020989
245 3 2 15186149307 23118779
245 3 3 15189376507 22890814
245 3 4 15186411141 20535261
246 3 1 15347283031 9626828
246 3 2 15334467390 16596728
246 3 3 15367620790 20365208
246 3 4 15422517424 9273102
247 3 1 15516983749 9553087
247 3 2 15511869188 9441235
247 3 3 15512797264 9714000
247 3 4 15526430398 21259165
248 3 1 15730262981 9474365
248 3 2 15695038885 20606012
248 3 3 15697067210 20256946
248 3 4 15709418336 20198615
249 3 1 15858674494 20272177
249 3 2 15883603521 9315273
249 3 3 15869157496 9094558
249 3 4 15894835636 21898817
250 3 1 16084990161 21218225
250 3 2 16143440968 13306388
250 3 3 16064034823 9638200
250 3 4 16076024796 9719621
251 3 1 16270562380 21143303
251 3 2 16264996225 21463800
251 3 3 16254082559 9613168
251 3 4 16258421337 9663330
252 3 1 16456597337 21076202
252 3 2 16451554710 21402298
252 3 3 16461294155 20764006
252 3 4 16461622024 20296498
253 3 1 16664431631 22234693
253 3 2 16647675581 10090707
253 3 3 16664998646 9914725
253 3 4 16647884909 9833593
254 3 1 16847618319 21610320
254 3 2 16837794428 9871263
254 3 3 16844366461 22424864
254 3 4 16844652024 9893373
255 3 1 17024074227 19917638
255 3 2 17060501996 9680168
255 3 3 17019120911 9873622
255 3 4 17025348796 9922193
256 3 1 17222525113 21907105
256 3 2 17208781446 10523365
256 3 3 17218312836 10888761
256 3 4 17238891509 20805346
257 3 1 17439363224 21238654
257 3 2 17427614416 21077140
257 3 3 17445623477 21331685
257 3 4 17479171955 9598458
258 3 1 17616457844 23061898
258 3 2 17635568192 12361129
258 3 3 17662438471 10013556
258 3 4 17612910831 10435224
259 3 1 17825172657 22732282
259 3 2 17900453081 10157469
259 3 3 17912108654 17095387
259 3 4 17858632535 20962389
260 3 1 18053377132 20230476
260 3 2 18013181678 21303655
260 3 3 17996625132 10190229
260 3 4 18033994874 10600227
261 3 1 18231322377 21224424
261 3 2 18245573109 19875310
261 3 3 18271455175 19451881
261 3 4 18252064819 22179543
262 3 1 18462062204 10558835
262 3 2 18424602951 10357582
262 3 3 18441608339 23800062
262 3 4 18487777748 21718573
263 3 1 18708715553 11034756
263 3 2 18638571788 22659341
263 3 3 18655045003 20603213
263 3 4 18650471736 10842451
264 3 1 18849393540 19973901
264 3 2 18829755351 22461788
264 3 3 18879256615 24188870
264 3 4 18865126886 10596987
265 3 1 19069116682 23896155
265 3 2 19050050470 23737412
265 3 3 19096235221 24844052
265 3 4 19099419692 22654471
266 3 1 19278409822 11115896
266 3 2 19253297323 10963634
266 3 3 19265750454 10704199
266 3 4 19289816161 10552776
267 3 1 19481041475 11344291
267 3 2 19485979024 11046745
267 3 3 19482185882 11185708
267 3 4 19492408497 11378382
268 3 1 19953800867 28724485
268 3 2 19959742354 11337961
268 3 3 20014762593 11727479
268 3 4 19975791703 11486143
269 3 1 20176234696 22010179
269 3 2 20182063558 25458374
269 3 3 20196604352 22408047
269 3 4 20178206202 21640603
270 3 1 20467473328 11542214
270 3 2 20477426946 21191425
270 3 3 20415737579 19879781
270 3 4 20453107925 27770377
271 3 1 20654080617 11364481
271 3 2 20593560331 15251773
271 3 3 20618743250 23290253
271 3 4 20627400650 21629522
272 3 1 20813124808 11905901
272 3 2 20836625142 26139136
272 3 3 20859500307 23474678
272 3 4 20851293413 21733544
273 3 1 21078277937 21896187
273 3 2 21005651334 11709688
273 3 3 21051978014 11806850
273 3 4 21083976497 22947987
274 3 1 21279650075 23893804
274 3 2 21307566643 22966268
274 3 3 21383323469 15749553
274 3 4 21305835253 11845220
275 3 1 21530992001 23251373
275 3 2 21540190208 12104985
275 3 3 21535253302 12265338
275 3 4 21531967806 12124645
276 3 1 21754430003 24496916
276 3 2 21755063220 11796309
276 3 3 21749312108 12171006
276 3 4 21761266366 24023167
277 3 1 21984517438 11726128
277 3 2 21980480488 11934682
277 3 3 21997948496 23203753
277 3 4 21988150646 12332570
278 3 1 22212775163 12003604
278 3 2 22212692415 22655542
278 3 3 22218377735 11756909
278 3 4 22236661989 22607202
279 3 1 22462044030 20894449
279 3 2 22466345804 22221413
279 3 3 22478945401 22638572
279 3 4 22462276133 12453522
280 3 1 22691564364 12223951
280 3 2 22692503227 22912582
280 3 3 22670289068 12214140
280 3 4 22697988328 23996392
281 3 1 22941539956 23036873
281 3 2 22911634633 12434394
281 3 3 22893615282 12454394
281 3 4 22907026920 12502144
282 3 1 23146984828 12600306
282 3 2 23153941085 21054516
282 3 3 23163493256 22010874
282 3 4 23176532998 22903220
283 3 1 23409714117 12419213
283 3 2 23412006907 12367952
283 3 3 23396097511 22275498
283 3 4 23420438074 12622397
284 3 1 23645589147 12790559
284 3 2 23622220724 12839780
284 3 3 23644742476 12858131
284 3 4 23654745599 12641436
285 3 1 23914489841 23575002
285 3 2 23959003966 12618926
285 3 3 23947534847 12804829
285 3 4 23907293741 23571111
286 3 1 24121779558 12721428
286 3 2 24111494961 13067634
286 3 3 24134593930 22842308
286 3 4 24184140899 24799084
287 3 1 24368274738 12888601
287 3 2 24345668682 12806240
287 3 3 24357115705 13024544
287 3 4 24397471133 13062244
288 3 1 24626104792 22508191
288 3 2 24657511075 16973518
288 3 3 24681713558 13202666
288 3 4 24664473055 12971092
289 3 1 24892405259 13041223
289 3 2 24860623580 13480742
289 3 3 24878342858 13312749
289 3 4 24881231492 13307448
290 3 1 25133692758 17727092
290 3 2 25119462084 21825608
290 3 3 25132114735 23476829
290 3 4 25167603194 19815701
291 3 1 25381437733 13623755
291 3 2 25365331012 24522098
291 3 3 25375154355 13549363
291 3 4 25397477834 13507662
292 3 1 25625445672 13664376
292 3 2 25615993640 14971119
292 3 3 25636317064 13633915
292 3 4 25657517826 13655385
293 3 1 25891981530 13549283
293 3 2 25870397894 13589254
293 3 3 25871497894 14044573
293 3 4 25923674669 15395388
294 3 1 26155323572 24234162
294 3 2 26174540393 16222202
294 3 3 26159388453 20203967
294 3 4 26206160619 23401867
295 3 1 26431976196 20117836
295 3 2 26371791899 24877815
295 3 3 26453260845 13954360
295 3 4 26437774302 25423795
296 3 1 26727829291 24750492
296 3 2 26699459389 14196715
296 3 3 26727728054 24285063
296 3 4 26758715831 23542249
297 3 1 26999046044 26658077
297 3 2 26992120015 23038050
297 3 3 26962882659 14070093
297 3 4 26989080238 22582011
298 3 1 27251485534 16508678
298 3 2 27238794199 25655858
298 3 3 27202689317 13984461
298 3 4 27259397467 30776733
299 3 1 27622543495 19881261
299 3 2 27486295045 14376788
299 3 3 27534674581 24966277
299 3 4 27517150779 14456940
300 3 1 27813715304 18532276
300 3 2 27770498272 26472413
300 3 3 27764976803 14599342
300 3 4 27798844930 17296112
301 3 1 28119861332 14974829
301 3 2 28023389748 14674783
301 3 3 28033562624 15623591
301 3 4 28062081871 15658772
302 3 1 28351411834 22020820
302 3 2 28339148551 14863807
302 3 3 28325625816 14408788
302 3 4 28351856871 14411419
303 3 1 28594870661 15283685
303 3 2 28580275465 23340995
303 3 3 28629525980 24185132
303 3 4 28605662413 14972918
304 3 1 28881087946 14970079
304 3 2 28885524527 28798646
304 3 3 28886300729 24329973
304 3 4 28898631058 14990509
305 3 1 29142696626 17531667
305 3 2 29122775592 17395765
305 3 3 29132739488 17905334
305 3 4 29178141622 15669462
306 3 1 29437566189 15247625
306 3 2 29447175596 17772682
306 3 3 29437596925 17961945
306 3 4 29444081065 25605528
307 3 1 29719520030 22583361
307 3 2 29745669467 18174708
307 3 3 29713977204 15363687
307 3 4 29713820291 15449988
308 3 1 29974443340 15851075
308 3 2 29961343424 24090628
308 3 3 30012688660 22250486
308 3 4 30019207451 16195722
309 3 1 30286519686 15609351
309 3 2 30268044740 17371654
309 3 3 30268913636 15320706
309 3 4 30274436308 15217054
310 3 1 30596981082 27479813
310 3 2 30678990432 16391635
310 3 3 30603727618 15873606
310 3 4 30575597501 17552298
311 3 1 30861751538 17339303
311 3 2 30857465097 17521477
311 3 3 30865103858 28056593
311 3 4 30894006510 16739112
312 3 1 31156479003 33432103
312 3 2 31141787598 18165149
312 3 3 31164274597 17832152
312 3 4 31162892191 17071699
313 3 1 31457567955 18978304
313 3 2 31325301328 16703791
313 3 3 31465920162 27225567
313 3 4 31480923621 16547968
314 3 1 31752111178 19016264
314 3 2 31769532173 26641467
314 3 3 31748730024 18939082
314 3 4 31754633354 16563849
315 3 1 32061004657 28738935
315 3 2 32054081608 17608158
315 3 3 32078879490 27205188
315 3 4 32076331483 17128899
316 3 1 32363489938 17384834
316 3 2 32385486788 17401755
316 3 3 32368450710 18320442
316 3 4 32407473307 17571578
317 3 1 32662323570 23871054
317 3 2 32627167224 28939409
317 3 3 32670902020 19347911
317 3 4 32688809864 17890274
318 3 1 32971640248 27406570
318 3 2 32945499140 18846632
318 3 3 32953754476 26581176
318 3 4 32999473898 19200988
319 3 1 33266508488 19928932
319 3 2 33276352610 19494884
319 3 3 33278533671 19963892
319 3 4 33296335294 19392412
320 3 1 33567098372 17920614
320 3 2 33596105302 19579445
320 3 3 33624450262 25704719
320 3 4 33525358473 18761679
321 3 1 33841184024 17826123
321 3 2 33839322610 26888111
321 3 3 33859624697 18272761
321 3 4 33925746022 29995179
322 3 1 34317658320 25501986
322 3 2 34196576042 26555905
322 3 3 34211912518 17776652
322 3 4 34238089346 18036166
323 3 1 34526966163 17883764
323 3 2 34540485205 18252441
323 3 3 34526961523 17829302
323 3 4 34571887721 18408023
324 3 1 34838667336 18192009
324 3 2 34826879096 28922220
324 3 3 34843399074 18423904
324 3 4 34892351147 27336239
325 3 1 35165854768 18306121
325 3 2 35151674903 18436894
325 3 3 35147617618 18402483
325 3 4 35141878911 34674397
326 3 1 35505086144 28910229
326 3 2 35474034986 19177698
326 3 3 35510601857 28151056
326 3 4 35529250756 18511575
327 3 1 35806175910 29469819
327 3 2 35835924614 18770040
327 3 3 35787047052 18293751
327 3 4 35836887501 29190314
328 3 1 36125203279 30271215
328 3 2 36129265154 28114384
328 3 3 36143129523 26842621
328 3 4 36130478168 19027066
329 3 1 36426889035 18892332
329 3 2 36405801601 18953764
329 3 3 36449039728 28764206
329 3 4 36437074075 21415829
330 3 1 36761327342 19092296
330 3 2 36753961536 19465763
330 3 3 36783527987 18901102
330 3 4 36788955048 19466883
331 3 1 37125168298 19529115
331 3 2 37119758416 28432830
331 3 3 37260161006 21614602
331 3 4 37117054767 19628746
332 3 1 37425954398 20134409
332 3 2 37438739362 19579986
332 3 3 37430323318 19638585
332 3 4 37459159396 24984020
333 3 1 37793685627 30248814
333 3 2 37731053974 19951836
333 3 3 37778330261 19774892
333 3 4 37807924266 32076993
334 3 1 38100621601 31681133
334 3 2 38138435725 20285248
334 3 3 38112312122 20315637
334 3 4 38096347801 21452268
335 3 1 38471976544 30715938
335 3 2 38440418764 19933347
335 3 3 38414009866 19732953
335 3 4 38474766304 20218901
336 3 1 38736039616 20332224
336 3 2 38793766448 19983425
336 3 3 38775931806 20180849
336 3 4 38817138360 20017185
337 3 1 39134825569 19856641
337 3 2 39137678225 24525910
337 3 3 39140793017 30836260
337 3 4 39168896503 22837616
338 3 1 39941429707 20163216
338 3 2 39842538100 21025312
338 3 3 39931025268 20334867
338 3 4 39941293773 20474991
339 3 1 40291819778 20278277
339 3 2 40278885873 20300116
339 3 3 40332297374 32831565
339 3 4 40064880723 23709371
340 3 1 40671753488 21232104
340 3 2 40625681729 20759144
340 3 3 40661515966 20557411
340 3 4 40708226299 20889277
341 3 1 41007512269 20729833
341 3 2 41011636211 31883615
341 3 3 40982737840 30879625
341 3 4 41054518159 20704522
342 3 1 41365080900 20923956
342 3 2 41329486671 20941027
342 3 3 41378927539 32344773
342 3 4 41394939682 21061468
343 3 1 41722962289 21421615
343 3 2 41716969779 30570048
343 3 3 41711599685 21559668
343 3 4 41749539931 21456406
344 3 1 42188870435 25502522
344 3 2 42076998659 21173270
344 3 3 42070391493 21531988
344 3 4 42127710656 21409220
345 3 1 42437235934 21592193
345 3 2 42441403760 21818140
345 3 3 42541985339 21349291
345 3 4 42423903181 21937983
346 3 1 42790599719 21536646
346 3 2 42784496829 22056497
346 3 3 42802647405 22216811
346 3 4 42846731905 22372893
347 3 1 43181498196 23128518
347 3 2 43109948528 34435659
347 3 3 43170480585 22021358
347 3 4 43218956334 21592062
348 3 1 43518534914 22178133
348 3 2 43526052320 32082957
348 3 3 43507710412 21927588
348 3 4 43537820002 22091612
349 3 1 43887309318 22661942
349 3 2 43937158287 33367523
349 3 3 43878607208 22455669
349 3 4 43900541173 23236934
350 3 1 44221472218 22403119
350 3 2 44195159074 22795636
350 3 3 44225953264 22477370
350 3 4 44289313956 22661884
351 3 1 44607300059 23208295
351 3 2 44612367983 22792857
351 3 3 44628514201 33165522
351 3 4 44664705164 22743726
352 3 1 44987930307 22900689
352 3 2 44955108812 22799987
352 3 3 44958226083 22795448
352 3 4 45036074470 22612534
353 3 1 45355805882 22831198
353 3 2 45350264121 23318847
353 3 3 45381935946 23059272
353 3 4 45407100907 22812367
354 3 1 45764311882 23852457
354 3 2 45786412820 34678531
354 3 3 45878535512 23742807
354 3 4 45810183074 33599291
355 3 1 46123856822 23962791
355 3 2 46110592376 23699215
355 3 3 46126411418 23751326
355 3 4 46185655951 23601453
356 3 1 46493324295 23844817
356 3 2 46498223265 24383842
356 3 3 46489721433 24084178
356 3 4 46528432920 24098129
357 3 1 46868269073 23679673
357 3 2 46892373421 23883077
357 3 3 46882829846 24028281
357 3 4 46959961944 23865338
358 3 1 47252985085 24499320
358 3 2 47277804096 24013232
358 3 3 47261758310 35058077
358 3 4 47295810505 24213598
359 3 1 47647812354 24589434
359 3 2 47678602491 32068873
359 3 3 47838428458 24721449
359 3 4 47786584537 24510745
360 3 1 48090181149 24918592
360 3 2 48036267944 25011995
360 3 3 48083358326 25114217
360 3 4 48142770325 24965044
361 3 1 48476999682 24950184
361 3 2 48441361653 24435155
361 3 3 48480897470 25826341
361 3 4 48505603886 24696589
362 3 1 48863094780 25273201
362 3 2 48857271218 25639398
362 3 3 48826563425 36275045
362 3 4 48903604376 25874703
363 3 1 49355070536 25401384
363 3 2 49217717517 26151888
363 3 3 49276814563 25252721
363 3 4 49294105801 25409173
364 3 1 49692226032 25772291
364 3 2 49659259163 25445045
364 3 3 49686672707 25126269
364 3 4 49722303994 25653509
365 3 1 50078096446 25392624
365 3 2 50028885720 25577208
365 3 3 50087734110 25397345
365 3 4 50120356883 25880513
366 3 1 50463116649 25968005
366 3 2 50494611860 25825642
366 3 3 50462262937 25723531
366 3 4 50496830279 25422044
367 3 1 50853440099 26176066
367 3 2 50897454914 25916762
367 3 3 50842607443 25978585
367 3 4 50856347285 26145249
368 3 1 51280753763 39225309
368 3 2 51273141759 26540567
368 3 3 51300461317 26928025
368 3 4 51357382060 26268833
369 3 1 51690129740 26403826
369 3 2 51737781653 36851400
369 3 3 51713005988 26620801
369 3 4 51674869995 26204034
370 3 1 52066930545 27596180
370 3 2 52038976781 27037741
370 3 3 52091198855 32980041
370 3 4 52147528835 26593104
371 3 1 52490600337 26945039
371 3 2 52466560987 27127553
371 3 3 52469851498 27034482
371 3 4 52540803892 26806028
372 3 1 52896519418 27228865
372 3 2 52892183188 27134295
372 3 3 52901992320 27347599
372 3 4 52960465186 27102344
373 3 1 53309422869 27353758
373 3 2 53311763318 27564003
373 3 3 53319813622 27378120
373 3 4 53353637135 27381709
374 3 1 53731290218 27452111
374 3 2 53738241990 27643005
374 3 3 53737649259 27421550
374 3 4 53800685409 27656926
375 3 1 54136265859 28238266
375 3 2 54137693002 28035352
375 3 3 54159958163 29358637
375 3 4 54187065026 28056623
376 3 1 54598881782 28241926
376 3 2 54602755928 27629474
376 3 3 54590097055 27790108
376 3 4 54654668958 27911090
377 3 1 55002912116 28026062
377 3 2 54967565121 28357939
377 3 3 55007238454 28402010
377 3 4 55054835016 37846835
378 3 1 55374937527 39104479
378 3 2 55449003548 28704325
378 3 3 55465427702 29045341
378 3 4 55494790250 29020470
379 3 1 55886042471 28720815
379 3 2 55845728382 28970080
379 3 3 55876523818 28806197
379 3 4 55918619186 28834447
380 3 1 56310781377 28994940
380 3 2 56255341451 28931050
380 3 3 56297581831 28940329
380 3 4 56381080183 28839867
381 3 1 56743508553 29173844
381 3 2 56702977336 28943479
381 3 3 56756270173 29138673
381 3 4 56801384662 29368767
382 3 1 57187741787 29077542
382 3 2 57179626454 28976100
382 3 3 57185045404 28922029
382 3 4 57253113600 29112363
383 3 1 57637067600 29645232
383 3 2 57627371379 29668832
383 3 3 57613831676 29285415
383 3 4 57709808543 29759125
384 3 1 58046420433 29852397
384 3 2 58047291308 29714733
384 3 3 58076497761 30066910
384 3 4 58146198829 29796775
385 3 1 58510283622 29924488
385 3 2 58517507066 29983339
385 3 3 58505096034 29740094
385 3 4 58575394270 29727096
386 3 1 58922592728 30078963
386 3 2 58969521010 40149910
386 3 3 59006390578 30336029
386 3 4 59069527068 30168727
387 3 1 59479561177 30739927
387 3 2 59494150857 30812770
387 3 3 59475914932 30723468
387 3 4 59532614953 30841111
388 3 1 59923642005 30766510
388 3 2 59934393731 30774950
388 3 3 59912768744 30706419
388 3 4 59921218979 30732780
389 3 1 60369523512 31268970
389 3 2 60365656211 46523913
389 3 3 60399266054 30741011
389 3 4 60420049054 30949874
390 3 1 60808151392 31917062
390 3 2 60798879697 31368152
390 3 3 60828307894 31215239
390 3 4 60898509948 31176629
391 3 1 61271119130 31313321
391 3 2 61279995679 31114018
391 3 3 61218066844 31416334
391 3 4 61358880514 31409533
392 3 1 61752325116 31556567
392 3 2 61727311761 31263301
392 3 3 61745646702 31591637
392 3 4 61817416057 31474595
393 3 1 62216097081 31942464
393 3 2 62221317275 32246949
393 3 3 62244452404 43568521
393 3 4 62244394337 32282451
394 3 1 62645652114 32504220
394 3 2 62611488815 31946670
394 3 3 62648209168 31952581
394 3 4 62719540219 31921861
395 3 1 63119550575 32577123
395 3 2 63138307833 32320268
395 3 3 63099505476 32319609
395 3 4 63180161463 32419201
396 3 1 63598490355 32558643
396 3 2 63594487240 32631695
396 3 3 63592684521 32624895
396 3 4 63668167764 32657246
397 3 1 64046442086 32606114
397 3 2 64077990561 32535294
397 3 3 64025961206 32836870
397 3 4 64105350127 32810498
398 3 1 64554339953 33059414
398 3 2 64571534380 32988572
398 3 3 64540359735 33207667
398 3 4 64608310807 33177396
399 3 1 65026025466 33280828
399 3 2 65034330831 33314969
399 3 3 65016712727 33235437
399 3 4 65092240706 33528573
400 3 1 65547042782 43984487
400 3 2 65469653128 33876349
400 3 3 65484481462 33840778
400 3 4 65547052567 33662825
