1 2 1 60 40
1 2 2 20 30
1 2 3 20 30
1 2 4 20 30
2 2 1 20 60
2 2 2 30 30
2 2 3 30 30
2 2 4 30 30
3 2 1 20 120
3 2 2 20 70
3 2 3 20 60
3 2 4 30 50
4 2 1 20 140
4 2 2 30 110
4 2 3 20 80
4 2 4 30 80
5 2 1 30 160
5 2 2 30 110
5 2 3 30 100
5 2 4 20 110
6 2 1 20 190
6 2 2 20 160
6 2 3 20 130
6 2 4 20 140
7 2 1 30 230
7 2 2 30 190
7 2 3 20 180
7 2 4 20 180
8 2 1 30 270
8 2 2 20 230
8 2 3 20 230
8 2 4 30 220
9 2 1 30 340
9 2 2 30 300
9 2 3 20 280
9 2 4 20 280
10 2 1 30 390
10 2 2 20 350
10 2 3 20 340
10 2 4 20 340
11 2 1 30 450
11 2 2 30 420
11 2 3 20 400
11 2 4 20 400
12 2 1 30 520
12 2 2 20 500
12 2 3 20 480
12 2 4 30 480
13 2 1 20 590
13 2 2 30 590
13 2 3 30 550
13 2 4 20 551
14 2 1 30 690
14 2 2 20 650
14 2 3 20 640
14 2 4 20 630
15 2 1 30 790
15 2 2 20 740
15 2 3 20 730
15 2 4 30 730
16 2 1 20 880
16 2 2 30 830
16 2 3 30 830
16 2 4 20 830
17 2 1 30 981
17 2 2 30 960
17 2 3 20 960
17 2 4 30 940
18 2 1 30 1130
18 2 2 20 1080
18 2 3 20 1050
18 2 4 30 1040
19 2 1 30 1260
19 2 2 20 1210
19 2 3 20 1180
19 2 4 30 1161
20 2 1 20 1370
20 2 2 20 1331
20 2 3 30 1300
20 2 4 20 1290
21 2 1 20 1500
21 2 2 20 1470
21 2 3 30 1450
21 2 4 20 1420
22 2 1 30 1650
22 2 2 20 1600
22 2 3 30 1570
22 2 4 20 1560
23 2 1 30 1780
23 2 2 30 1740
23 2 3 20 1700
23 2 4 20 1710
24 2 1 30 1920
24 2 2 30 1900
24 2 3 20 1860
24 2 4 30 1860
25 2 1 30 2070
25 2 2 20 2050
25 2 3 20 2020
25 2 4 20 2020
26 2 1 20 2250
26 2 2 30 2200
26 2 3 20 2180
26 2 4 30 2170
27 2 1 20 2570
27 2 2 20 2571
27 2 3 20 2550
27 2 4 20 2530
28 2 1 30 2790
28 2 2 30 2781
28 2 3 20 2750
28 2 4 20 2750
29 2 1 30 2970
29 2 2 20 2970
29 2 3 30 2940
29 2 4 30 2940
30 2 1 30 3180
30 2 2 20 3180
30 2 3 20 3151
30 2 4 20 3140
31 2 1 20 3360
31 2 2 30 3380
31 2 3 20 3350
31 2 4 30 3350
32 2 1 20 3590
32 2 2 20 3580
32 2 3 30 3570
32 2 4 20 3571
33 2 1 20 3800
33 2 2 20 3810
33 2 3 20 3790
33 2 4 30 3810
34 2 1 30 4060
34 2 2 20 4030
34 2 3 20 4031
34 2 4 30 4020
35 2 1 30 4250
35 2 2 30 4260
35 2 3 20 4260
35 2 4 30 4260
36 2 1 30 4490
36 2 2 30 4490
36 2 3 20 4500
36 2 4 20 4500
37 2 1 20 4730
37 2 2 20 4730
37 2 3 30 4740
37 2 4 20 4730
38 2 1 20 4990
38 2 2 20 5000
38 2 3 30 4990
38 2 4 20 4980
39 2 1 30 5240
39 2 2 20 5240
39 2 3 20 5250
39 2 4 20 5250
40 2 1 20 5500
40 2 2 30 5500
40 2 3 30 5500
40 2 4 20 5511
41 2 1 30 5780
41 2 2 20 5770
41 2 3 30 5780
41 2 4 20 5771
42 2 1 30 6040
42 2 2 30 6060
42 2 3 30 6060
42 2 4 20 6060
43 2 1 30 6340
43 2 2 20 6350
43 2 3 30 6330
43 2 4 30 6331
44 2 1 30 6630
44 2 2 30 6620
44 2 3 30 6620
44 2 4 20 6630
45 2 1 20 6920
45 2 2 20 6941
45 2 3 20 6901
45 2 4 20 6920
46 2 1 30 7230
46 2 2 20 7230
46 2 3 20 7220
46 2 4 30 7220
47 2 1 20 7530
47 2 2 20 7540
47 2 3 30 7530
47 2 4 20 7510
48 2 1 30 7850
48 2 2 20 7840
48 2 3 20 7830
48 2 4 20 7831
49 2 1 20 8160
49 2 2 30 8160
49 2 3 30 8161
49 2 4 30 8210
50 2 1 20 8500
50 2 2 30 8490
50 2 3 20 8540
50 2 4 20 8490
51 2 1 20 8820
51 2 2 30 8870
51 2 3 20 8840
51 2 4 20 8830
52 2 1 20 9170
52 2 2 30 9160
52 2 3 30 9210
52 2 4 20 9170
53 2 1 20 9521
53 2 2 20 9520
53 2 3 20 9550
53 2 4 30 9520
54 2 1 30 9860
54 2 2 30 9900
54 2 3 20 9870
54 2 4 20 9870
55 2 1 30 10230
55 2 2 20 10241
55 2 3 20 10240
55 2 4 30 10240
56 2 1 20 10640
56 2 2 30 10651
56 2 3 20 10640
56 2 4 20 10640
57 2 1 20 11011
57 2 2 30 11060
57 2 3 20 11010
57 2 4 30 11031
58 2 1 20 11431
58 2 2 20 11430
58 2 3 20 11390
58 2 4 20 11390
59 2 1 30 11791
59 2 2 20 11780
59 2 3 20 11770
59 2 4 20 11761
60 2 1 20 12171
60 2 2 30 12191
60 2 3 20 12170
60 2 4 30 12160
61 2 1 20 12570
61 2 2 20 12620
61 2 3 20 12611
61 2 4 20 12630
62 2 1 20 13010
62 2 2 20 12990
62 2 3 30 13040
62 2 4 20 13011
63 2 1 20 13440
63 2 2 30 13460
63 2 3 20 13441
63 2 4 20 13440
64 2 1 30 13860
64 2 2 20 13890
64 2 3 30 13870
64 2 4 30 13850
65 2 1 30 14401
65 2 2 20 14420
65 2 3 20 14420
65 2 4 20 14410
66 2 1 20 14910
66 2 2 20 14910
66 2 3 30 14850
66 2 4 30 14891
67 2 1 20 15300
67 2 2 20 15340
67 2 3 20 15320
67 2 4 20 15330
68 2 1 20 15700
68 2 2 20 15770
68 2 3 20 15760
68 2 4 30 15730
69 2 1 30 16210
69 2 2 30 16220
69 2 3 30 16290
69 2 4 30 16231
70 2 1 30 16660
70 2 2 20 16620
70 2 3 30 16641
70 2 4 30 16700
71 2 1 30 17161
71 2 2 30 17080
71 2 3 30 17120
71 2 4 20 17140
72 2 1 30 17621
72 2 2 20 17571
72 2 3 20 17610
72 2 4 20 17560
73 2 1 20 18141
73 2 2 30 18051
73 2 3 20 18101
73 2 4 30 18120
74 2 1 20 18510
74 2 2 30 18580
74 2 3 20 18640
74 2 4 30 18560
75 2 1 20 19021
75 2 2 30 19110
75 2 3 20 19090
75 2 4 30 19110
76 2 1 20 19530
76 2 2 20 19570
76 2 3 20 19620
76 2 4 30 19560
77 2 1 20 20050
77 2 2 20 20140
77 2 3 30 20070
77 2 4 20 20041
78 2 1 20 20611
78 2 2 30 20600
78 2 3 20 20530
78 2 4 20 20631
79 2 1 30 21060
79 2 2 20 21040
79 2 3 20 21060
79 2 4 30 21110
80 2 1 20 21601
80 2 2 30 21641
80 2 3 20 21571
80 2 4 30 21610
81 2 1 30 22180
81 2 2 20 22180
81 2 3 30 22190
81 2 4 30 22141
82 2 1 20 22690
82 2 2 20 29140
82 2 3 30 22670
82 2 4 20 22680
83 2 1 30 23271
83 2 2 30 23221
83 2 3 20 23271
83 2 4 30 23210
84 2 1 20 23870
84 2 2 20 23950
84 2 3 20 23840
84 2 4 30 23940
85 2 1 20 24491
85 2 2 30 24360
85 2 3 20 24390
85 2 4 20 24381
86 2 1 30 24981
86 2 2 20 24900
86 2 3 30 24900
86 2 4 20 24980
87 2 1 20 25480
87 2 2 20 25540
87 2 3 20 25590
87 2 4 30 25591
88 2 1 20 26240
88 2 2 20 26070
88 2 3 20 26121
88 2 4 30 26150
89 2 1 20 26860
89 2 2 30 26750
89 2 3 30 26791
89 2 4 30 26820
90 2 1 30 27371
90 2 2 20 27410
90 2 3 20 27401
90 2 4 30 27381
91 2 1 30 28030
91 2 2 20 27991
91 2 3 30 28011
91 2 4 20 27981
92 2 1 30 28690
92 2 2 20 28620
92 2 3 20 28620
92 2 4 20 28691
93 2 1 20 29250
93 2 2 30 29230
93 2 3 20 29301
93 2 4 30 29190
94 2 1 30 29970
94 2 2 20 29920
94 2 3 20 29910
94 2 4 20 29881
95 2 1 30 30431
95 2 2 30 30481
95 2 3 20 30540
95 2 4 30 30451
96 2 1 20 31920
96 2 2 30 31830
96 2 3 20 31861
96 2 4 20 31780
97 2 1 20 31700
97 2 2 20 31720
97 2 3 20 31641
97 2 4 30 31811
98 2 1 20 32471
98 2 2 20 32450
98 2 3 20 32410
98 2 4 30 32410
99 2 1 30 33021
99 2 2 30 33111
99 2 3 20 32911
99 2 4 20 33051
100 2 1 20 33650
100 2 2 20 33700
100 2 3 30 33921
100 2 4 20 33790
101 2 1 30 34180
101 2 2 30 34211
101 2 3 20 34371
101 2 4 30 34291
102 2 1 20 35191
102 2 2 30 35230
102 2 3 20 35210
102 2 4 30 35211
103 2 1 20 35671
103 2 2 30 35701
103 2 3 30 35760
103 2 4 20 35770
104 2 1 20 36411
104 2 2 30 36310
104 2 3 30 36391
104 2 4 30 36431
105 2 1 30 37190
105 2 2 30 37100
105 2 3 20 37220
105 2 4 20 37121
106 2 1 20 37921
106 2 2 30 37941
106 2 3 20 38031
106 2 4 20 38041
107 2 1 20 38461
107 2 2 20 38510
107 2 3 30 38361
107 2 4 30 38521
108 2 1 30 39110
108 2 2 20 39121
108 2 3 20 39131
108 2 4 20 39051
109 2 1 30 39831
109 2 2 30 40041
109 2 3 30 39981
109 2 4 30 40000
110 2 1 20 40881
110 2 2 20 40841
110 2 3 20 40791
110 2 4 30 40791
111 2 1 30 41561
111 2 2 20 41481
111 2 3 20 41401
111 2 4 30 41561
112 2 1 20 42421
112 2 2 20 48481
112 2 3 20 42241
112 2 4 20 42191
113 2 1 30 42911
113 2 2 20 43101
113 2 3 30 43011
113 2 4 20 43031
114 2 1 20 43740
114 2 2 20 43881
114 2 3 20 43661
114 2 4 30 43701
115 2 1 20 44511
115 2 2 30 44691
115 2 3 20 44561
115 2 4 30 44591
116 2 1 30 45531
116 2 2 20 45270
116 2 3 30 45390
116 2 4 30 45381
117 2 1 30 46261
117 2 2 20 46271
117 2 3 20 46441
117 2 4 30 46320
118 2 1 30 47221
118 2 2 30 47071
118 2 3 30 47191
118 2 4 20 47060
119 2 1 30 47891
119 2 2 30 47821
119 2 3 20 47821
119 2 4 30 47861
120 2 1 30 48501
120 2 2 30 48381
120 2 3 30 48391
120 2 4 20 48370
121 2 1 20 49261
121 2 2 30 49251
121 2 3 20 49141
121 2 4 30 49221
122 2 1 30 50191
122 2 2 20 49991
122 2 3 20 50151
122 2 4 20 50111
123 2 1 30 51121
123 2 2 20 50771
123 2 3 30 50851
123 2 4 30 51011
124 2 1 30 51651
124 2 2 20 51711
124 2 3 30 51731
124 2 4 30 51720
125 2 1 30 52581
125 2 2 30 52590
125 2 3 20 52521
125 2 4 30 52511
126 2 1 30 53441
126 2 2 30 53401
126 2 3 20 53221
126 2 4 30 53560
127 2 1 20 54021
127 2 2 20 54021
127 2 3 30 54101
127 2 4 20 54031
128 2 1 20 57151
128 2 2 20 57221
128 2 3 20 57192
128 2 4 30 57141
129 2 1 30 55891
129 2 2 30 55890
129 2 3 20 55841
129 2 4 30 55811
130 2 1 30 56701
130 2 2 20 56601
130 2 3 30 56691
130 2 4 30 56721
131 2 1 20 57351
131 2 2 20 57511
131 2 3 30 57591
131 2 4 30 57451
132 2 1 20 58491
132 2 2 30 58411
132 2 3 30 58341
132 2 4 20 58391
133 2 1 20 59071
133 2 2 20 59291
133 2 3 30 59281
133 2 4 20 64131
134 2 1 30 60421
134 2 2 30 60391
134 2 3 30 60221
134 2 4 20 60421
135 2 1 20 61071
135 2 2 30 61121
135 2 3 20 61691
135 2 4 20 61281
136 2 1 30 62011
136 2 2 30 61931
136 2 3 30 61961
136 2 4 20 62141
137 2 1 30 63011
137 2 2 20 63071
137 2 3 20 62752
137 2 4 30 63111
138 2 1 20 64001
138 2 2 30 63991
138 2 3 20 63612
138 2 4 20 63861
139 2 1 20 64961
139 2 2 20 64611
139 2 3 30 64671
139 2 4 20 64601
140 2 1 20 65711
140 2 2 20 65731
140 2 3 30 65661
140 2 4 30 65451
141 2 1 30 66611
141 2 2 30 66721
141 2 3 20 66771
141 2 4 20 67211
142 2 1 30 73662
142 2 2 20 67371
142 2 3 30 67591
142 2 4 20 67611
143 2 1 20 68471
143 2 2 20 68301
143 2 3 20 68421
143 2 4 30 68382
144 2 1 30 69472
144 2 2 30 69361
144 2 3 20 69392
144 2 4 20 69411
145 2 1 20 70472
145 2 2 20 70371
145 2 3 30 70472
145 2 4 30 70641
146 2 1 20 71431
146 2 2 30 71481
146 2 3 30 71451
146 2 4 20 71551
147 2 1 30 72081
147 2 2 30 72421
147 2 3 20 72252
147 2 4 30 77252
148 2 1 20 73742
148 2 2 30 73401
148 2 3 30 73181
148 2 4 20 73622
149 2 1 20 74201
149 2 2 20 73981
149 2 3 30 74302
149 2 4 30 78241
150 2 1 30 75111
150 2 2 30 75452
150 2 3 30 75312
150 2 4 30 75431
151 2 1 20 76252
151 2 2 20 76142
151 2 3 20 76361
151 2 4 20 76391
152 2 1 30 77601
152 2 2 30 77172
152 2 3 20 77201
152 2 4 30 77241
153 2 1 20 78581
153 2 2 20 78142
153 2 3 30 78282
153 2 4 30 78042
154 2 1 30 79421
154 2 2 30 79592
154 2 3 20 80312
154 2 4 20 79471
155 2 1 20 80531
155 2 2 20 80192
155 2 3 20 80631
155 2 4 20 80301
156 2 1 20 81351
156 2 2 20 81401
156 2 3 20 81251
156 2 4 30 81141
157 2 1 30 82712
157 2 2 30 82311
157 2 3 20 82382
157 2 4 20 89922
158 2 1 20 83432
158 2 2 20 83612
158 2 3 30 83621
158 2 4 30 83552
159 2 1 20 84581
159 2 2 20 84892
159 2 3 20 84842
159 2 4 20 84762
160 2 1 20 87251
160 2 2 20 87152
160 2 3 20 86831
160 2 4 20 86902
161 2 1 30 86592
161 2 2 20 86802
161 2 3 30 86872
161 2 4 20 86912
162 2 1 20 87602
162 2 2 30 87921
162 2 3 20 87932
162 2 4 20 87882
163 2 1 20 88772
163 2 2 30 88731
163 2 3 20 88862
163 2 4 20 88872
164 2 1 30 89941
164 2 2 20 89752
164 2 3 20 89961
164 2 4 20 89931
165 2 1 30 90692
165 2 2 20 90891
165 2 3 20 91042
165 2 4 30 90872
166 2 1 30 91931
166 2 2 20 91472
166 2 3 20 91651
166 2 4 30 91502
167 2 1 20 93522
167 2 2 30 93401
167 2 3 30 93432
167 2 4 30 92922
168 2 1 30 94382
168 2 2 20 94522
168 2 3 30 94441
168 2 4 30 94082
169 2 1 30 95322
169 2 2 30 95692
169 2 3 20 95542
169 2 4 20 95702
170 2 1 30 96762
170 2 2 20 96792
170 2 3 30 96672
170 2 4 20 96792
171 2 1 20 97831
171 2 2 20 97792
171 2 3 20 97961
171 2 4 30 97821
172 2 1 20 99102
172 2 2 30 98712
172 2 3 30 98662
172 2 4 30 98672
173 2 1 30 99982
173 2 2 20 99452
173 2 3 30 99491
173 2 4 20 99392
174 2 1 20 101212
174 2 2 20 100862
174 2 3 30 122173
174 2 4 20 101581
175 2 1 30 102351
175 2 2 20 101961
175 2 3 20 102312
175 2 4 30 102182
176 2 1 30 103602
176 2 2 30 103242
176 2 3 30 103172
176 2 4 20 103142
177 2 1 20 104392
177 2 2 20 104022
177 2 3 20 104082
177 2 4 30 104002
178 2 1 20 105932
178 2 2 20 105572
178 2 3 20 105461
178 2 4 30 105132
179 2 1 20 106812
179 2 2 20 106992
179 2 3 30 107112
179 2 4 20 107032
180 2 1 20 107662
180 2 2 30 108351
180 2 3 20 108322
180 2 4 20 108152
181 2 1 30 109792
181 2 2 30 109702
181 2 3 20 109422
181 2 4 30 109912
182 2 1 20 110732
182 2 2 30 110872
182 2 3 20 110652
182 2 4 30 111172
183 2 1 20 111542
183 2 2 20 111382
183 2 3 30 111622
183 2 4 20 111682
184 2 1 20 112772
184 2 2 30 113212
184 2 3 20 113092
184 2 4 20 113182
185 2 1 20 114442
185 2 2 20 114132
185 2 3 30 114092
185 2 4 20 120182
186 2 1 20 115342
186 2 2 30 115002
186 2 3 30 115092
186 2 4 30 115192
187 2 1 30 116082
187 2 2 20 117082
187 2 3 30 116712
187 2 4 30 116702
188 2 1 30 118152
188 2 2 30 117752
188 2 3 20 118112
188 2 4 20 117772
189 2 1 20 119142
189 2 2 30 118722
189 2 3 20 119232
189 2 4 30 119072
190 2 1 30 120472
190 2 2 20 120773
190 2 3 20 120782
190 2 4 20 119862
191 2 1 20 121642
191 2 2 20 121582
191 2 3 20 121722
191 2 4 30 121922
192 2 1 30 127103
192 2 2 20 127002
192 2 3 30 126962
192 2 4 20 127162
193 2 1 20 124052
193 2 2 20 123532
193 2 3 20 123882
193 2 4 20 124172
194 2 1 30 125403
194 2 2 20 125532
194 2 3 30 125132
194 2 4 30 129722
195 2 1 20 126422
195 2 2 20 126212
195 2 3 20 126322
195 2 4 30 126532
196 2 1 30 128462
196 2 2 20 127433
196 2 3 20 127482
196 2 4 20 127422
197 2 1 30 129162
197 2 2 30 128952
197 2 3 20 129112
197 2 4 20 129062
198 2 1 30 130322
198 2 2 20 130512
198 2 3 20 130882
198 2 4 20 131082
199 2 1 30 131802
199 2 2 20 131613
199 2 3 20 131703
199 2 4 30 131812
200 2 1 20 133452
200 2 2 20 132912
200 2 3 30 132942
200 2 4 20 133222
201 2 1 20 134653
201 2 2 20 134793
201 2 3 20 134812
201 2 4 20 134483
202 2 1 30 135692
202 2 2 20 136372
202 2 3 30 135953
202 2 4 20 136133
203 2 1 30 137712
203 2 2 20 137443
203 2 3 20 137382
203 2 4 30 137623
204 2 1 20 138453
204 2 2 30 138743
204 2 3 20 138652
204 2 4 30 138732
205 2 1 20 139693
205 2 2 30 140272
205 2 3 30 146942
205 2 4 20 140133
206 2 1 20 141312
206 2 2 30 140862
206 2 3 30 141092
206 2 4 20 141042
207 2 1 40 142522
207 2 2 30 142782
207 2 3 20 142872
207 2 4 20 142943
208 2 1 40 144383
208 2 2 20 144112
208 2 3 30 144122
208 2 4 30 143992
209 2 1 20 145333
209 2 2 30 145773
209 2 3 30 145293
209 2 4 20 145323
210 2 1 30 146463
210 2 2 20 152413
210 2 3 30 146862
210 2 4 30 146783
211 2 1 20 148372
211 2 2 30 147803
211 2 3 30 147762
211 2 4 20 148172
212 2 1 30 149143
212 2 2 30 149083
212 2 3 20 149132
212 2 4 30 149062
213 2 1 20 150993
213 2 2 30 151082
213 2 3 30 150952
213 2 4 30 151283
214 2 1 20 151923
214 2 2 30 152693
214 2 3 30 153113
214 2 4 20 152973
215 2 1 30 153373
215 2 2 30 153892
215 2 3 20 154282
215 2 4 20 159303
216 2 1 30 155203
216 2 2 20 155512
216 2 3 20 155633
216 2 4 30 155023
217 2 1 30 157042
217 2 2 20 156323
217 2 3 20 156492
217 2 4 30 157063
218 2 1 20 158333
218 2 2 20 158643
218 2 3 20 158312
218 2 4 30 158652
219 2 1 20 159963
219 2 2 30 159713
219 2 3 30 160102
219 2 4 30 159273
220 2 1 20 161853
220 2 2 30 161273
220 2 3 30 161202
220 2 4 20 160973
221 2 1 20 162072
221 2 2 20 162403
221 2 3 30 162443
221 2 4 30 162243
222 2 1 20 163773
222 2 2 20 164133
222 2 3 30 164243
222 2 4 20 164173
223 2 1 30 166203
223 2 2 20 166033
223 2 3 30 166003
223 2 4 30 166133
224 2 1 30 175163
224 2 2 20 175943
224 2 3 30 175273
224 2 4 30 175213
225 2 1 30 168403
225 2 2 30 168483
225 2 3 30 168693
225 2 4 20 168433
226 2 1 30 169663
226 2 2 20 169263
226 2 3 20 169633
226 2 4 30 170113
227 2 1 20 395607
227 2 2 20 171224
227 2 3 20 171723
227 2 4 30 171283
228 2 1 30 173553
228 2 2 30 172973
228 2 3 30 173613
228 2 4 30 172963
229 2 1 30 174563
229 2 2 20 174533
229 2 3 30 174893
229 2 4 30 174793
230 2 1 30 175733
230 2 2 20 176133
230 2 3 20 175413
230 2 4 20 175913
231 2 1 30 177024
231 2 2 30 177613
231 2 3 20 178003
231 2 4 20 177853
232 2 1 20 178893
232 2 2 20 178823
232 2 3 30 178683
232 2 4 20 178863
233 2 1 20 181223
233 2 2 30 181193
233 2 3 30 180763
233 2 4 30 180614
234 2 1 20 182363
234 2 2 20 182194
234 2 3 20 182783
234 2 4 20 182333
235 2 1 20 183973
235 2 2 20 183874
235 2 3 20 184184
235 2 4 20 183864
236 2 1 30 184654
236 2 2 30 185413
236 2 3 30 185303
236 2 4 20 185623
237 2 1 30 186913
237 2 2 20 186413
237 2 3 20 187243
237 2 4 30 186993
238 2 1 30 188463
238 2 2 20 188213
238 2 3 20 188773
238 2 4 20 188203
239 2 1 30 189903
239 2 2 30 190473
239 2 3 20 189744
239 2 4 20 190054
240 2 1 20 192054
240 2 2 20 191613
240 2 3 20 191444
240 2 4 20 192024
241 2 1 20 193353
241 2 2 20 193763
241 2 3 20 193544
241 2 4 30 193423
242 2 1 20 195244
242 2 2 20 194954
242 2 3 30 194843
242 2 4 30 194263
243 2 1 30 196373
243 2 2 30 196323
243 2 3 30 196434
243 2 4 20 196083
244 2 1 20 198223
244 2 2 20 197974
244 2 3 30 198073
244 2 4 20 198613
245 2 1 30 199963
245 2 2 20 199694
245 2 3 20 205564
245 2 4 20 200023
246 2 1 30 200794
246 2 2 20 202424
246 2 3 30 201233
246 2 4 20 201363
247 2 1 20 202613
247 2 2 30 203324
247 2 3 20 202623
247 2 4 20 203223
248 2 1 30 204363
248 2 2 20 205904
248 2 3 20 204924
248 2 4 30 204504
249 2 1 30 206203
249 2 2 30 205744
249 2 3 20 211464
249 2 4 30 206913
250 2 1 30 207884
250 2 2 30 207854
250 2 3 30 207383
250 2 4 20 208084
251 2 1 30 208934
251 2 2 20 209234
251 2 3 30 209204
251 2 4 20 209544
252 2 1 30 211874
252 2 2 20 215984
252 2 3 20 211364
252 2 4 20 210684
253 2 1 30 213124
253 2 2 30 213283
253 2 3 30 212574
253 2 4 30 212524
254 2 1 20 213713
254 2 2 20 214294
254 2 3 30 213934
254 2 4 20 214194
255 2 1 20 230044
255 2 2 20 235444
255 2 3 20 230484
255 2 4 20 230284
256 2 1 20 220394
256 2 2 30 221104
256 2 3 20 220764
256 2 4 30 220814
257 2 1 30 226134
257 2 2 20 226264
257 2 3 20 227494
257 2 4 30 227094
258 2 1 30 221924
258 2 2 30 220933
258 2 3 20 221854
258 2 4 20 220794
259 2 1 30 223574
259 2 2 20 223354
259 2 3 20 228294
259 2 4 30 223254
260 2 1 30 224903
260 2 2 30 224354
260 2 3 20 224284
260 2 4 30 232094
261 2 1 20 227054
261 2 2 20 227054
261 2 3 20 226124
261 2 4 20 226554
262 2 1 20 229244
262 2 2 30 229694
262 2 3 30 230104
262 2 4 30 228354
263 2 1 20 230324
263 2 2 30 230714
263 2 3 20 230464
263 2 4 30 228895
264 2 1 20 231565
264 2 2 30 232564
264 2 3 30 232824
264 2 4 30 231904
265 2 1 20 241374
265 2 2 30 233884
265 2 3 20 233974
265 2 4 20 233914
266 2 1 20 235724
266 2 2 20 235444
266 2 3 30 235394
266 2 4 20 235304
267 2 1 20 237294
267 2 2 20 237664
267 2 3 30 237184
267 2 4 30 237064
268 2 1 20 239384
268 2 2 20 238794
268 2 3 20 238224
268 2 4 30 239364
269 2 1 20 240844
269 2 2 20 240514
269 2 3 20 241074
269 2 4 30 241094
270 2 1 20 241864
270 2 2 30 242444
270 2 3 30 244234
270 2 4 20 242464
271 2 1 20 244074
271 2 2 30 244514
271 2 3 30 244084
271 2 4 30 251435
272 2 1 30 246895
272 2 2 20 245424
272 2 3 30 246714
272 2 4 30 246014
273 2 1 30 247764
273 2 2 30 248105
273 2 3 30 248004
273 2 4 20 248205
274 2 1 30 249714
274 2 2 20 253354
274 2 3 20 249174
274 2 4 20 250004
275 2 1 20 252314
275 2 2 20 251694
275 2 3 20 251845
275 2 4 20 257374
276 2 1 30 253924
276 2 2 30 253314
276 2 3 20 253105
276 2 4 20 253715
277 2 1 30 255464
277 2 2 20 255425
277 2 3 20 277284
277 2 4 20 255794
278 2 1 30 257455
278 2 2 30 257845
278 2 3 20 257644
278 2 4 20 255434
279 2 1 30 257874
279 2 2 20 257785
279 2 3 20 262264
279 2 4 20 258945
280 2 1 30 259444
280 2 2 20 259545
280 2 3 20 258904
280 2 4 20 259474
281 2 1 20 261075
281 2 2 20 266244
281 2 3 20 261214
281 2 4 20 260904
282 2 1 30 263104
282 2 2 30 262635
282 2 3 30 263124
282 2 4 20 262834
283 2 1 30 264954
283 2 2 30 265354
283 2 3 30 264904
283 2 4 20 265325
284 2 1 30 266845
284 2 2 30 266685
284 2 3 30 267785
284 2 4 20 267335
285 2 1 30 268585
285 2 2 30 268815
285 2 3 20 268995
285 2 4 30 268404
286 2 1 30 270924
286 2 2 20 270505
286 2 3 30 270644
286 2 4 30 270655
287 2 1 30 272475
287 2 2 20 272525
287 2 3 30 272395
287 2 4 30 271765
288 2 1 20 292015
288 2 2 20 297275
288 2 3 20 294105
288 2 4 30 296975
289 2 1 20 276745
289 2 2 20 276145
289 2 3 20 275795
289 2 4 20 276585
290 2 1 20 278015
290 2 2 30 277855
290 2 3 30 278175
290 2 4 30 278645
291 2 1 20 279595
291 2 2 20 280135
291 2 3 20 279865
291 2 4 30 280085
292 2 1 20 281884
292 2 2 30 281855
292 2 3 20 285755
292 2 4 30 281625
293 2 1 20 289645
293 2 2 20 284365
293 2 3 20 284085
293 2 4 20 283425
294 2 1 30 286545
294 2 2 20 285945
294 2 3 20 286465
294 2 4 30 286765
295 2 1 30 288015
295 2 2 30 287735
295 2 3 30 287685
295 2 4 20 287865
296 2 1 30 289905
296 2 2 20 289315
296 2 3 30 293835
296 2 4 20 289415
297 2 1 20 291525
297 2 2 20 291145
297 2 3 20 292025
297 2 4 20 292165
298 2 1 30 293515
298 2 2 20 294475
298 2 3 20 293745
298 2 4 20 294045
299 2 1 20 295725
299 2 2 20 295925
299 2 3 20 296105
299 2 4 30 295705
300 2 1 30 298066
300 2 2 30 297885
300 2 3 20 297585
300 2 4 20 297966
301 2 1 20 299765
301 2 2 20 299055
301 2 3 20 299125
301 2 4 20 299645
302 2 1 30 301785
302 2 2 30 301155
302 2 3 20 306745
302 2 4 20 301575
303 2 1 20 303335
303 2 2 20 303345
303 2 3 20 303385
303 2 4 20 302875
304 2 1 30 305156
304 2 2 20 304686
304 2 3 20 305705
304 2 4 30 305536
305 2 1 30 307285
305 2 2 30 312125
305 2 3 30 307866
305 2 4 30 307726
306 2 1 20 309195
306 2 2 20 308945
306 2 3 20 309155
306 2 4 30 309435
307 2 1 30 311156
307 2 2 20 312285
307 2 3 20 311745
307 2 4 20 315096
308 2 1 30 313055
308 2 2 20 313695
308 2 3 30 318285
308 2 4 30 313415
309 2 1 20 315786
309 2 2 20 315736
309 2 3 20 315905
309 2 4 30 316025
310 2 1 30 318886
310 2 2 30 318905
310 2 3 20 318666
310 2 4 30 319036
311 2 1 30 319525
311 2 2 30 319796
311 2 3 20 319986
311 2 4 30 320735
312 2 1 30 322526
312 2 2 30 323576
312 2 3 30 321826
312 2 4 20 321066
313 2 1 20 323646
313 2 2 20 323346
313 2 3 20 322996
313 2 4 20 323966
314 2 1 30 326216
314 2 2 20 326185
314 2 3 30 325646
314 2 4 20 325766
315 2 1 20 333366
315 2 2 20 327835
315 2 3 20 327915
315 2 4 30 331286
316 2 1 30 329176
316 2 2 30 329755
316 2 3 30 330016
316 2 4 30 329996
317 2 1 20 332386
317 2 2 20 331426
317 2 3 20 336646
317 2 4 30 331786
318 2 1 20 333766
318 2 2 30 334036
318 2 3 20 333966
318 2 4 30 334266
319 2 1 30 335016
319 2 2 30 335396
319 2 3 30 336576
319 2 4 20 335986
320 2 1 20 389087
320 2 2 30 359526
320 2 3 30 363956
320 2 4 20 364716
321 2 1 30 340656
321 2 2 20 340926
321 2 3 30 340616
321 2 4 20 340216
322 2 1 20 342076
322 2 2 20 342086
322 2 3 30 342456
322 2 4 30 343756
323 2 1 20 344736
323 2 2 30 345366
323 2 3 20 345846
323 2 4 30 344466
324 2 1 30 346317
324 2 2 20 346596
324 2 3 20 346127
324 2 4 20 346736
325 2 1 20 349186
325 2 2 30 349476
325 2 3 30 353456
325 2 4 20 348287
326 2 1 20 354287
326 2 2 20 352886
326 2 3 30 353246
326 2 4 30 353946
327 2 1 30 355666
327 2 2 20 354616
327 2 3 30 355096
327 2 4 20 354916
328 2 1 30 358876
328 2 2 30 358916
328 2 3 30 359457
328 2 4 20 366136
329 2 1 30 361256
329 2 2 30 359066
329 2 3 30 358776
329 2 4 30 360517
330 2 1 30 362196
330 2 2 20 362096
330 2 3 20 363077
330 2 4 20 366636
331 2 1 20 364236
331 2 2 30 364897
331 2 3 20 370127
331 2 4 30 364016
332 2 1 20 366196
332 2 2 30 367186
332 2 3 30 366677
332 2 4 20 371157
333 2 1 20 368466
333 2 2 30 367756
333 2 3 20 369236
333 2 4 30 370067
334 2 1 20 371407
334 2 2 30 368106
334 2 3 20 369356
334 2 4 20 369217
335 2 1 20 371437
335 2 2 30 370447
335 2 3 30 370356
335 2 4 20 376747
336 2 1 20 374427
336 2 2 30 373297
336 2 3 20 373906
336 2 4 20 373287
337 2 1 20 381526
337 2 2 30 375376
337 2 3 30 375037
337 2 4 20 376576
338 2 1 20 377957
338 2 2 30 377597
338 2 3 30 377966
338 2 4 30 377106
339 2 1 20 379317
339 2 2 20 379997
339 2 3 20 379786
339 2 4 30 378996
340 2 1 30 382027
340 2 2 20 382477
340 2 3 20 381336
340 2 4 30 382256
341 2 1 30 384837
341 2 2 20 385296
341 2 3 20 389297
341 2 4 20 385106
342 2 1 20 387347
342 2 2 20 387207
342 2 3 20 387057
342 2 4 30 386447
343 2 1 20 388097
343 2 2 20 389526
343 2 3 30 390097
343 2 4 20 388527
344 2 1 30 390887
344 2 2 30 390907
344 2 3 20 390827
344 2 4 20 1244502
345 2 1 30 392927
345 2 2 20 394307
345 2 3 30 393017
345 2 4 30 393737
346 2 1 20 396317
346 2 2 20 395257
346 2 3 20 395667
346 2 4 30 395717
347 2 1 20 397487
347 2 2 30 397687
347 2 3 20 420527
347 2 4 20 397687
348 2 1 30 403067
348 2 2 30 399867
348 2 3 20 400367
348 2 4 20 399897
349 2 1 30 420167
349 2 2 30 403387
349 2 3 20 403207
349 2 4 20 402817
350 2 1 30 405277
350 2 2 20 405607
350 2 3 30 406657
350 2 4 30 404877
351 2 1 30 407487
351 2 2 30 407627
351 2 3 20 500968
351 2 4 30 407077
352 2 1 30 421838
352 2 2 30 438158
352 2 3 20 426437
352 2 4 30 443718
353 2 1 20 411697
353 2 2 20 412637
353 2 3 20 411687
353 2 4 20 411407
354 2 1 30 413887
354 2 2 30 415997
354 2 3 20 419887
354 2 4 30 413908
355 2 1 20 423968
355 2 2 20 417618
355 2 3 30 420397
355 2 4 20 416677
356 2 1 20 418337
356 2 2 20 417897
356 2 3 20 418367
356 2 4 20 418617
357 2 1 30 422097
357 2 2 30 421447
357 2 3 20 421028
357 2 4 30 420578
358 2 1 30 425158
358 2 2 20 424168
358 2 3 30 423167
358 2 4 30 424187
359 2 1 20 437548
359 2 2 20 424698
359 2 3 30 425287
359 2 4 20 425097
360 2 1 20 428757
360 2 2 20 427497
360 2 3 20 427948
360 2 4 20 429188
361 2 1 30 431227
361 2 2 20 429788
361 2 3 20 435028
361 2 4 20 429507
362 2 1 20 432498
362 2 2 30 433057
362 2 3 30 433628
362 2 4 30 434128
363 2 1 30 435168
363 2 2 30 442278
363 2 3 20 436637
363 2 4 20 435937
364 2 1 20 437708
364 2 2 20 441727
364 2 3 30 438488
364 2 4 20 438087
365 2 1 20 440678
365 2 2 30 441707
365 2 3 20 445898
365 2 4 20 440078
366 2 1 20 442558
366 2 2 30 444517
366 2 3 20 442728
366 2 4 20 442358
367 2 1 30 445038
367 2 2 20 446478
367 2 3 20 445118
367 2 4 30 444348
368 2 1 30 460158
368 2 2 30 448878
368 2 3 20 447638
368 2 4 30 447687
369 2 1 20 450378
369 2 2 30 450488
369 2 3 20 449838
369 2 4 30 449547
370 2 1 30 451518
370 2 2 20 452478
370 2 3 20 452658
370 2 4 30 451778
371 2 1 30 456078
371 2 2 30 455348
371 2 3 20 459398
371 2 4 20 453898
372 2 1 30 457108
372 2 2 20 457658
372 2 3 30 457758
372 2 4 30 458008
373 2 1 20 463928
373 2 2 20 460808
373 2 3 20 459788
373 2 4 30 459528
374 2 1 30 466098
374 2 2 20 461378
374 2 3 20 462008
374 2 4 20 461738
375 2 1 20 472859
375 2 2 20 472478
375 2 3 20 469368
375 2 4 20 464658
376 2 1 20 471018
376 2 2 20 468168
376 2 3 30 467388
376 2 4 20 467218
377 2 1 20 471388
377 2 2 30 472198
377 2 3 20 481928
377 2 4 20 473799
378 2 1 30 474318
378 2 2 20 475019
378 2 3 30 472869
378 2 4 30 473108
379 2 1 20 475398
379 2 2 30 482099
379 2 3 20 476018
379 2 4 30 474758
380 2 1 20 478828
380 2 2 20 480239
380 2 3 20 483008
380 2 4 20 476838
381 2 1 20 479779
381 2 2 20 483488
381 2 3 20 481929
381 2 4 30 481658
382 2 1 30 488658
382 2 2 20 484539
382 2 3 30 483558
382 2 4 20 482198
383 2 1 30 491299
383 2 2 30 485089
383 2 3 30 485299
383 2 4 30 485839
384 2 1 30 504709
384 2 2 20 498069
384 2 3 20 500159
384 2 4 20 498648
385 2 1 20 493338
385 2 2 20 490138
385 2 3 20 489899
385 2 4 20 488978
386 2 1 20 495069
386 2 2 20 493679
386 2 3 30 492218
386 2 4 30 493038
387 2 1 20 507849
387 2 2 20 499209
387 2 3 20 498399
387 2 4 30 497498
388 2 1 20 503959
388 2 2 30 503279
388 2 3 30 500979
388 2 4 20 501039
389 2 1 30 503389
389 2 2 30 503179
389 2 3 30 503419
389 2 4 20 503268
390 2 1 30 513179
390 2 2 20 507369
390 2 3 20 507019
390 2 4 20 506699
391 2 1 30 512919
391 2 2 30 511009
391 2 3 30 509068
391 2 4 30 511789
392 2 1 30 520939
392 2 2 20 513769
392 2 3 30 512809
392 2 4 20 512119
393 2 1 20 516029
393 2 2 20 515889
393 2 3 30 522080
393 2 4 30 515749
394 2 1 20 520889
394 2 2 20 519160
394 2 3 30 523339
394 2 4 30 517119
395 2 1 30 521499
395 2 2 30 524709
395 2 3 20 520569
395 2 4 20 519539
396 2 1 20 525579
396 2 2 30 525249
396 2 3 20 521730
396 2 4 30 522719
397 2 1 30 526069
397 2 2 30 528259
397 2 3 20 527279
397 2 4 30 524209
398 2 1 30 529910
398 2 2 30 530890
398 2 3 20 530239
398 2 4 20 526839
399 2 1 30 541179
399 2 2 20 535219
399 2 3 30 531179
399 2 4 20 531139
400 2 1 20 541219
400 2 2 30 536270
400 2 3 30 542600
400 2 4 20 532559
1 3 1 20 30
1 3 2 30 30
1 3 3 20 20
1 3 4 20 20
2 3 1 20 70
2 3 2 30 60
2 3 3 20 50
2 3 4 30 50
3 3 1 30 280
3 3 2 20 150
3 3 3 20 110
3 3 4 20 110
4 3 1 20 470
4 3 2 30 260
4 3 3 20 250
4 3 4 20 240
5 3 1 20 680
5 3 2 20 530
5 3 3 20 480
5 3 4 20 480
6 3 1 20 1060
6 3 2 30 850
6 3 3 20 830
6 3 4 20 850
7 3 1 20 1550
7 3 2 30 1390
7 3 3 20 1350
7 3 4 30 1350
8 3 1 30 2180
8 3 2 20 2070
8 3 3 30 2020
8 3 4 30 2030
9 3 1 20 3021
9 3 2 30 2870
9 3 3 30 2860
9 3 4 30 2861
10 3 1 20 4091
10 3 2 20 3980
10 3 3 30 3970
10 3 4 20 3950
11 3 1 30 5350
11 3 2 30 5280
11 3 3 20 5250
11 3 4 20 5250
12 3 1 20 6920
12 3 2 30 6840
12 3 3 20 6810
12 3 4 20 6930
13 3 1 30 8851
13 3 2 30 8720
13 3 3 30 8730
13 3 4 20 8700
14 3 1 30 11130
14 3 2 20 11120
14 3 3 20 11040
14 3 4 20 11010
15 3 1 20 13681
15 3 2 20 13610
15 3 3 30 13530
15 3 4 20 13500
16 3 1 30 18320
16 3 2 30 18320
16 3 3 30 18291
16 3 4 30 18300
17 3 1 20 20751
17 3 2 20 19781
17 3 3 20 19740
17 3 4 20 19751
18 3 1 20 23601
18 3 2 20 23500
18 3 3 30 23550
18 3 4 20 23500
19 3 1 30 27810
19 3 2 20 27550
19 3 3 30 27581
19 3 4 20 27620
20 3 1 20 32311
20 3 2 20 32190
20 3 3 20 32281
20 3 4 30 32211
21 3 1 20 37740
21 3 2 30 37511
21 3 3 30 37330
21 3 4 20 37431
22 3 1 30 43421
22 3 2 20 43221
22 3 3 20 43241
22 3 4 20 43170
23 3 1 30 53611
23 3 2 30 53621
23 3 3 30 53641
23 3 4 30 53631
24 3 1 30 60991
24 3 2 20 60811
24 3 3 20 60831
24 3 4 20 60881
25 3 1 30 68581
25 3 2 30 68462
25 3 3 30 68651
25 3 4 20 68321
26 3 1 30 77311
26 3 2 20 77062
26 3 3 30 76832
26 3 4 30 76552
27 3 1 20 86081
27 3 2 30 86041
27 3 3 20 86141
27 3 4 20 85932
28 3 1 20 95621
28 3 2 20 95702
28 3 3 30 95742
28 3 4 30 95522
29 3 1 30 106182
29 3 2 20 106092
29 3 3 30 106102
29 3 4 20 106392
30 3 1 30 117542
30 3 2 30 117332
30 3 3 20 117512
30 3 4 30 117752
31 3 1 30 129802
31 3 2 30 128922
31 3 3 30 128903
31 3 4 20 128432
32 3 1 20 149242
32 3 2 30 150293
32 3 3 30 150053
32 3 4 30 149593
33 3 1 20 156383
33 3 2 30 155573
33 3 3 30 156833
33 3 4 20 155282
34 3 1 20 170433
34 3 2 30 169523
34 3 3 20 170053
34 3 4 30 170233
35 3 1 30 184803
35 3 2 20 188843
35 3 3 30 185343
35 3 4 30 185533
36 3 1 30 217864
36 3 2 30 200384
36 3 3 30 200334
36 3 4 20 200274
37 3 1 30 218854
37 3 2 30 224653
37 3 3 20 218924
37 3 4 20 219704
38 3 1 20 242934
38 3 2 20 236305
38 3 3 30 235364
38 3 4 30 235864
39 3 1 30 255924
39 3 2 30 255554
39 3 3 20 254945
39 3 4 30 255795
40 3 1 30 284505
40 3 2 20 289175
40 3 3 20 282695
40 3 4 20 283705
41 3 1 20 295665
41 3 2 30 294965
41 3 3 20 296805
41 3 4 20 295286
42 3 1 30 319285
42 3 2 20 319546
42 3 3 20 318226
42 3 4 20 318335
43 3 1 30 340296
43 3 2 20 340786
43 3 3 30 340156
43 3 4 30 340396
44 3 1 20 364547
44 3 2 20 365786
44 3 3 20 364886
44 3 4 20 370606
45 3 1 30 390517
45 3 2 20 389357
45 3 3 30 395547
45 3 4 40 389917
46 3 1 30 417257
46 3 2 30 416187
46 3 3 30 418008
46 3 4 30 438327
47 3 1 30 442437
47 3 2 30 443438
47 3 3 20 442168
47 3 4 30 443268
48 3 1 30 488498
48 3 2 20 495379
48 3 3 20 491729
48 3 4 30 488248
49 3 1 30 511509
49 3 2 30 502079
49 3 3 30 501989
49 3 4 30 502808
50 3 1 30 534259
50 3 2 20 538300
50 3 3 20 535379
50 3 4 20 544479
51 3 1 30 576110
51 3 2 30 569840
51 3 3 30 568780
51 3 4 30 567780
52 3 1 20 604281
52 3 2 20 603640
52 3 3 30 601831
52 3 4 30 599090
53 3 1 30 644672
53 3 2 30 641751
53 3 3 20 660151
53 3 4 20 639772
54 3 1 20 678781
54 3 2 20 691283
54 3 3 20 686432
54 3 4 30 684062
55 3 1 20 719493
55 3 2 20 717932
55 3 3 30 714712
55 3 4 30 713433
56 3 1 20 782683
56 3 2 30 775134
56 3 3 20 789044
56 3 4 20 773234
57 3 1 30 801564
57 3 2 20 806624
57 3 3 30 806474
57 3 4 30 810814
58 3 1 30 848225
58 3 2 30 856965
58 3 3 20 853335
58 3 4 20 845315
59 3 1 30 902375
59 3 2 30 906386
59 3 3 20 910756
59 3 4 20 894935
60 3 1 30 960377
60 3 2 20 961867
60 3 3 30 957756
60 3 4 30 952157
61 3 1 20 1014988
61 3 2 20 1013588
61 3 3 20 1014578
61 3 4 20 1003817
62 3 1 20 1067479
62 3 2 20 1069279
62 3 3 20 1068048
62 3 4 20 1064289
63 3 1 30 1152730
63 3 2 20 1160140
63 3 3 20 1145440
63 3 4 20 1130310
64 3 1 20 1304993
64 3 2 20 1277982
64 3 3 30 1270822
64 3 4 20 1248402
65 3 1 30 1279203
65 3 2 20 1267542
65 3 3 20 1259612
65 3 4 20 1254002
66 3 1 20 1316553
66 3 2 20 1321823
66 3 3 20 1310583
66 3 4 20 1315823
67 3 1 30 1378924
67 3 2 30 1391854
67 3 3 20 1364164
67 3 4 20 1380334
68 3 1 30 1452276
68 3 2 20 1455286
68 3 3 20 1436935
68 3 4 30 1447066
69 3 1 30 1545657
69 3 2 30 1521427
69 3 3 20 1538046
69 3 4 20 1501377
70 3 1 30 1583537
70 3 2 30 1557177
70 3 3 30 1585967
70 3 4 20 1577347
71 3 1 20 1611028
71 3 2 30 1655239
71 3 3 30 1623108
71 3 4 30 1627838
72 3 1 20 1768851
72 3 2 30 1764901
72 3 3 30 1761500
72 3 4 30 1768322
73 3 1 20 1804651
73 3 2 20 1799622
73 3 3 20 1818952
73 3 4 30 1785051
74 3 1 20 1877972
74 3 2 20 1884123
74 3 3 20 1871953
74 3 4 30 1868463
75 3 1 30 1944664
75 3 2 20 1992365
75 3 3 30 1947004
75 3 4 20 1951654
76 3 1 20 2010685
76 3 2 30 2061427
76 3 3 20 2022766
76 3 4 20 2020436
77 3 1 30 2077226
77 3 2 20 2134318
77 3 3 20 2084936
77 3 4 20 2085897
78 3 1 20 2205899
78 3 2 20 2211929
78 3 3 20 2600796
78 3 4 20 2206099
79 3 1 20 2304101
79 3 2 30 2333521
79 3 3 20 2307790
79 3 4 20 2284759
80 3 1 30 2395822
80 3 2 20 2452513
80 3 3 30 3235906
80 3 4 20 2401852
81 3 1 20 2417843
81 3 2 20 2472723
81 3 3 20 2605556
81 3 4 30 2438952
82 3 1 20 2542375
82 3 2 30 2586445
82 3 3 20 2555515
82 3 4 20 2559004
83 3 1 30 2631156
83 3 2 20 2628126
83 3 3 30 2555045
83 3 4 30 2625506
84 3 1 20 2747938
84 3 2 20 2727377
84 3 3 30 2721307
84 3 4 30 2713828
85 3 1 30 2834929
85 3 2 20 2857230
85 3 3 30 2753758
85 3 4 20 2844929
86 3 1 20 2993553
86 3 2 30 3012993
86 3 3 20 2861000
86 3 4 20 2977422
87 3 1 20 3085914
87 3 2 30 3074004
87 3 3 30 3080074
87 3 4 30 3222316
88 3 1 30 3242606
88 3 2 30 3218987
88 3 3 30 3233376
88 3 4 30 3233717
89 3 1 20 3295338
89 3 2 20 3286118
89 3 3 30 3288258
89 3 4 20 3292248
90 3 1 20 3433250
90 3 2 30 3540932
90 3 3 20 3548332
90 3 4 30 3683954
91 3 1 30 3628354
91 3 2 20 3531092
91 3 3 20 3520292
91 3 4 30 3515482
92 3 1 20 3658384
92 3 2 20 3656284
92 3 3 20 3653044
92 3 4 20 3647764
93 3 1 30 3876628
93 3 2 20 3764966
93 3 3 20 3930629
93 3 4 30 3776177
94 3 1 20 3940889
94 3 2 30 3947748
94 3 3 20 3925539
94 3 4 20 3931538
95 3 1 30 4060632
95 3 2 20 4197154
95 3 3 30 4226554
95 3 4 30 4064061
96 3 1 30 4399027
96 3 2 30 4525729
96 3 3 20 4467398
96 3 4 20 4393917
97 3 1 20 4591380
97 3 2 30 4699182
97 3 3 30 4321826
97 3 4 30 4449188
98 3 1 20 4571990
98 3 2 30 4508009
98 3 3 30 4813714
98 3 4 30 4708333
99 3 1 20 4755014
99 3 2 20 5381704
99 3 3 20 4770344
99 3 4 20 5020908
100 3 1 20 5146259
100 3 2 20 4857696
100 3 3 30 4875675
100 3 4 20 4815325
101 3 1 20 5295802
101 3 2 20 4979348
101 3 3 30 5205802
101 3 4 20 5263402
102 3 1 20 5450825
102 3 2 30 5448556
102 3 3 20 5428175
102 3 4 20 5099069
103 3 1 20 4960667
103 3 2 30 5574288
103 3 3 30 5159770
103 3 4 30 5153800
104 3 1 30 5793601
104 3 2 20 5824402
104 3 3 30 5439035
104 3 4 30 5555487
105 3 1 30 5882813
105 3 2 20 5526857
105 3 3 30 5624838
105 3 4 20 5497196
106 3 1 20 5838152
106 3 2 20 5867503
106 3 3 30 5828722
106 3 4 30 5797221
107 3 1 20 6259790
107 3 2 30 5779241
107 3 3 30 5957975
107 3 4 30 5817442
108 3 1 30 6054846
108 3 2 20 5967905
108 3 3 20 6052936
108 3 4 30 6131018
109 3 1 20 5950114
109 3 2 20 6217599
109 3 3 20 6176398
109 3 4 20 6124168
110 3 1 20 6824789
110 3 2 30 6391332
110 3 3 20 6347941
110 3 4 30 6761588
111 3 1 20 7036483
111 3 2 30 6546445
111 3 3 30 6442263
111 3 4 20 6588275
112 3 1 30 6751379
112 3 2 30 6756319
112 3 3 30 6866751
112 3 4 20 7316608
113 3 1 20 6558115
113 3 2 30 6959072
113 3 3 20 6770679
113 3 4 30 6843870
114 3 1 30 6750498
114 3 2 30 6921181
114 3 3 20 7134785
114 3 4 20 7135455
115 3 1 30 7063404
115 3 2 30 7118325
115 3 3 20 7157575
115 3 4 20 7143504
116 3 1 30 7075844
116 3 2 20 7338989
116 3 3 20 7289768
116 3 4 20 7291088
117 3 1 30 11615263
117 3 2 30 7490571
117 3 3 20 7531241
117 3 4 20 7608272
118 3 1 40 7491191
118 3 2 20 7638254
118 3 3 20 7705125
118 3 4 20 8203903
119 3 1 20 8356326
119 3 2 20 7810337
119 3 3 30 8341716
119 3 4 20 7924019
120 3 1 30 8607621
120 3 2 20 8674632
120 3 3 30 8705243
120 3 4 20 8103711
121 3 1 30 8829513
121 3 2 30 8770853
121 3 3 20 8345725
121 3 4 20 8774354
122 3 1 20 8968916
122 3 2 30 8970577
122 3 3 30 8407467
122 3 4 20 8957437
123 3 1 30 9251192
123 3 2 30 8607601
123 3 3 30 9250862
123 3 4 20 9235292
124 3 1 20 9502047
124 3 2 30 8908966
124 3 3 20 8854665
124 3 4 30 8976667
125 3 1 30 8996418
125 3 2 30 9166321
125 3 3 20 9104219
125 3 4 30 8998607
126 3 1 30 9215911
126 3 2 30 9975885
126 3 3 30 9311153
126 3 4 30 9987834
127 3 1 20 9475256
127 3 2 20 10251919
127 3 3 20 10177718
127 3 4 20 9571508
128 3 1 20 12228084
128 3 2 30 11999721
128 3 3 30 12234185
128 3 4 20 12002050
129 3 1 20 9973234
129 3 2 20 10723868
129 3 3 30 9928154
129 3 4 30 9859923
130 3 1 20 9826082
130 3 2 20 10158868
130 3 3 30 10157308
130 3 4 20 10090817
131 3 1 40 11278998
131 3 2 30 10408082
131 3 3 30 10543615
131 3 4 30 11258227
132 3 1 30 11522131
132 3 2 30 10329961
132 3 3 20 10363992
132 3 4 20 10600386
133 3 1 20 10702718
133 3 2 30 10728567
133 3 3 20 10729468
133 3 4 20 10516754
134 3 1 30 10809779
134 3 2 30 10772879
134 3 3 20 10948762
134 3 4 30 12054051
135 3 1 20 11061953
135 3 2 20 11056463
135 3 3 20 11421665
135 3 4 20 11050478
136 3 1 50 11592218
136 3 2 30 12771387
136 3 3 30 11559927
136 3 4 20 11542546
137 3 1 30 11514706
137 3 2 30 11854552
137 3 3 30 11722770
137 3 4 20 11521187
138 3 1 30 11762470
138 3 2 20 12010275
138 3 3 20 11799591
138 3 4 30 11786411
139 3 1 20 13426398
139 3 2 20 12047176
139 3 3 30 12223448
139 3 4 20 12035266
140 3 1 20 12334851
140 3 2 20 12299360
140 3 3 30 12552514
140 3 4 20 12525933
141 3 1 20 12636255
141 3 2 30 12624186
141 3 3 20 12612096
141 3 4 30 12633545
142 3 1 30 12923821
142 3 2 20 12949922
142 3 3 20 12986722
142 3 4 30 12918540
143 3 1 20 13147584
143 3 2 30 13144244
143 3 3 30 13151485
143 3 4 20 13345488
144 3 1 30 13654993
144 3 2 20 13658093
144 3 3 30 13647573
144 3 4 20 13688114
145 3 1 30 13751315
145 3 2 30 13748535
145 3 3 30 13971039
145 3 4 20 13743025
146 3 1 20 14021049
146 3 2 20 14041300
146 3 3 30 14031520
146 3 4 30 14031350
147 3 1 30 15941263
147 3 2 30 14247843
147 3 3 30 14247424
147 3 4 30 14239714
148 3 1 20 14636770
148 3 2 30 14641490
148 3 3 30 14635460
148 3 4 30 14643340
149 3 1 20 14820663
149 3 2 20 14833853
149 3 3 20 14827714
149 3 4 20 14839633
150 3 1 20 15204269
150 3 2 30 15171989
150 3 3 20 15192409
150 3 4 20 15190000
151 3 1 30 15528066
151 3 2 30 15518285
151 3 3 20 15534325
151 3 4 30 15533715
152 3 1 20 16216517
152 3 2 30 16233617
152 3 3 30 16265139
152 3 4 20 16228018
153 3 1 20 16141716
153 3 2 20 16145616
153 3 3 30 16127596
153 3 4 30 16148946
154 3 1 40 16399300
154 3 2 20 16382411
154 3 3 20 16381700
154 3 4 20 16410070
155 3 1 20 16786137
155 3 2 30 16766486
155 3 3 30 16770627
155 3 4 20 16776997
156 3 1 30 17085232
156 3 2 30 17058532
156 3 3 20 17092882
156 3 4 30 17109423
157 3 1 20 17471819
157 3 2 30 17500809
157 3 3 30 17508150
157 3 4 20 17493799
158 3 1 30 17774755
158 3 2 20 17776924
158 3 3 20 17758844
158 3 4 20 17744374
159 3 1 20 18097920
159 3 2 20 18096659
159 3 3 20 18087569
159 3 4 20 18508067
160 3 1 30 19631486
160 3 2 20 19676037
160 3 3 20 21020100
160 3 4 20 21070541
161 3 1 20 18758711
161 3 2 30 18816712
161 3 3 20 19168508
161 3 4 30 20987710
162 3 1 20 21388406
162 3 2 20 19672367
162 3 3 30 19443733
162 3 4 30 19610757
163 3 1 30 19797209
163 3 2 30 19819100
163 3 3 20 19905600
163 3 4 30 19961302
164 3 1 20 20178625
164 3 2 20 22200400
164 3 3 20 20182146
164 3 4 20 20324858
165 3 1 20 20531622
165 3 2 30 20655474
165 3 3 30 20635074
165 3 4 30 20794036
166 3 1 30 20583844
166 3 2 20 20947639
166 3 3 30 20941329
166 3 4 20 21018290
167 3 1 20 21182822
167 3 2 30 21246794
167 3 3 20 21453638
167 3 4 30 21274365
168 3 1 30 21672052
168 3 2 20 23821429
168 3 3 20 23792679
168 3 4 20 21724243
169 3 1 30 22207430
169 3 2 30 22243572
169 3 3 20 22373745
169 3 4 20 22313992
170 3 1 30 24637913
170 3 2 20 22483546
170 3 3 30 22718850
170 3 4 20 24582022
171 3 1 20 23017145
171 3 2 20 22595308
171 3 3 20 23077116
171 3 4 20 22641799
172 3 1 20 25459507
172 3 2 20 23076696
172 3 3 20 23114297
172 3 4 20 23252810
173 3 1 20 25820673
173 3 2 20 23288490
173 3 3 30 23581705
173 3 4 30 23536364
174 3 1 30 24331988
174 3 2 20 24004263
174 3 3 30 23759178
174 3 4 30 26176519
175 3 1 20 24082394
175 3 2 20 24404259
175 3 3 30 24319257
175 3 4 20 24451599
176 3 1 20 24981380
176 3 2 30 24806407
176 3 3 20 24508921
176 3 4 20 24692895
177 3 1 20 25516488
177 3 2 30 25517189
177 3 3 20 25206403
177 3 4 30 24972538
178 3 1 20 25921716
178 3 2 30 25965845
178 3 3 20 25858715
178 3 4 30 25789294
179 3 1 20 26299572
179 3 2 20 26022497
179 3 3 20 25749132
179 3 4 20 26004797
180 3 1 20 28694783
180 3 2 20 26400454
180 3 3 30 26184071
180 3 4 20 26478985
181 3 1 20 26657847
181 3 2 30 26675409
181 3 3 20 27132036
181 3 4 30 27013164
182 3 1 20 26969084
182 3 2 30 27381661
182 3 3 30 26970684
182 3 4 20 26968784
183 3 1 20 27380300
183 3 2 30 27644316
183 3 3 20 27372551
183 3 4 20 27671376
184 3 1 20 28249985
184 3 2 30 28775785
184 3 3 20 28481100
184 3 4 20 28652813
185 3 1 30 29009458
185 3 2 30 28479970
185 3 3 30 28926647
185 3 4 20 28870537
186 3 1 20 28808546
186 3 2 20 28814277
186 3 3 30 28777655
186 3 4 30 29741502
187 3 1 20 29313825
187 3 2 20 29740582
187 3 3 30 29517798
187 3 4 20 29302584
188 3 1 20 30016397
188 3 2 30 30019787
188 3 3 20 30432085
188 3 4 30 30203510
189 3 1 30 30279151
189 3 2 30 30561557
189 3 3 20 30456854
189 3 4 20 30204991
190 3 1 30 31406771
190 3 2 20 31528023
190 3 3 20 31168467
190 3 4 20 31307509
191 3 1 30 33720321
191 3 2 30 31791668
191 3 3 30 31442852
191 3 4 30 31453762
192 3 1 20 32188284
192 3 2 20 32566612
192 3 3 30 32383578
192 3 4 30 32188565
193 3 1 30 32195674
193 3 2 20 32217625
193 3 3 30 32209475
193 3 4 20 32515851
194 3 1 30 32781485
194 3 2 30 32792495
194 3 3 20 32783465
194 3 4 20 33084140
195 3 1 30 33132471
195 3 2 30 33173913
195 3 3 20 33572549
195 3 4 30 33123001
196 3 1 20 33948625
196 3 2 20 33792373
196 3 3 20 33817453
196 3 4 20 33806494
197 3 1 30 34177170
197 3 2 20 34192960
197 3 3 20 34510995
197 3 4 20 34403763
198 3 1 30 34757559
198 3 2 20 34725339
198 3 3 30 34753809
198 3 4 20 34727069
199 3 1 20 53200118
199 3 2 20 53212437
199 3 3 20 53204197
199 3 4 30 53195178
200 3 1 30 36156634
200 3 2 20 36190874
200 3 3 20 36406709
200 3 4 20 36351027
201 3 1 20 36382958
201 3 2 20 36436448
201 3 3 20 36409149
201 3 4 30 36530380
202 3 1 20 36841956
202 3 2 30 37023649
202 3 3 30 36790865
202 3 4 30 36772805
203 3 1 30 37525498
203 3 2 30 37503698
203 3 3 30 37503638
203 3 4 30 37474447
204 3 1 30 37915434
204 3 2 20 38220810
204 3 3 30 37933945
204 3 4 30 38264441
205 3 1 20 38796380
205 3 2 20 38812121
205 3 3 20 38780511
205 3 4 30 38807830
206 3 1 30 39075195
206 3 2 20 39059045
206 3 3 30 39078255
206 3 4 30 39096596
207 3 1 30 40471219
207 3 2 30 40472489
207 3 3 20 40484519
207 3 4 20 40463110
208 3 1 20 40274486
208 3 2 20 40208884
208 3 3 30 40206654
208 3 4 20 40230164
209 3 1 20 40801115
209 3 2 30 41036319
209 3 3 30 40664613
209 3 4 20 40722744
210 3 1 20 41645669
210 3 2 20 41691191
210 3 3 20 42329252
210 3 4 20 41612991
211 3 1 30 42125828
211 3 2 30 42145529
211 3 3 30 42134648
211 3 4 20 42126169
212 3 1 30 42737249
212 3 2 30 42686638
212 3 3 30 42647778
212 3 4 20 42635048
213 3 1 20 43131046
213 3 2 20 43163287
213 3 3 20 43135326
213 3 4 20 43385171
214 3 1 20 43921310
214 3 2 30 43854398
214 3 3 30 43805918
214 3 4 30 43878489
215 3 1 20 44465939
215 3 2 30 44433110
215 3 3 20 44440199
215 3 4 30 44361668
216 3 1 20 45363654
216 3 2 30 45336464
216 3 3 20 45380766
216 3 4 30 45312814
217 3 1 30 45521698
217 3 2 30 45496967
217 3 3 30 45490688
217 3 4 20 45729211
218 3 1 20 46389752
218 3 2 30 46653648
218 3 3 30 46363152
218 3 4 30 46310681
219 3 1 30 46765639
219 3 2 20 46712879
219 3 3 20 46767049
219 3 4 30 46751800
220 3 1 30 47737497
220 3 2 20 47737086
220 3 3 20 47787707
220 3 4 30 47743267
221 3 1 30 48045482
221 3 2 20 48068613
221 3 3 20 48069253
221 3 4 20 48060963
222 3 1 30 48665154
222 3 2 20 48678584
222 3 3 20 48674422
222 3 4 30 48723114
223 3 1 20 49779862
223 3 2 20 49832483
223 3 3 30 49809863
223 3 4 30 49801513
224 3 1 20 50529495
224 3 2 20 50554365
224 3 3 20 50554566
224 3 4 30 50563225
225 3 1 20 51104575
225 3 2 30 51064944
225 3 3 30 51120755
225 3 4 20 51015913
226 3 1 30 51573723
226 3 2 20 51551793
226 3 3 20 51544903
226 3 4 30 51566534
227 3 1 20 52062462
227 3 2 30 52101493
227 3 3 20 52070432
227 3 4 20 52116124
228 3 1 20 52962029
228 3 2 30 52927828
228 3 3 20 52996769
228 3 4 20 52967308
229 3 1 20 81317490
229 3 2 30 81282078
229 3 3 20 81791518
229 3 4 30 81349870
230 3 1 30 54253001
230 3 2 30 54253050
230 3 3 30 54223770
230 3 4 30 54529726
231 3 1 30 55332650
231 3 2 30 55141726
231 3 3 20 55372200
231 3 4 20 55424761
232 3 1 30 56159834
232 3 2 30 56110703
232 3 3 30 56043171
232 3 4 20 56133583
233 3 1 30 56287216
233 3 2 30 56287457
233 3 3 20 56295387
233 3 4 20 56249546
234 3 1 20 57273004
234 3 2 30 57248543
234 3 3 30 57345834
234 3 4 20 57271753
235 3 1 20 58244241
235 3 2 20 57873033
235 3 3 30 58233570
235 3 4 30 58217469
236 3 1 30 58343842
236 3 2 30 58505145
236 3 3 30 58458774
236 3 4 20 58503905
237 3 1 30 60052492
237 3 2 20 59738437
237 3 3 30 59689535
237 3 4 20 59719206
238 3 1 20 60341337
238 3 2 30 60406648
238 3 3 30 60332207
238 3 4 20 60400068
239 3 1 20 60765455
239 3 2 20 60731784
239 3 3 20 60688834
239 3 4 20 60723384
240 3 1 30 61639330
240 3 2 20 61368635
240 3 3 30 61684311
240 3 4 20 61642390
241 3 1 20 62383123
241 3 2 30 62436024
241 3 3 30 62402774
241 3 4 30 62369503
242 3 1 20 63419462
242 3 2 20 63421521
242 3 3 30 63437311
242 3 4 20 63406321
243 3 1 20 64113333
243 3 2 30 64080052
243 3 3 20 64107673
243 3 4 30 64054022
244 3 1 20 64880316
244 3 2 30 64890898
244 3 3 30 64925767
244 3 4 30 64902828
245 3 1 20 65576588
245 3 2 20 65551588
245 3 3 30 66107309
245 3 4 20 65477717
246 3 1 20 66832521
246 3 2 30 66821631
246 3 3 20 66804520
246 3 4 20 66854202
247 3 1 20 67060425
247 3 2 30 66994234
247 3 3 20 67004814
247 3 4 30 67097566
248 3 1 30 104920092
248 3 2 30 104963353
248 3 3 20 104995954
248 3 4 20 104838712
249 3 1 30 68684314
249 3 2 30 68744864
249 3 3 30 68702104
249 3 4 20 68764365
250 3 1 20 69745242
250 3 2 20 69579728
250 3 3 30 69789903
250 3 4 30 70461745
251 3 1 30 70562246
251 3 2 30 70788709
251 3 3 20 70536425
251 3 4 30 70547396
252 3 1 20 71425510
252 3 2 20 71456541
252 3 3 30 71436381
252 3 4 20 71442021
253 3 1 20 72618292
253 3 2 30 73008479
253 3 3 30 72861066
253 3 4 30 72616152
254 3 1 20 73431656
254 3 2 20 73202372
254 3 3 20 73035659
254 3 4 20 73463097
255 3 1 20 75719976
255 3 2 20 75531563
255 3 3 20 75580183
255 3 4 30 75543162
256 3 1 30 83663795
256 3 2 20 83461481
256 3 3 30 83268438
256 3 4 20 84076512
257 3 1 20 76203424
257 3 2 30 76638902
257 3 3 20 76744794
257 3 4 20 76163454
258 3 1 30 77293395
258 3 2 20 77261703
258 3 3 20 77359404
258 3 4 20 77915245
259 3 1 20 77570528
259 3 2 20 77522128
259 3 3 30 77520798
259 3 4 20 77545298
260 3 1 20 78432353
260 3 2 20 78381202
260 3 3 20 78338382
260 3 4 20 78420603
261 3 1 30 80111734
261 3 2 30 79632614
261 3 3 20 79661165
261 3 4 30 79851287
262 3 1 20 81067799
262 3 2 30 81015979
262 3 3 30 81565909
262 3 4 30 81042698
263 3 1 20 82200919
263 3 2 20 81147452
263 3 3 20 81706951
263 3 4 30 81169881
264 3 1 20 82744449
264 3 2 20 83095816
264 3 3 30 82593816
264 3 4 20 82596626
265 3 1 20 82674948
265 3 2 30 82574786
265 3 3 30 83301018
265 3 4 30 83238638
266 3 1 40 84363257
266 3 2 30 84711273
266 3 3 20 83854148
266 3 4 30 83838097
267 3 1 20 84399367
267 3 2 30 84450949
267 3 3 20 84469100
267 3 4 30 84916897
268 3 1 30 85840393
268 3 2 20 85356225
268 3 3 30 85355685
268 3 4 20 85517537
269 3 1 20 86794429
269 3 2 20 86498384
269 3 3 20 87203967
269 3 4 20 87279188
270 3 1 40 87738906
270 3 2 20 87833928
270 3 3 30 87580993
270 3 4 20 87754476
271 3 1 20 88609021
271 3 2 30 89145151
271 3 3 20 89187902
271 3 4 20 88619311
272 3 1 30 89747041
272 3 2 20 89318393
272 3 3 30 89253632
272 3 4 30 89519767
273 3 1 20 90836420
273 3 2 20 90640997
273 3 3 30 90165988
273 3 4 20 90794309
274 3 1 20 91574213
274 3 2 30 91759726
274 3 3 30 91783016
274 3 4 20 91737966
275 3 1 30 92717512
275 3 2 20 93387734
275 3 3 30 93089300
275 3 4 20 92641682
276 3 1 20 94106366
276 3 2 20 93590308
276 3 3 30 93546508
276 3 4 30 93985885
277 3 1 20 94300850
277 3 2 20 94948913
277 3 3 20 94604775
277 3 4 20 94179159
278 3 1 20 95942919
278 3 2 30 95519782
278 3 3 30 95687766
278 3 4 20 95697575
279 3 1 20 97457695
279 3 2 30 97556137
279 3 3 30 97728340
279 3 4 20 97481357
280 3 1 30 98866480
280 3 2 20 98530945
280 3 3 30 98209498
280 3 4 20 98356111
281 3 1 20 99366518
281 3 2 20 99410259
281 3 3 20 99523121
281 3 4 30 98839869
282 3 1 30 100649364
282 3 2 20 100312839
282 3 3 20 100195897
282 3 4 20 100618000
283 3 1 20 101766100
283 3 2 20 101843353
283 3 3 20 101751864
283 3 4 20 101752206
284 3 1 20 103188102
284 3 2 20 102798267
284 3 3 30 103601377
284 3 4 30 102755621
285 3 1 20 103897120
285 3 2 30 103177696
285 3 3 20 103882686
285 3 4 20 103670094
286 3 1 20 104729421
286 3 2 20 104158782
286 3 3 30 104525103
286 3 4 20 104922676
287 3 1 30 105802149
287 3 2 20 105895204
287 3 3 20 106012182
287 3 4 20 105765919
288 3 1 20 107343618
288 3 2 30 107648979
288 3 3 30 107278145
288 3 4 30 107146246
289 3 1 20 107889796
289 3 2 20 107288788
289 3 3 20 108126569
289 3 4 30 107277957
290 3 1 20 109084599
290 3 2 20 109066403
290 3 3 20 109800383
290 3 4 30 109020131
291 3 1 20 110153199
291 3 2 20 110076083
291 3 3 20 110034447
291 3 4 30 110072412
292 3 1 20 111246573
292 3 2 30 110587944
292 3 3 20 111317494
292 3 4 20 111293478
293 3 1 30 112439087
293 3 2 20 112347580
293 3 3 30 112320855
293 3 4 30 112344721
294 3 1 20 112574511
294 3 2 30 112800900
294 3 3 30 112414339
294 3 4 100 112492396
295 3 1 20 116536333
295 3 2 20 116714613
295 3 3 20 116245428
295 3 4 20 116782236
296 3 1 30 116330833
296 3 2 30 116278627
296 3 3 20 116387494
296 3 4 30 116336800
297 3 1 20 116554999
297 3 2 20 116551536
297 3 3 30 116530061
297 3 4 20 116520849
298 3 1 20 118250858
298 3 2 20 117920858
298 3 3 20 117768461
298 3 4 50 117928891
299 3 1 30 119349756
299 3 2 30 119185169
299 3 3 30 119418520
299 3 4 30 119432637
300 3 1 20 120213978
300 3 2 30 120292087
300 3 3 30 119957178
300 3 4 20 120074977
301 3 1 20 185714263
301 3 2 20 186013095
301 3 3 30 185113792
301 3 4 180 186023094
302 3 1 30 122711352
302 3 2 330 123162617
302 3 3 30 122811467
302 3 4 20 122789984
303 3 1 20 124216559
303 3 2 20 124241627
303 3 3 20 124201752
303 3 4 30 124120389
304 3 1 240 125135445
304 3 2 20 125062971
304 3 3 20 125332744
304 3 4 30 125308621
305 3 1 20 126555502
305 3 2 30 127080319
305 3 3 50 126938994
305 3 4 20 126327200
306 3 1 30 127990799
306 3 2 30 128406406
306 3 3 20 128128767
306 3 4 40 127956131
307 3 1 20 128991208
307 3 2 20 128696101
307 3 3 40 128726479
307 3 4 30 128988782
308 3 1 30 130358385
308 3 2 30 130521596
308 3 3 30 130372601
308 3 4 20 130512762
309 3 1 20 131134562
309 3 2 30 131341194
309 3 3 30 130987255
309 3 4 50 131425700
310 3 1 30 132879718
310 3 2 60 133116300
310 3 3 30 132982754
310 3 4 50 133269738
311 3 1 20 133762466
311 3 2 30 133825345
311 3 3 30 133898555
311 3 4 30 133668649
312 3 1 100 138727482
312 3 2 30 138329763
312 3 3 30 138658957
312 3 4 30 138425941
313 3 1 30 137091605
313 3 2 30 137090842
313 3 3 20 137288465
313 3 4 30 137014198
314 3 1 70 138432443
314 3 2 30 137256820
314 3 3 20 138394650
314 3 4 60 137596223
315 3 1 30 139227142
315 3 2 20 139499025
315 3 3 20 139327081
315 3 4 20 139508504
316 3 1 20 141064450
316 3 2 60 140323296
316 3 3 20 141108098
316 3 4 20 140801062
317 3 1 30 142127445
317 3 2 30 141978891
317 3 3 20 141978400
317 3 4 40 142191263
318 3 1 90 144343471
318 3 2 20 144602785
318 3 3 20 144830278
318 3 4 20 144822067
319 3 1 30 144355787
319 3 2 30 144536069
319 3 3 30 144653500
319 3 4 20 143770952
320 3 1 30 148737313
320 3 2 380 148468678
320 3 3 30 148192882
320 3 4 30 148158470
321 3 1 20 146491728
321 3 2 30 146902025
321 3 3 30 147227329
321 3 4 70 146773640
322 3 1 20 148002202
322 3 2 20 147770276
322 3 3 30 147727675
322 3 4 90 148806214
323 3 1 30 155804521
323 3 2 30 156774529
323 3 3 30 156106695
323 3 4 40 155656997
324 3 1 20 152364016
324 3 2 20 151921617
324 3 3 30 151748083
324 3 4 30 151688001
325 3 1 30 153606275
325 3 2 20 153321290
325 3 3 30 153318529
325 3 4 20 153150345
326 3 1 30 154228093
326 3 2 30 154538679
326 3 3 30 154834893
326 3 4 30 154510057
327 3 1 30 155874452
327 3 2 30 155819990
327 3 3 30 156004753
327 3 4 20 156032692
328 3 1 20 158237671
328 3 2 20 158931304
328 3 3 30 158622867
328 3 4 20 158318582
329 3 1 30 158615047
329 3 2 30 158660738
329 3 3 20 158876110
329 3 4 20 158894770
330 3 1 30 160190693
330 3 2 270 160386047
330 3 3 20 160283733
330 3 4 30 160060369
331 3 1 30 160839163
331 3 2 30 162324650
331 3 3 30 162143376
331 3 4 60 161562035
332 3 1 30 162757326
332 3 2 20 162815927
332 3 3 20 161898880
332 3 4 30 162874848
333 3 1 20 164589043
333 3 2 20 164478343
333 3 3 30 164593957
333 3 4 30 164714952
334 3 1 30 166440438
334 3 2 30 166526071
334 3 3 20 166219448
334 3 4 20 165738762
335 3 1 30 168314095
335 3 2 30 166640604
335 3 3 30 167952473
335 3 4 20 167488307
336 3 1 20 168622973
336 3 2 30 168702958
336 3 3 20 169039308
336 3 4 30 168727766
337 3 1 470 260130544
337 3 2 30 260893020
337 3 3 20 260325879
337 3 4 190 260061665
338 3 1 120 172141834
338 3 2 30 171042156
338 3 3 30 171492479
338 3 4 60 172683118
339 3 1 40 173203522
339 3 2 20 173428232
339 3 3 20 173433337
339 3 4 30 173206178
340 3 1 20 175543098
340 3 2 30 175626045
340 3 3 20 175289674
340 3 4 40 175859000
341 3 1 20 177229992
341 3 2 20 177508144
341 3 3 20 177299254
341 3 4 20 176827402
342 3 1 30 177719095
342 3 2 20 177608329
342 3 3 20 177796528
342 3 4 30 177444649
343 3 1 20 273114700
343 3 2 20 274113095
343 3 3 30 273187731
343 3 4 390 272738466
344 3 1 30 181675692
344 3 2 30 182351512
344 3 3 30 181800498
344 3 4 20 182379535
345 3 1 20 181836872
345 3 2 30 182795537
345 3 3 20 182394066
345 3 4 20 182831213
346 3 1 30 183307209
346 3 2 30 183862816
346 3 3 40 183918945
346 3 4 30 183894561
347 3 1 30 185916307
347 3 2 30 186160739
347 3 3 20 185598816
347 3 4 30 185367619
348 3 1 20 187283433
348 3 2 170 187864852
348 3 3 20 187270068
348 3 4 30 187981260
349 3 1 30 188312343
349 3 2 30 188821391
349 3 3 40 189156125
349 3 4 20 188663875
350 3 1 20 190419625
350 3 2 30 189880033
350 3 3 20 190865329
350 3 4 20 190115753
351 3 1 360 191289894
351 3 2 20 192479665
351 3 3 20 191999724
351 3 4 30 192721096
352 3 1 20 194493497
352 3 2 30 194727150
352 3 3 20 195044555
352 3 4 30 194410352
353 3 1 20 196405757
353 3 2 20 194704564
353 3 3 30 195639430
353 3 4 20 194902115
354 3 1 20 197820909
354 3 2 30 196615844
354 3 3 20 197341537
354 3 4 30 197260794
355 3 1 20 199329531
355 3 2 20 199730208
355 3 3 690 199368189
355 3 4 20 199310637
356 3 1 20 200942707
356 3 2 40 201567807
356 3 3 40 202264449
356 3 4 20 201019806
357 3 1 20 202383809
357 3 2 20 202605993
357 3 3 30 203154372
357 3 4 20 202711504
358 3 1 20 204758600
358 3 2 20 204700158
358 3 3 20 204750348
358 3 4 20 205887649
359 3 1 30 312703177
359 3 2 30 314425987
359 3 3 30 314611020
359 3 4 30 312414590
360 3 1 30 209367349
360 3 2 30 208147055
360 3 3 20 209105732
360 3 4 20 208884288
361 3 1 20 210493747
361 3 2 20 210112419
361 3 3 20 210133329
361 3 4 30 209760493
362 3 1 30 210615107
362 3 2 20 210851761
362 3 3 30 210861680
362 3 4 30 210797528
363 3 1 290 212618632
363 3 2 30 211868217
363 3 3 30 213599108
363 3 4 30 213492157
364 3 1 20 213957124
364 3 2 20 213975544
364 3 3 20 214806409
364 3 4 30 214267399
365 3 1 30 216697034
365 3 2 30 216547390
365 3 3 20 216999158
365 3 4 20 216646761
366 3 1 20 217192301
366 3 2 170 217628159
366 3 3 30 217270063
366 3 4 20 217581197
367 3 1 30 221013719
367 3 2 20 220793726
367 3 3 30 221285514
367 3 4 30 220992140
368 3 1 30 221334203
368 3 2 20 222570314
368 3 3 30 221762475
368 3 4 30 221307304
369 3 1 20 223369560
369 3 2 30 223157794
369 3 3 20 223298173
369 3 4 20 221706731
370 3 1 30 224204585
370 3 2 20 225067580
370 3 3 30 224618748
370 3 4 30 224995014
371 3 1 20 227716913
371 3 2 30 228035496
371 3 3 20 227627527
371 3 4 30 227909880
372 3 1 20 230626629
372 3 2 160 231178668
372 3 3 20 230509663
372 3 4 20 230956620
373 3 1 20 229300127
373 3 2 30 230107180
373 3 3 20 230265643
373 3 4 20 230031307
374 3 1 20 356338492
374 3 2 20 356382161
374 3 3 20 356119713
374 3 4 30 356217234
375 3 1 30 234148745
375 3 2 30 234667114
375 3 3 30 234245685
375 3 4 20 233201935
376 3 1 460 365777411
376 3 2 20 365731078
376 3 3 20 365719897
376 3 4 20 365088654
377 3 1 30 239384424
377 3 2 20 239004947
377 3 3 30 238155940
377 3 4 30 238107547
378 3 1 20 240454380
378 3 2 30 239295888
378 3 3 30 239959849
378 3 4 20 239734274
379 3 1 30 244186655
379 3 2 20 244062142
379 3 3 20 244847417
379 3 4 50 242653264
380 3 1 30 245235313
380 3 2 420 244977076
380 3 3 20 245973924
380 3 4 20 245301861
381 3 1 20 250855783
381 3 2 20 251304301
381 3 3 20 250654009
381 3 4 30 249852643
382 3 1 20 250539866
382 3 2 20 248677030
382 3 3 20 250043655
382 3 4 30 250010744
383 3 1 130 252303466
383 3 2 30 252177593
383 3 3 20 252477259
383 3 4 30 252077851
384 3 1 20 253713000
384 3 2 20 253077618
384 3 3 30 253381364
384 3 4 20 252803843
385 3 1 30 256770985
385 3 2 30 254742987
385 3 3 20 257221354
385 3 4 20 256197784
386 3 1 20 257992556
386 3 2 30 257033329
386 3 3 30 258088488
386 3 4 20 257313663
387 3 1 40 258008876
387 3 2 20 257434715
387 3 3 30 257656230
387 3 4 30 257695879
388 3 1 20 258405392
388 3 2 20 259172066
388 3 3 20 259032503
388 3 4 20 259239367
389 3 1 20 262800542
389 3 2 30 261030589
389 3 3 30 261567759
389 3 4 30 262655839
390 3 1 20 262842442
390 3 2 280 262119160
390 3 3 20 262001057
390 3 4 20 263021485
391 3 1 20 266461068
391 3 2 50 267649241
391 3 3 190 266334917
391 3 4 20 267074559
392 3 1 20 270165146
392 3 2 20 269086896
392 3 3 20 269499704
392 3 4 30 271432979
393 3 1 30 269640086
393 3 2 20 268622367
393 3 3 30 268735019
393 3 4 220 268012306
394 3 1 30 271309886
394 3 2 30 270938649
394 3 3 30 272985017
394 3 4 20 272092689
395 3 1 30 272514995
395 3 2 30 271690467
395 3 3 20 272682154
395 3 4 20 272836853
396 3 1 20 276860357
396 3 2 20 274849699
396 3 3 20 275656551
396 3 4 30 275024168
397 3 1 30 278488570
397 3 2 20 279008869
397 3 3 30 279363803
397 3 4 30 277078870
398 3 1 20 279101776
398 3 2 490 280748986
398 3 3 20 281893716
398 3 4 30 280815424
399 3 1 20 282680587
399 3 2 30 281396643
399 3 3 20 281777438
399 3 4 20 280779030
400 3 1 20 285002107
400 3 2 20 284512916
400 3 3 30 283685860
400 3 4 30 282880384
