1 2 1 15321 40
1 2 2 390 30
1 2 3 260 20
1 2 4 260 30
2 2 1 3660 70
2 2 2 980 30
2 2 3 700 30
2 2 4 690 30
3 2 1 2750 110
3 2 2 1820 90
3 2 3 1370 40
3 2 4 1350 60
4 2 1 3060 150
4 2 2 2360 100
4 2 3 2270 70
4 2 4 2270 80
5 2 1 3770 150
5 2 2 3590 120
5 2 3 3500 100
5 2 4 3430 110
6 2 1 5020 180
6 2 2 5060 140
6 2 3 4951 140
6 2 4 4950 130
7 2 1 6800 220
7 2 2 6750 210
7 2 3 6610 180
7 2 4 6590 180
8 2 1 8730 300
8 2 2 8570 230
8 2 3 8560 220
8 2 4 8560 230
9 2 1 10950 340
9 2 2 10930 290
9 2 3 10791 290
9 2 4 10790 270
10 2 1 13390 380
10 2 2 13311 350
10 2 3 13250 340
10 2 4 13210 340
11 2 1 16061 450
11 2 2 16510 420
11 2 3 16120 420
11 2 4 16010 400
12 2 1 19120 540
12 2 2 19001 500
12 2 3 18980 480
12 2 4 18991 470
13 2 1 22390 620
13 2 2 22261 590
13 2 3 22220 560
13 2 4 22181 560
14 2 1 26220 710
14 2 2 25861 650
14 2 3 25810 640
14 2 4 25851 640
15 2 1 29641 790
15 2 2 29590 740
15 2 3 29571 730
15 2 4 29550 740
16 2 1 33670 890
16 2 2 33671 850
16 2 3 33601 840
16 2 4 33630 830
17 2 1 38020 990
17 2 2 45221 970
17 2 3 38021 970
17 2 4 37801 950
18 2 1 42521 1140
18 2 2 42461 1070
18 2 3 42390 1060
18 2 4 42451 1050
19 2 1 47331 1280
19 2 2 47301 1210
19 2 3 47251 1200
19 2 4 47271 1180
20 2 1 52511 1380
20 2 2 52501 1330
20 2 3 52411 1300
20 2 4 52431 1310
21 2 1 57811 1500
21 2 2 57741 1480
21 2 3 57701 1460
21 2 4 57781 1420
22 2 1 63581 1630
22 2 2 63432 1620
22 2 3 63391 1570
22 2 4 63411 1570
23 2 1 69351 1790
23 2 2 69241 1750
23 2 3 69091 1720
23 2 4 69162 1710
24 2 1 80971 1930
24 2 2 75562 1910
24 2 3 75481 1860
24 2 4 75381 1860
25 2 1 83321 2080
25 2 2 81882 2040
25 2 3 81801 2010
25 2 4 81852 2010
26 2 1 92092 2240
26 2 2 88661 2210
26 2 3 88671 2180
26 2 4 88522 2180
27 2 1 97132 2570
27 2 2 95582 2570
27 2 3 95321 2540
27 2 4 95461 2550
28 2 1 105741 2800
28 2 2 102511 2780
28 2 3 102611 2760
28 2 4 102402 2750
29 2 1 111561 2980
29 2 2 110022 2980
29 2 3 120722 2940
29 2 4 110222 2940
30 2 1 117992 3181
30 2 2 117692 3170
30 2 3 117612 3140
30 2 4 117612 3130
31 2 1 125822 3380
31 2 2 125812 3380
31 2 3 125592 3360
31 2 4 126033 3360
32 2 1 134242 3590
32 2 2 133942 3580
32 2 3 134612 3561
32 2 4 133982 3560
33 2 1 142313 3800
33 2 2 142352 3811
33 2 3 142282 3790
33 2 4 142423 3800
34 2 1 151193 4030
34 2 2 151082 4021
34 2 3 151102 4020
34 2 4 151283 4020
35 2 1 160073 4250
35 2 2 160093 4260
35 2 3 159963 4260
35 2 4 159973 4260
36 2 1 169383 4480
36 2 2 177643 4490
36 2 3 169383 4490
36 2 4 169453 4490
37 2 1 179023 4741
37 2 2 179043 4730
37 2 3 178953 4740
37 2 4 178933 4741
38 2 1 188993 5000
38 2 2 189094 4990
38 2 3 188833 4990
38 2 4 188904 4990
39 2 1 199253 5260
39 2 2 199463 5240
39 2 3 199214 5250
39 2 4 199533 5260
40 2 1 209833 5511
40 2 2 209833 5500
40 2 3 209774 5500
40 2 4 209734 5510
41 2 1 331026 5790
41 2 2 220764 5780
41 2 3 220314 5760
41 2 4 220034 5780
42 2 1 231024 6070
42 2 2 231364 6050
42 2 3 230924 6050
42 2 4 231184 6851
43 2 1 242234 6340
43 2 2 242384 6341
43 2 3 242374 6350
43 2 4 242284 6330
44 2 1 253624 6630
44 2 2 253995 6630
44 2 3 253834 6621
44 2 4 253664 6620
45 2 1 264485 6940
45 2 2 264155 6920
45 2 3 264355 6920
45 2 4 264204 6931
46 2 1 276104 7230
46 2 2 276195 7220
46 2 3 276174 7230
46 2 4 276184 7220
47 2 1 288545 7530
47 2 2 289005 7520
47 2 3 288655 7540
47 2 4 288485 7541
48 2 1 300605 7880
48 2 2 310416 7970
48 2 3 301045 7850
48 2 4 300556 7870
49 2 1 313115 8200
49 2 2 313415 8341
49 2 3 313595 8330
49 2 4 313106 8310
50 2 1 325886 8660
50 2 2 326146 8690
50 2 3 326366 8670
50 2 4 325756 8650
51 2 1 339946 8950
51 2 2 346806 8990
51 2 3 339276 9010
51 2 4 339286 8970
52 2 1 353346 9361
52 2 2 353016 9340
52 2 3 353776 9331
52 2 4 352866 9340
53 2 1 367006 9780
53 2 2 367056 9690
53 2 3 366666 9770
53 2 4 366717 9740
54 2 1 551810 10020
54 2 2 377256 10040
54 2 3 376466 10011
54 2 4 376366 10040
55 2 1 390286 10420
55 2 2 390567 10390
55 2 3 390127 10410
55 2 4 390217 10400
56 2 1 404717 10831
56 2 2 413797 10780
56 2 3 404257 10791
56 2 4 404277 10800
57 2 1 419317 11130
57 2 2 419467 11200
57 2 3 419248 11220
57 2 4 419577 11191
58 2 1 434617 11550
58 2 2 434277 11561
58 2 3 441427 11571
58 2 4 434237 11541
59 2 1 449658 11930
59 2 2 449268 12020
59 2 3 449278 12020
59 2 4 448957 12021
60 2 1 464678 12380
60 2 2 464988 12381
60 2 3 474018 12340
60 2 4 464988 12310
61 2 1 481018 12730
61 2 2 480338 12810
61 2 3 480318 12800
61 2 4 480609 12740
62 2 1 496349 13180
62 2 2 496229 13190
62 2 3 504129 13150
62 2 4 496469 13160
63 2 1 512549 13580
63 2 2 512639 13550
63 2 3 512429 13540
63 2 4 512598 13530
64 2 1 529249 14011
64 2 2 528829 14000
64 2 3 536190 14000
64 2 4 528839 14000
65 2 1 546549 14401
65 2 2 545509 14450
65 2 3 545689 14380
65 2 4 546290 14390
66 2 1 562900 14901
66 2 2 569380 14830
66 2 3 562320 14890
66 2 4 561740 14900
67 2 1 580570 15300
67 2 2 579920 15270
67 2 3 579640 15270
67 2 4 587491 15260
68 2 1 597561 15740
68 2 2 597550 15750
68 2 3 596410 15751
68 2 4 596660 15770
69 2 1 614560 16340
69 2 2 615061 16260
69 2 3 654471 16240
69 2 4 614681 16240
70 2 1 633111 16891
70 2 2 633151 16800
70 2 3 632991 16881
70 2 4 632951 16820
71 2 1 658072 17110
71 2 2 651351 17091
71 2 3 650961 17080
71 2 4 651102 17140
72 2 1 669712 17780
72 2 2 676172 17760
72 2 3 669512 17740
72 2 4 669502 17741
73 2 1 688582 18200
73 2 2 688272 18181
73 2 3 688422 18110
73 2 4 696192 18211
74 2 1 707462 18740
74 2 2 707332 18721
74 2 3 707232 18670
74 2 4 706902 18680
75 2 1 748873 19300
75 2 2 726983 19250
75 2 3 726543 19220
75 2 4 726963 19190
76 2 1 746293 19700
76 2 2 746243 19691
76 2 3 753573 19690
76 2 4 745753 19660
77 2 1 765733 20240
77 2 2 766173 20231
77 2 3 765843 20241
77 2 4 774843 20231
78 2 1 786434 20760
78 2 2 785814 20681
78 2 3 785753 20671
78 2 4 786084 20650
79 2 1 813504 21240
79 2 2 806524 21291
79 2 3 806924 21100
79 2 4 806924 21291
80 2 1 850135 21780
80 2 2 827645 21820
80 2 3 826715 21800
80 2 4 826975 21780
81 2 1 848975 22280
81 2 2 855935 22330
81 2 3 849245 22351
81 2 4 848815 22380
82 2 1 870175 22940
82 2 2 877605 22741
82 2 3 870035 22781
82 2 4 870475 22770
83 2 1 890755 23331
83 2 2 890655 23281
83 2 3 898085 23360
83 2 4 891076 23380
84 2 1 911876 23971
84 2 2 911996 24020
84 2 3 919216 24020
84 2 4 912056 23990
85 2 1 934646 24531
85 2 2 934516 24471
85 2 3 940526 24660
85 2 4 934926 24470
86 2 1 956316 25181
86 2 2 956627 25120
86 2 3 962727 25131
86 2 4 955906 25101
87 2 1 978887 25770
87 2 2 978817 25771
87 2 3 984137 25750
87 2 4 979577 25740
88 2 1 1002578 26250
88 2 2 1003878 26241
88 2 3 1026557 26260
88 2 4 1002808 26370
89 2 1 1025228 26821
89 2 2 1025558 26710
89 2 3 1032068 26760
89 2 4 1024858 26851
90 2 1 1047868 27391
90 2 2 1055218 27311
90 2 3 1047788 27401
90 2 4 1048738 27381
91 2 1 1071818 28000
91 2 2 1076859 27971
91 2 3 1073788 27940
91 2 4 1074149 27990
92 2 1 1096309 28760
92 2 2 1095419 28571
92 2 3 1094589 28730
92 2 4 1095039 28710
93 2 1 1129210 29191
93 2 2 1124470 29170
93 2 3 1119590 29120
93 2 4 1128229 29191
94 2 1 1143290 30071
94 2 2 1143390 30050
94 2 3 1143070 30050
94 2 4 1150260 29931
95 2 1 1168730 30760
95 2 2 1170691 30600
95 2 3 1274793 36590
95 2 4 1425535 32001
96 2 1 1407405 40711
96 2 2 1319443 34050
96 2 3 1191830 34151
96 2 4 1192121 34161
97 2 1 1224771 31981
97 2 2 1218361 31980
97 2 3 1218590 31910
97 2 4 1224301 31981
98 2 1 1243032 32491
98 2 2 1242881 32430
98 2 3 1250812 32501
98 2 4 1243521 32560
99 2 1 1269212 33300
99 2 2 1292663 33311
99 2 3 1268232 33390
99 2 4 1267393 33450
100 2 1 1302133 33961
100 2 2 1293923 34100
100 2 3 1294073 34041
100 2 4 1302472 33920
101 2 1 1319723 34630
101 2 2 1321363 34850
101 2 3 1327943 34731
101 2 4 1320903 34711
102 2 1 1346354 35100
102 2 2 1352473 35461
102 2 3 1345873 35171
102 2 4 1346424 35160
103 2 1 1379985 36900
103 2 2 1373184 36200
103 2 3 1372754 36131
103 2 4 1379854 36181
104 2 1 1400374 36910
104 2 2 1405795 36721
104 2 3 1399124 36571
104 2 4 1398244 36591
105 2 1 1431665 37561
105 2 2 1427385 37421
105 2 3 1427535 37530
105 2 4 1434655 37590
106 2 1 1455305 38181
106 2 2 1452965 38001
106 2 3 1462025 38041
106 2 4 1454685 38031
107 2 1 1490516 38711
107 2 2 1482296 38820
107 2 3 1482816 38701
107 2 4 1491626 38681
108 2 1 1510446 39471
108 2 2 1521436 39451
108 2 3 1510156 39431
108 2 4 1510907 39370
109 2 1 1545896 40040
109 2 2 1538427 40071
109 2 3 1545607 40021
109 2 4 1538207 40071
110 2 1 1566877 41081
110 2 2 1575888 41100
110 2 3 1565547 41051
110 2 4 1571787 41081
111 2 1 1596188 41611
111 2 2 1596348 41541
111 2 3 1601818 41730
111 2 4 1595427 41581
112 2 1 1632999 42361
112 2 2 1624838 42291
112 2 3 1624388 42330
112 2 4 1625458 42261
113 2 1 1654419 43311
113 2 2 1664109 43291
113 2 3 1653409 43230
113 2 4 1661628 43111
114 2 1 1684019 44150
114 2 2 1692269 43911
114 2 3 1682949 43791
114 2 4 1682899 43801
115 2 1 1719610 44810
115 2 2 1712810 44491
115 2 3 1720260 44641
115 2 4 1713190 44501
116 2 1 1750701 45491
116 2 2 1743110 45681
116 2 3 1747751 45511
116 2 4 1741880 45441
117 2 1 1773531 46401
117 2 2 1780231 46191
117 2 3 1773241 46271
117 2 4 1780521 46431
118 2 1 1804292 46921
118 2 2 1811351 46870
118 2 3 1803142 46971
118 2 4 1810651 47000
119 2 1 1834141 48051
119 2 2 1844022 47881
119 2 3 1834402 47891
119 2 4 1842332 47931
120 2 1 1864903 48821
120 2 2 1871423 48721
120 2 3 1864332 48831
120 2 4 1873183 48711
121 2 1 1896742 49391
121 2 2 1903102 49450
121 2 3 1899043 49481
121 2 4 1897173 56601
122 2 1 1927894 50511
122 2 2 1927273 56551
122 2 3 1929373 50221
122 2 4 1927974 56291
123 2 1 1961184 51001
123 2 2 1967164 50861
123 2 3 1960514 50831
123 2 4 1965895 50791
124 2 1 1992704 52011
124 2 2 2000345 51811
124 2 3 1989904 51931
124 2 4 1998084 51950
125 2 1 2022945 52651
125 2 2 2028426 52571
125 2 3 2024385 52581
125 2 4 2031335 52541
126 2 1 2055756 53441
126 2 2 2061266 53711
126 2 3 2056206 53641
126 2 4 2061255 53551
127 2 1 2089176 54421
127 2 2 2093896 54400
127 2 3 2088486 54611
127 2 4 2095857 54261
128 2 1 2127327 57561
128 2 2 2121527 57491
128 2 3 2127287 57561
128 2 4 2120347 57631
129 2 1 2161398 55961
129 2 2 2155998 56031
129 2 3 2163198 55941
129 2 4 2153327 55971
130 2 1 2192808 56791
130 2 2 2197108 56531
130 2 3 2187988 56691
130 2 4 2195998 56841
131 2 1 2222228 57771
131 2 2 2228159 57591
131 2 3 2221619 57701
131 2 4 2227929 57821
132 2 1 2261229 58611
132 2 2 2255278 58681
132 2 3 2265739 58721
132 2 4 2255609 58761
133 2 1 2296130 59591
133 2 2 2298110 59751
133 2 3 2290969 59571
133 2 4 2296120 59431
134 2 1 2325561 60521
134 2 2 2330571 60561
134 2 3 2330291 60251
134 2 4 2324980 60512
135 2 1 2367351 61161
135 2 2 2358431 60921
135 2 3 2365211 61421
135 2 4 2366592 61031
136 2 1 2394942 62131
136 2 2 2402022 62051
136 2 3 2392672 62031
136 2 4 2402262 62121
137 2 1 2435992 63062
137 2 2 2430772 63091
137 2 3 2436392 62872
137 2 4 2437662 62921
138 2 1 2466623 64231
138 2 2 2475403 64051
138 2 3 2464913 64131
138 2 4 2473323 64091
139 2 1 2508893 65051
139 2 2 2501514 65061
139 2 3 2510464 65101
139 2 4 2509814 65211
140 2 1 2538565 65981
140 2 2 2548775 65871
140 2 3 2544084 65832
140 2 4 2537964 66011
141 2 1 2582795 66891
141 2 2 2581105 66801
141 2 3 2574735 66962
141 2 4 2582485 66831
142 2 1 2619786 67851
142 2 2 2611635 67722
142 2 3 2618035 67921
142 2 4 2969862 67692
143 2 1 2648096 76552
143 2 2 2647016 68931
143 2 3 2657426 68991
143 2 4 2659056 69012
144 2 1 2689717 69891
144 2 2 2694937 69912
144 2 3 2691907 70171
144 2 4 2695217 69801
145 2 1 2741737 71491
145 2 2 2729678 70581
145 2 3 2723638 70511
145 2 4 2729788 70531
146 2 1 2766838 71581
146 2 2 2767648 71581
146 2 3 2762168 71561
146 2 4 2766658 71642
147 2 1 2804748 72621
147 2 2 2797949 72541
147 2 3 2804529 72342
147 2 4 2804118 72291
148 2 1 2842700 73611
148 2 2 2837620 73551
148 2 3 2842020 73381
148 2 4 2842230 73641
149 2 1 2901531 102682
149 2 2 3177966 74331
149 2 3 2901001 74331
149 2 4 2881880 74331
150 2 1 2919691 75532
150 2 2 2913201 75521
150 2 3 2921551 75462
150 2 4 2921570 75712
151 2 1 2960921 76532
151 2 2 2952891 76392
151 2 3 2963941 76282
151 2 4 2982852 76381
152 2 1 2998182 77702
152 2 2 2998552 77781
152 2 3 2992883 77561
152 2 4 2996982 77681
153 2 1 3037643 78802
153 2 2 3059553 78672
153 2 3 3032853 78671
153 2 4 3039293 78582
154 2 1 3078844 79292
154 2 2 3079663 79451
154 2 3 3076444 79631
154 2 4 3072903 79702
155 2 1 3119654 80741
155 2 2 3118584 80491
155 2 3 3116314 80422
155 2 4 3117594 80622
156 2 1 3515281 81731
156 2 2 3153095 81892
156 2 3 3160765 81621
156 2 4 3160085 81871
157 2 1 3201926 82611
157 2 2 3202196 82351
157 2 3 3193475 82312
157 2 4 3208166 82581
158 2 1 3544931 84251
158 2 2 3241557 83561
158 2 3 3241266 83771
158 2 4 3241676 84362
159 2 1 3284497 84891
159 2 2 3274447 84621
159 2 3 3283397 84831
159 2 4 3282167 84432
160 2 1 3323518 86571
160 2 2 3325088 86842
160 2 3 3321788 86551
160 2 4 3326038 86851
161 2 1 3363169 86582
161 2 2 3371499 87051
161 2 3 3371149 86942
161 2 4 3370409 87031
162 2 1 3406599 88122
162 2 2 3407298 88091
162 2 3 3411100 88021
162 2 4 3405800 88112
163 2 1 3443530 89412
163 2 2 3445640 89182
163 2 3 3447390 89211
163 2 4 3445980 89261
164 2 1 3488381 90081
164 2 2 3487241 90312
164 2 3 3487471 90081
164 2 4 3502661 90081
165 2 1 3532082 90752
165 2 2 3532702 90931
165 2 3 3524772 91022
165 2 4 3533770 91031
166 2 1 3573693 92262
166 2 2 3571942 92292
166 2 3 3575012 92062
166 2 4 3574712 92042
167 2 1 3617363 93591
167 2 2 3619973 93261
167 2 3 3618503 93391
167 2 4 3619623 93311
168 2 1 3661714 94291
168 2 2 3659684 94252
168 2 3 3660774 94162
168 2 4 3662603 94461
169 2 1 3706604 95771
169 2 2 3698585 103112
169 2 3 3700094 95801
169 2 4 3705135 95712
170 2 1 3748335 97041
170 2 2 3749876 96912
170 2 3 3751445 96812
170 2 4 3748895 96801
171 2 1 3796037 98102
171 2 2 3794086 99122
171 2 3 3794196 98072
171 2 4 3792436 98062
172 2 1 3839457 99071
172 2 2 3838637 98872
172 2 3 3837936 99072
172 2 4 3835647 98852
173 2 1 3882808 100202
173 2 2 3883418 100042
173 2 3 3883608 100062
173 2 4 3883657 99952
174 2 1 3927989 101722
174 2 2 3926609 101242
174 2 3 3926648 101162
174 2 4 3925849 101302
175 2 1 3974429 102662
175 2 2 3975359 102412
175 2 3 3990579 102642
175 2 4 3972599 102631
176 2 1 4015250 103712
176 2 2 4014660 103682
176 2 3 4015920 104152
176 2 4 4013860 104082
177 2 1 4075301 108222
177 2 2 4066510 108192
177 2 3 4062760 108012
177 2 4 4064860 108072
178 2 1 4110511 105851
178 2 2 4113230 106442
178 2 3 4109801 106342
178 2 4 4109392 106422
179 2 1 4156683 107422
179 2 2 4156173 107202
179 2 3 4154912 107472
179 2 4 4155613 107332
180 2 1 4202003 108852
180 2 2 4204313 108092
180 2 3 4201513 108572
180 2 4 4209934 108612
181 2 1 4248974 109812
181 2 2 4248234 109472
181 2 3 4249494 109602
181 2 4 4250154 109862
182 2 1 4296835 111492
182 2 2 4297245 110882
182 2 3 4296645 110672
182 2 4 4297405 111012
183 2 1 4345636 117382
183 2 2 4346375 112182
183 2 3 4343815 111712
183 2 4 4347876 112152
184 2 1 4388876 113572
184 2 2 4389616 113562
184 2 3 4385927 113662
184 2 4 4388636 113642
185 2 1 4442017 114562
185 2 2 4437517 114732
185 2 3 4437317 114882
185 2 4 4438687 114892
186 2 1 4486258 115692
186 2 2 4484088 115882
186 2 3 4484928 115862
186 2 4 4489507 115832
187 2 1 4534539 116742
187 2 2 4537109 116922
187 2 3 4536669 116882
187 2 4 4536579 116702
188 2 1 4584040 117832
188 2 2 4590980 117792
188 2 3 4582670 118362
188 2 4 4583190 121092
189 2 1 4631050 123172
189 2 2 4636610 122632
189 2 3 4636361 122692
189 2 4 4631950 122743
190 2 1 4679901 124332
190 2 2 4678922 124232
190 2 3 4683022 124402
190 2 4 4687122 124532
191 2 1 4730803 125753
191 2 2 4734612 121863
191 2 3 4731332 125632
191 2 4 4734861 131793
192 2 1 4783163 132922
192 2 2 4781553 132702
192 2 3 4781473 132162
192 2 4 4782443 132302
193 2 1 4839984 128262
193 2 2 4830314 128162
193 2 3 4834434 128083
193 2 4 4834554 128182
194 2 1 4891895 129243
194 2 2 4880894 129402
194 2 3 4878794 129352
194 2 4 4881685 135023
195 2 1 4931916 132093
195 2 2 4936326 130252
195 2 3 4930706 131293
195 2 4 4938326 131182
196 2 1 4981576 131422
196 2 2 4977867 131663
196 2 3 4979106 131642
196 2 4 4987796 131373
197 2 1 5035387 134052
197 2 2 5036928 130433
197 2 3 5040238 133432
197 2 4 5035178 133453
198 2 1 5084718 134402
198 2 2 5092069 135543
198 2 3 5086008 134272
198 2 4 5086649 134612
199 2 1 5135880 136982
199 2 2 5140169 136212
199 2 3 5134590 136112
199 2 4 5135909 142893
200 2 1 5187370 137432
200 2 2 5187950 136963
200 2 3 5186560 139713
200 2 4 5187910 137123
201 2 1 5245971 138993
201 2 2 5249971 138763
201 2 3 5240190 138903
201 2 4 5241301 138883
202 2 1 5299992 140912
202 2 2 5295142 140002
202 2 3 5291202 140442
202 2 4 5444794 167023
203 2 1 5525936 140752
203 2 2 5354333 141382
203 2 3 5343193 137802
203 2 4 5345052 141452
204 2 1 5405884 142573
204 2 2 5396524 142952
204 2 3 5400864 142382
204 2 4 5392374 142172
205 2 1 5449855 143772
205 2 2 5456655 144242
205 2 3 5450335 144392
205 2 4 5454165 144363
206 2 1 5502885 145802
206 2 2 5501676 145303
206 2 3 5508106 145163
206 2 4 5501936 144742
207 2 1 5561536 146773
207 2 2 5559537 146303
207 2 3 5563097 146453
207 2 4 5557966 146272
208 2 1 5608897 150063
208 2 2 5615577 148012
208 2 3 5613648 147993
208 2 4 5616768 148343
209 2 1 5666279 149553
209 2 2 5671169 150833
209 2 3 5666058 149102
209 2 4 5671189 149903
210 2 1 5721420 151552
210 2 2 5724599 151543
210 2 3 5716660 151043
210 2 4 5720099 151882
211 2 1 5771290 151902
211 2 2 5771521 157423
211 2 3 5774371 152563
211 2 4 5768630 157612
212 2 1 5827802 154223
212 2 2 5828980 160193
212 2 3 5828842 153863
212 2 4 5829681 161113
213 2 1 5885302 155003
213 2 2 5891092 154852
213 2 3 5884703 155413
213 2 4 5890893 155093
214 2 1 5940103 156973
214 2 2 5943013 156722
214 2 3 5938363 156683
214 2 4 5945183 153063
215 2 1 6001084 158333
215 2 2 6005094 158142
215 2 3 5992754 157713
215 2 4 6003895 158003
216 2 1 6049045 158843
216 2 2 6058305 159523
216 2 3 6063175 159262
216 2 4 6050966 159053
217 2 1 6114886 160913
217 2 2 6106667 161033
217 2 3 6114016 161113
217 2 4 6108536 160723
218 2 1 6171488 162412
218 2 2 6169467 162283
218 2 3 6162437 159333
218 2 4 7692664 158982
219 2 1 6146167 164492
219 2 2 6143876 163603
219 2 3 6146287 163813
219 2 4 6147217 164153
220 2 1 6197017 164943
220 2 2 6203477 164533
220 2 3 6197938 164753
220 2 4 6202288 164903
221 2 1 6262199 166813
221 2 2 6256049 167293
221 2 3 6258499 163243
221 2 4 6250138 167043
222 2 1 6318999 167823
222 2 2 6319510 167923
222 2 3 6311220 168103
222 2 4 6310820 168093
223 2 1 6370681 171263
223 2 2 6366640 170713
223 2 3 6371681 169403
223 2 4 6375051 170113
224 2 1 6428261 176433
224 2 2 6428582 176363
224 2 3 6431902 175873
224 2 4 6428442 176243
225 2 1 6491983 173673
225 2 2 6490873 173663
225 2 3 6480313 173113
225 2 4 6490083 173143
226 2 1 6546994 174373
226 2 2 6550034 170943
226 2 3 6547394 173963
226 2 4 6546984 174073
227 2 1 6598585 176013
227 2 2 6601815 176184
227 2 3 6604305 175503
227 2 4 6597704 181154
228 2 1 6660066 177803
228 2 2 6662426 177303
228 2 3 6660986 176693
228 2 4 6655806 177073
229 2 1 6722167 178643
229 2 2 6719887 179433
229 2 3 6718926 178593
229 2 4 6713717 179003
230 2 1 6781638 180213
230 2 2 6780868 180093
230 2 3 6782868 180053
230 2 4 6775408 179993
231 2 1 6845409 181853
231 2 2 6844748 181924
231 2 3 6842809 182133
231 2 4 6832928 182213
232 2 1 6899130 183023
232 2 2 6900801 183363
232 2 3 6897120 182853
232 2 4 6893030 183294
233 2 1 6960850 184973
233 2 2 6963892 184453
233 2 3 6960601 185463
233 2 4 6962601 185923
234 2 1 7011452 194994
234 2 2 7011802 186224
234 2 3 7018842 185813
234 2 4 7017011 186043
235 2 1 7081343 189503
235 2 2 7076303 188243
235 2 3 7069833 187623
235 2 4 7075993 188473
236 2 1 7142364 188753
236 2 2 7136264 189784
236 2 3 7137343 188684
236 2 4 7134664 188274
237 2 1 7190005 191713
237 2 2 7201096 190373
237 2 3 7199265 190344
237 2 4 7200605 191493
238 2 1 7260066 192893
238 2 2 7261986 191793
238 2 3 7262426 192443
238 2 4 7260247 200034
239 2 1 7322067 194224
239 2 2 7323277 194683
239 2 3 7322488 195684
239 2 4 7322416 194803
240 2 1 7378259 196033
240 2 2 7387959 195933
240 2 3 7381708 196734
240 2 4 7378938 195943
241 2 1 7442379 197573
241 2 2 7439580 203194
241 2 3 7435969 197513
241 2 4 7453749 197613
242 2 1 7505421 199583
242 2 2 7509290 199393
242 2 3 7510081 199024
242 2 4 7528021 198783
243 2 1 7564491 200323
243 2 2 7576071 200883
243 2 3 7571082 200553
243 2 4 7572982 201333
244 2 1 7627653 203304
244 2 2 7638013 202504
244 2 3 7630362 202003
244 2 4 7623212 201833
245 2 1 7698744 203423
245 2 2 7694934 203823
245 2 3 7687644 204244
245 2 4 7692304 203614
246 2 1 7754835 206414
246 2 2 7758104 204894
246 2 3 7757925 204863
246 2 4 7754005 204893
247 2 1 7814826 206433
247 2 2 7826346 207554
247 2 3 7816705 207123
247 2 4 7830085 207113
248 2 1 7876477 209193
248 2 2 7880417 209054
248 2 3 7880557 208454
248 2 4 7879077 208483
249 2 1 7943138 211053
249 2 2 7953077 210193
249 2 3 7953989 210084
249 2 4 7948208 210133
250 2 1 8300964 211094
250 2 2 8013299 211424
250 2 3 8008959 211693
250 2 4 8018119 218714
251 2 1 8075271 214024
251 2 2 8077130 213464
251 2 3 8073450 214163
251 2 4 8075460 213443
252 2 1 8143851 215864
252 2 2 8144731 215983
252 2 3 8146542 215284
252 2 4 8140921 215564
253 2 1 8203563 217373
253 2 2 8209883 216664
253 2 3 8221843 217954
253 2 4 8207242 216963
254 2 1 8266574 218854
254 2 2 8267914 219194
254 2 3 8273994 219134
254 2 4 8268964 218993
255 2 1 8334534 230604
255 2 2 8346095 229374
255 2 3 8338615 229194
255 2 4 8340756 229324
256 2 1 8398086 225954
256 2 2 8396216 227584
256 2 3 8390856 227604
256 2 4 8404086 234654
257 2 1 8466377 233095
257 2 2 8470687 231354
257 2 3 8466017 231864
257 2 4 8465677 231824
258 2 1 8528407 225754
258 2 2 8535949 225194
258 2 3 8533828 225433
258 2 4 8530238 226154
259 2 1 8593929 227074
259 2 2 8615050 232944
259 2 3 8600729 226244
259 2 4 8597690 227684
260 2 1 8661631 229154
260 2 2 8667201 229374
260 2 3 8672611 228534
260 2 4 8669290 228274
261 2 1 8728352 231314
261 2 2 10683166 228024
261 2 3 10435912 226964
261 2 4 10443562 227244
262 2 1 10556793 228464
262 2 2 10522584 228304
262 2 3 10541454 228684
262 2 4 10525593 228384
263 2 1 10623114 230654
263 2 2 10598564 243224
263 2 3 10612375 230534
263 2 4 10603035 230014
264 2 1 10703255 232754
264 2 2 10688586 232675
264 2 3 10716956 232314
264 2 4 10682126 232694
265 2 1 10793328 234794
265 2 2 10774807 234114
265 2 3 10787497 233444
265 2 4 10777387 234214
266 2 1 10878819 235734
266 2 2 10856678 235515
266 2 3 10866439 235394
266 2 4 10853929 235164
267 2 1 10960930 237624
267 2 2 10950930 237974
267 2 3 10964921 237484
267 2 4 10947850 237835
268 2 1 11048272 239805
268 2 2 11035911 239315
268 2 3 11049952 240885
268 2 4 11042902 239684
269 2 1 11134364 241284
269 2 2 11126472 240785
269 2 3 11135644 240734
269 2 4 11142654 242054
270 2 1 11225265 243275
270 2 2 11211004 243224
270 2 3 11224045 243534
270 2 4 11206335 263515
271 2 1 11292047 244615
271 2 2 11301916 244824
271 2 3 11280946 243194
271 2 4 11274917 243524
272 2 1 11374798 245824
272 2 2 11354897 245214
272 2 3 11364598 245304
272 2 4 11353198 245334
273 2 1 11428949 254074
273 2 2 11453518 246975
273 2 3 11439149 246894
273 2 4 11460779 246644
274 2 1 11529291 248364
274 2 2 11552160 248374
274 2 3 11532370 248474
274 2 4 11526391 248475
275 2 1 11626462 250455
275 2 2 11616861 250415
275 2 3 11624433 250585
275 2 4 12869214 250934
276 2 1 11713304 252124
276 2 2 11717693 252224
276 2 3 11695454 251985
276 2 4 11710654 260304
277 2 1 11804776 254605
277 2 2 11779885 254174
277 2 3 11810145 253954
277 2 4 11793326 275135
278 2 1 11883276 256424
278 2 2 11904147 256095
278 2 3 11881427 255144
278 2 4 11902898 265815
279 2 1 11987838 257575
279 2 2 11970208 257675
279 2 3 11985948 257674
279 2 4 12012170 257455
280 2 1 12063859 259804
280 2 2 12081771 260075
280 2 3 12066370 259735
280 2 4 12071340 260195
281 2 1 11695883 261894
281 2 2 11578791 261364
281 2 3 11591592 260935
281 2 4 11556401 261384
282 2 1 11647612 262834
282 2 2 11657893 262965
282 2 3 11649412 262525
282 2 4 11660503 262965
283 2 1 11734484 284765
283 2 2 11729754 264865
283 2 3 11750214 265205
283 2 4 11728373 264944
284 2 1 11828215 266964
284 2 2 11815226 266705
284 2 3 11822646 267384
284 2 4 11830495 266635
285 2 1 11912538 269434
285 2 2 11928018 275775
285 2 3 11933138 269754
285 2 4 11912386 268925
286 2 1 12022849 270975
286 2 2 12008529 270925
286 2 3 12006979 270405
286 2 4 12006858 270675
287 2 1 12111101 295405
287 2 2 12103231 272455
287 2 3 12105091 273054
287 2 4 12088271 272535
288 2 1 12186683 289055
288 2 2 12183052 288245
288 2 3 12201901 288965
288 2 4 12198062 288125
289 2 1 12288044 276185
289 2 2 12302654 276775
289 2 3 12298543 276525
289 2 4 12283854 276755
290 2 1 12394906 278575
290 2 2 12392456 278465
290 2 3 12370025 278505
290 2 4 12387025 278474
291 2 1 12467857 280174
291 2 2 12462736 286965
291 2 3 12446776 280144
291 2 4 12440627 279685
292 2 1 12555168 281805
292 2 2 12526527 282135
292 2 3 12546299 282185
292 2 4 12541128 282594
293 2 1 12632749 284545
293 2 2 12630750 284085
293 2 3 12668130 284175
293 2 4 12645240 284685
294 2 1 12710210 286355
294 2 2 12718422 285895
294 2 3 12702351 286285
294 2 4 12720951 285694
295 2 1 12802332 288485
295 2 2 12809893 288855
295 2 3 12801143 288255
295 2 4 12807762 288125
296 2 1 12890164 290525
296 2 2 12913544 290415
296 2 3 12900654 290285
296 2 4 12906534 290445
297 2 1 12981296 291475
297 2 2 13001687 292275
297 2 3 12985245 291735
297 2 4 12978376 291745
298 2 1 13079408 315155
298 2 2 13137799 293706
298 2 3 13143808 293585
298 2 4 13096218 294365
299 2 1 13213619 296486
299 2 2 13179508 317246
299 2 3 13184920 295875
299 2 4 13205020 295695
300 2 1 13283141 297925
300 2 2 13294542 298036
300 2 3 13264621 297995
300 2 4 13276161 297985
301 2 1 13389572 299455
301 2 2 13371442 299675
301 2 3 13372853 299165
301 2 4 13394702 299745
302 2 1 13466594 302175
302 2 2 13454524 302145
302 2 3 13482824 301706
302 2 4 13473084 302055
303 2 1 13579216 304495
303 2 2 13573587 303485
303 2 3 13570255 303385
303 2 4 13554296 304205
304 2 1 13645608 305705
304 2 2 13655727 305625
304 2 3 13646427 305605
304 2 4 13643137 305655
305 2 1 13748339 307435
305 2 2 13755338 307746
305 2 3 13739249 307415
305 2 4 13741369 307936
306 2 1 13842130 309706
306 2 2 13841191 309875
306 2 3 13860651 309796
306 2 4 13834410 309005
307 2 1 13935153 311976
307 2 2 13928472 311485
307 2 3 13951182 311686
307 2 4 13956733 311946
308 2 1 14025954 314095
308 2 2 14022904 334686
308 2 3 14012693 313616
308 2 4 14037894 313386
309 2 1 14141126 315615
309 2 2 14133165 315746
309 2 3 14123926 315946
309 2 4 14113556 316165
310 2 1 13770329 317595
310 2 2 13630297 317865
310 2 3 13620297 317286
310 2 4 13603407 338026
311 2 1 13705218 320485
311 2 2 13738189 319615
311 2 3 13716038 319826
311 2 4 13695747 318605
312 2 1 13792740 322166
312 2 2 13817661 322096
312 2 3 13794919 321725
312 2 4 13797220 321996
313 2 1 14516242 324176
313 2 2 14503921 324156
313 2 3 14523612 324316
313 2 4 14552163 324345
314 2 1 14049544 326105
314 2 2 14053534 327146
314 2 3 14042074 325696
314 2 4 14022934 347186
315 2 1 14107884 328116
315 2 2 14129906 328296
315 2 3 14117236 328376
315 2 4 14125855 327566
316 2 1 14206557 330856
316 2 2 14211798 330436
316 2 3 14183135 329926
316 2 4 14195397 329755
317 2 1 14313800 333386
317 2 2 14314368 332886
317 2 3 14296868 332756
317 2 4 14318430 332426
318 2 1 14403261 334036
318 2 2 14407990 334176
318 2 3 14377600 334095
318 2 4 14389810 334425
319 2 1 14487052 357796
319 2 2 14486813 336966
319 2 3 14473982 337186
319 2 4 14494561 337146
320 2 1 14586284 350786
320 2 2 14606734 355206
320 2 3 14594893 353226
320 2 4 14599495 360186
321 2 1 14738927 341206
321 2 2 14217167 341046
321 2 3 16057610 340806
321 2 4 14682965 340486
322 2 1 14852718 350936
322 2 2 14311580 342936
322 2 3 14815408 342516
322 2 4 14789706 343176
323 2 1 14934540 354286
323 2 2 14396051 344986
323 2 3 14933479 344815
323 2 4 14887189 352546
324 2 1 15033921 347116
324 2 2 14488402 354566
324 2 3 14998081 347266
324 2 4 14981011 346926
325 2 1 15132083 350256
325 2 2 14602794 348756
325 2 3 15105373 349676
325 2 4 15092442 349376
326 2 1 15252856 351997
326 2 2 15300886 352107
326 2 3 15206234 351506
326 2 4 15205835 351996
327 2 1 15355617 353987
327 2 2 15400238 354296
327 2 3 15270325 353796
327 2 4 15313307 354016
328 2 1 15434998 362846
328 2 2 15475670 356476
328 2 3 15413368 356316
328 2 4 15423858 355646
329 2 1 15573991 357676
329 2 2 15600341 365606
329 2 3 15519259 358876
329 2 4 15530670 358126
330 2 1 15663082 360517
330 2 2 15693652 367317
330 2 3 15615872 360036
330 2 4 15660853 359377
331 2 1 15761504 362116
331 2 2 15797604 363366
331 2 3 15711874 362236
331 2 4 15702273 362457
332 2 1 15864256 364366
332 2 2 15883126 365556
332 2 3 15815404 365207
332 2 4 15830415 371637
333 2 1 15965588 367246
333 2 2 15987577 367926
333 2 3 15917167 375827
333 2 4 15928987 366766
334 2 1 16072299 369427
334 2 2 16074060 369227
334 2 3 16025599 369216
334 2 4 16022388 369387
335 2 1 16164121 370986
335 2 2 16181430 371497
335 2 3 16120280 371697
335 2 4 16128751 371337
336 2 1 16270272 373677
336 2 2 16289133 373497
336 2 3 16225202 373197
336 2 4 16231412 373837
337 2 1 16393845 375177
337 2 2 16388005 375967
337 2 3 16322683 376467
337 2 4 16332815 382856
338 2 1 16486416 378117
338 2 2 16484327 378706
338 2 3 16441597 379126
338 2 4 16443045 377606
339 2 1 16580779 380466
339 2 2 16578659 380177
339 2 3 16540207 379447
339 2 4 16534397 386856
340 2 1 16690421 382526
340 2 2 16683830 391247
340 2 3 16641380 382337
340 2 4 16649969 381787
341 2 1 16806212 384177
341 2 2 16794272 384937
341 2 3 16745080 384416
341 2 4 16741081 384377
342 2 1 16918565 394666
342 2 2 16889893 389777
342 2 3 16862654 387047
342 2 4 16860433 387697
343 2 1 17015916 389307
343 2 2 16985046 396167
343 2 3 16957034 390126
343 2 4 16966086 389857
344 2 1 17115108 398407
344 2 2 16522867 391087
344 2 3 16688020 400107
344 2 4 16467696 392067
345 2 1 17218739 394767
345 2 2 16611299 393707
345 2 3 16594918 392977
345 2 4 16574769 392917
346 2 1 17320982 397477
346 2 2 16699880 395577
346 2 3 16678570 395127
346 2 4 16666700 395206
347 2 1 17428282 399537
347 2 2 16812582 397797
347 2 3 16783101 397967
347 2 4 16793193 397556
348 2 1 17538356 402337
348 2 2 16908393 399907
348 2 3 16901995 399757
348 2 4 16873794 399757
349 2 1 17631935 404167
349 2 2 17011476 402677
349 2 3 16998275 402417
349 2 4 16967375 402817
350 2 1 17734109 405937
350 2 2 17120177 404757
350 2 3 17103197 404258
350 2 4 17083498 404617
351 2 1 17851159 414927
351 2 2 17217880 407227
351 2 3 17216439 407727
351 2 4 17198089 407677
352 2 1 17942682 440207
352 2 2 17327231 428988
352 2 3 17336322 432358
352 2 4 17299391 434857
353 2 1 18066434 412727
353 2 2 17425033 411858
353 2 3 17439543 413127
353 2 4 17421464 412287
354 2 1 18164576 415708
354 2 2 17533645 414877
354 2 3 17553446 415367
354 2 4 17535914 414697
355 2 1 19515120 432597
355 2 2 17643217 416548
355 2 3 17646806 417708
355 2 4 17655388 422527
356 2 1 18413500 427017
356 2 2 17740689 418497
356 2 3 17760279 418847
356 2 4 17759378 418418
357 2 1 18538762 423417
357 2 2 17857410 421448
357 2 3 17885361 421667
357 2 4 17893871 422427
358 2 1 18664954 424637
358 2 2 17346082 424007
358 2 3 17448563 423797
358 2 4 17384552 422897
359 2 1 18142986 426897
359 2 2 17448123 433408
359 2 3 17494705 425388
359 2 4 17482515 425488
360 2 1 18250766 428927
360 2 2 17565846 428367
360 2 3 17616376 427737
360 2 4 17590506 428757
361 2 1 18370740 431048
361 2 2 18291127 432138
361 2 3 18355810 432417
361 2 4 18309988 430147
362 2 1 18467702 434438
362 2 2 18403970 435308
362 2 3 18466151 434167
362 2 4 18430581 432398
363 2 1 18585872 435477
363 2 2 18509292 436527
363 2 3 18567573 435648
363 2 4 18526881 435508
364 2 1 20046379 453978
364 2 2 18613033 439138
364 2 3 18682546 439037
364 2 4 18643295 437557
365 2 1 18804967 440978
365 2 2 18723185 441787
365 2 3 18787876 440687
365 2 4 18759197 440058
366 2 1 18921778 444148
366 2 2 18818418 450768
366 2 3 18903759 442528
366 2 4 18872368 443708
367 2 1 19044082 445927
367 2 2 18938298 448608
367 2 3 19011621 446038
367 2 4 20318364 445308
368 2 1 19129672 448578
368 2 2 19053142 448817
368 2 3 19149703 448928
368 2 4 19093083 453558
369 2 1 19258675 449688
369 2 2 19158224 451788
369 2 3 19239015 450967
369 2 4 19221103 450248
370 2 1 19372808 453128
370 2 2 19274314 453578
370 2 3 19358967 453928
370 2 4 19347736 452948
371 2 1 19466819 455488
371 2 2 19381937 455228
371 2 3 19490899 455598
371 2 4 19494289 462188
372 2 1 19601260 458368
372 2 2 18904589 457318
372 2 3 19056120 456968
372 2 4 18970110 457568
373 2 1 19710213 460518
373 2 2 19012350 461218
373 2 3 19093802 461098
373 2 4 19062421 460788
374 2 1 19813305 464458
374 2 2 19101093 463068
374 2 3 19206513 463438
374 2 4 19170273 462318
375 2 1 19937156 466098
375 2 2 19227254 466248
375 2 3 19326465 465298
375 2 4 19300686 465068
376 2 1 20057989 475308
376 2 2 19335026 467578
376 2 3 19423088 467009
376 2 4 19404527 468338
377 2 1 20167271 471749
377 2 2 19459078 470228
377 2 3 19555611 470358
377 2 4 19525250 470228
378 2 1 20550827 477578
378 2 2 19568441 480139
378 2 3 19652461 472379
378 2 4 19638472 472348
379 2 1 20414565 476919
379 2 2 19690693 475028
379 2 3 19794614 475118
379 2 4 19745694 474368
380 2 1 20535398 479759
380 2 2 19807934 477138
380 2 3 19914246 477688
380 2 4 19880785 477168
381 2 1 20637339 482048
381 2 2 19930786 479898
381 2 3 20018309 480029
381 2 4 20000028 480498
382 2 1 20801302 482979
382 2 2 20028739 483139
382 2 3 20142789 482288
382 2 4 20120961 484438
383 2 1 20878992 485149
383 2 2 20146491 484689
383 2 3 20259722 484179
383 2 4 20230462 484949
384 2 1 20996755 517409
384 2 2 20259322 508669
384 2 3 20356915 518269
384 2 4 20365483 492258
385 2 1 21113887 493059
385 2 2 20397904 490898
385 2 3 20489257 490228
385 2 4 20490846 490158
386 2 1 21254990 494028
386 2 2 20503296 492768
386 2 3 20608548 493399
386 2 4 20611558 501349
387 2 1 21367792 496998
387 2 2 20625779 495669
387 2 3 20734930 501368
387 2 4 20735621 495359
388 2 1 21513093 498949
388 2 2 20722520 498429
388 2 3 20861372 497979
388 2 4 20864323 496599
389 2 1 21660316 500749
389 2 2 20855273 500638
389 2 3 21005615 501169
389 2 4 20960315 500118
390 2 1 21742578 504249
390 2 2 20961784 505079
390 2 3 21093807 504578
390 2 4 21099266 504429
391 2 1 21868031 508239
391 2 2 21077376 515449
391 2 3 21233560 505099
391 2 4 21241459 505239
392 2 1 21982022 508989
392 2 2 21191368 511619
392 2 3 21327951 508989
392 2 4 21330460 508419
393 2 1 21531865 510459
393 2 2 21300280 512848
393 2 3 21473824 513699
393 2 4 21460022 510789
394 2 1 21619927 519540
394 2 2 21427753 514809
394 2 3 21603806 514429
394 2 4 21592976 514479
395 2 1 21754188 517639
395 2 2 21533515 519219
395 2 3 21728798 518130
395 2 4 21715098 526549
396 2 1 21880200 527059
396 2 2 21649287 520179
396 2 3 21827929 519699
396 2 4 21837491 518799
397 2 1 21995472 522179
397 2 2 21801730 525740
397 2 3 21967441 522269
397 2 4 21948492 521039
398 2 1 22137574 525109
398 2 2 21924151 525469
398 2 3 21576525 523409
398 2 4 21505144 523929
399 2 1 22241486 528359
399 2 2 22023903 533689
399 2 3 21605816 534659
399 2 4 21589795 525029
400 2 1 22377939 532119
400 2 2 22146046 531649
400 2 3 21756729 530529
400 2 4 21727547 530569
1 3 1 2810 40
1 3 2 370 30
1 3 3 290 30
1 3 4 280 30
2 3 1 2410 70
2 3 2 1780 60
2 3 3 1550 50
2 3 4 1410 40
3 3 1 7180 290
3 3 2 5920 140
3 3 3 4880 120
3 3 4 4690 110
4 3 1 12100 480
4 3 2 11380 270
4 3 3 11221 250
4 3 4 11190 260
5 3 1 22240 700
5 3 2 21820 500
5 3 3 21650 500
5 3 4 21530 500
6 3 1 37721 1090
6 3 2 37500 880
6 3 3 37520 850
6 3 4 37541 850
7 3 1 60021 1550
7 3 2 69372 1440
7 3 3 59871 1390
7 3 4 59811 1400
8 3 1 89662 2220
8 3 2 89511 2091
8 3 3 89541 2070
8 3 4 89532 2080
9 3 1 127842 3060
9 3 2 127693 2940
9 3 3 127782 2930
9 3 4 127802 2920
10 3 1 175153 4160
10 3 2 175523 4090
10 3 3 175533 4080
10 3 4 175803 4070
11 3 1 234534 5470
11 3 2 236074 5400
11 3 3 235004 5371
11 3 4 235404 5380
12 3 1 304785 7041
12 3 2 305515 6980
12 3 3 305855 6971
12 3 4 314765 6970
13 3 1 388437 8920
13 3 2 387976 8881
13 3 3 388016 8861
13 3 4 388876 8871
14 3 1 485358 11140
14 3 2 486069 11110
14 3 3 485909 11030
14 3 4 485968 11100
15 3 1 604720 13750
15 3 2 598400 13601
15 3 3 599090 13600
15 3 4 598401 13600
16 3 1 727053 20010
16 3 2 727542 19861
16 3 3 753293 19840
16 3 4 727983 19860
17 3 1 873495 20000
17 3 2 873636 19920
17 3 3 881695 19870
17 3 4 873265 20201
18 3 1 1037218 23760
18 3 2 1038158 23560
18 3 3 1044678 23601
18 3 4 1037858 23490
19 3 1 1224081 28020
19 3 2 1224471 27710
19 3 3 1229521 27720
19 3 4 1223511 27791
20 3 1 1428205 32780
20 3 2 1434575 32591
20 3 3 1428145 32611
20 3 4 1435755 32540
21 3 1 1654939 37930
21 3 2 1655809 37801
21 3 3 1660389 37751
21 3 4 1653059 37770
22 3 1 1909083 43421
22 3 2 1903673 43511
22 3 3 1927533 43390
22 3 4 1903664 43381
23 3 1 2182398 53671
23 3 2 2174588 53691
23 3 3 2181728 53641
23 3 4 2173148 53661
24 3 1 2482853 61601
24 3 2 2481873 61411
24 3 3 2472903 61392
24 3 4 2479153 61381
25 3 1 2803209 68661
25 3 2 2796499 68672
25 3 3 2803448 68651
25 3 4 2803119 68821
26 3 1 3157205 76972
26 3 2 3152235 77151
26 3 3 3148345 77362
26 3 4 3152365 77331
27 3 1 3533142 85882
27 3 2 3532551 85812
27 3 3 3533131 85801
27 3 4 3532552 85801
28 3 1 3942628 95402
28 3 2 3940529 95432
28 3 3 3940298 95371
28 3 4 3939109 95382
29 3 1 4392996 106182
29 3 2 4381186 106042
29 3 3 4378796 105961
29 3 4 4378417 105942
30 3 1 4867455 117412
30 3 2 4850285 117282
30 3 3 4846004 117332
30 3 4 4849904 117263
31 3 1 5369733 129312
31 3 2 5350013 129252
31 3 3 5355982 129612
31 3 4 5361763 129312
32 3 1 5883612 149823
32 3 2 5892323 149893
32 3 3 5886422 154973
32 3 4 5885343 149792
33 3 1 6459502 155933
33 3 2 6455653 155683
33 3 3 6464961 155902
33 3 4 6459923 155803
34 3 1 7064293 170303
34 3 2 7063972 169933
34 3 3 7088453 169983
34 3 4 7066683 169703
35 3 1 7712344 184863
35 3 2 7710544 185083
35 3 3 7727985 184853
35 3 4 7710524 185063
36 3 1 8394686 201763
36 3 2 8393426 200603
36 3 3 8409777 206454
36 3 4 8394535 200834
37 3 1 9113829 218843
37 3 2 9115598 218123
37 3 3 9135929 218234
37 3 4 9115189 218444
38 3 1 9881741 236194
38 3 2 9874321 235664
38 3 3 9900732 236484
38 3 4 9875742 235715
39 3 1 10682126 254725
39 3 2 10683405 254675
39 3 3 10698136 255165
39 3 4 10679716 254715
40 3 1 11524591 276094
40 3 2 11530500 275404
40 3 3 11542130 275655
40 3 4 11530231 275365
41 3 1 12431337 302245
41 3 2 12433716 295895
41 3 3 12412936 294565
41 3 4 12429797 295485
42 3 1 13372962 318966
42 3 2 13371362 319396
42 3 3 13386573 318526
42 3 4 13393513 319805
43 3 1 14365879 342166
43 3 2 14353399 342126
43 3 3 14364650 342246
43 3 4 14375740 342166
44 3 1 15398347 366746
44 3 2 17478454 367856
44 3 3 17400022 366597
44 3 4 17399063 366796
45 3 1 18686175 389217
45 3 2 18678354 390247
45 3 3 18686385 390197
45 3 4 18678624 389417
46 3 1 20075139 416627
46 3 2 20074169 415687
46 3 3 20072988 416687
46 3 4 20077420 417368
47 3 1 20996685 445918
47 3 2 20179311 445477
47 3 3 20181741 446068
47 3 4 20177222 445988
48 3 1 21699817 492509
48 3 2 21658337 491039
48 3 3 21648517 490878
48 3 4 21643657 496388
49 3 1 23257585 501878
49 3 2 23267864 506068
49 3 3 23231505 501958
49 3 4 23189213 503039
50 3 1 24853092 534299
50 3 2 24207981 541780
50 3 3 24250741 532399
50 3 4 24198141 538260
51 3 1 25914270 567400
51 3 2 25834869 568760
51 3 3 25905980 567420
51 3 4 25906811 567580
52 3 1 27683681 623951
52 3 2 28815472 601050
52 3 3 27030680 598901
52 3 4 27015239 600750
53 3 1 28889173 638791
53 3 2 28720478 639261
53 3 3 28917163 635821
53 3 4 28843322 636601
54 3 1 30808265 673861
54 3 2 29997442 675311
54 3 3 30204435 674412
54 3 4 30145063 671292
55 3 1 32233280 711173
55 3 2 31942196 714672
55 3 3 31652440 709692
55 3 4 31506878 712123
56 3 1 34223025 767274
56 3 2 33996841 769763
56 3 3 34285295 765303
56 3 4 34228745 762143
57 3 1 35797773 804914
57 3 2 35450206 805884
57 3 3 35773342 799264
57 3 4 35763121 808184
58 3 1 38032612 847974
58 3 2 37697635 852335
58 3 3 38004170 847495
58 3 4 37979760 850045
59 3 1 39712990 901305
59 3 2 39232621 898906
59 3 3 39731902 899256
59 3 4 39690021 909036
60 3 1 42122352 952017
60 3 2 41640753 956037
60 3 3 41568153 949187
60 3 4 41485331 947057
61 3 1 44040295 1010727
61 3 2 43576588 1014878
61 3 3 43459275 1043498
61 3 4 43420615 1005928
62 3 1 46684712 1076209
62 3 2 46053621 1071009
62 3 3 46111792 1064839
62 3 4 46022200 1075539
63 3 1 48759067 1132000
63 3 2 48032165 1146350
63 3 3 48131136 1164470
63 3 4 48103047 1144960
64 3 1 51178369 1598648
64 3 2 50109971 1310813
64 3 3 50815573 1265532
64 3 4 50829513 1312933
65 3 1 53749504 1270802
65 3 2 52874010 1259431
65 3 3 53213785 1250742
65 3 4 53070973 1251662
66 3 1 56081815 1307243
66 3 2 55820150 1303942
66 3 3 56108456 1320703
66 3 4 56223777 1325313
67 3 1 57834455 1359763
67 3 2 58093991 1374504
67 3 3 58356773 1376234
67 3 4 58509658 1371714
68 3 1 61099863 1476946
68 3 2 60567453 1468785
68 3 3 60991460 1487406
68 3 4 61024752 1486676
69 3 1 64332248 1572988
69 3 2 63727027 1539857
69 3 3 63568445 1516806
69 3 4 63525703 1518237
70 3 1 66364485 1610438
70 3 2 66394924 1602768
70 3 3 66225911 1588798
70 3 4 66262542 1600778
71 3 1 69682151 1643649
71 3 2 68895608 1658259
71 3 3 69633470 1667309
71 3 4 69638951 1648798
72 3 1 71976211 1854642
72 3 2 72330638 1748560
72 3 3 72488430 1754671
72 3 4 72448600 1731130
73 3 1 75554314 1832772
73 3 2 75299878 1828162
73 3 3 75275080 1772371
73 3 4 75354079 1802982
74 3 1 77918774 1862642
74 3 2 78243151 1875703
74 3 3 78570705 1867652
74 3 4 78645597 1872253
75 3 1 81869804 1976084
75 3 2 81930515 2126998
75 3 3 81379885 1903333
75 3 4 81496696 1996645
76 3 1 85618588 2247250
76 3 2 84155594 2245889
76 3 3 84602560 2127607
76 3 4 84708571 2034095
77 3 1 88250035 2160938
77 3 2 91925318 2922431
77 3 3 87991599 2331411
77 3 4 88027880 2140027
78 3 1 92423527 2404172
78 3 2 91559692 2426192
78 3 3 91591662 2203088
78 3 4 91571493 2193068
79 3 1 95309337 2342791
79 3 2 95197615 2335501
79 3 3 95248825 2339841
79 3 4 95318107 2320720
80 3 1 99781975 2613455
80 3 2 98588204 2568744
80 3 3 98809257 2408182
80 3 4 98932910 2570904
81 3 1 102677885 2719277
81 3 2 102278957 2754668
81 3 3 102552103 2546675
81 3 4 102638834 2574234
82 3 1 105995303 2828749
82 3 2 106108345 2620206
82 3 3 106584293 2774688
82 3 4 106393970 2956291
83 3 1 110222106 2996602
83 3 2 109408352 2960201
83 3 3 110414320 2738378
83 3 4 110465850 2984711
84 3 1 114005343 2925351
84 3 2 114131265 3011912
84 3 3 114441389 3002602
84 3 4 114167965 3043383
85 3 1 118512370 3179566
85 3 2 118445160 3165865
85 3 3 118468269 3159545
85 3 4 118373638 3181715
86 3 1 122897216 3266367
86 3 2 122938878 3275437
86 3 3 122930317 3270787
86 3 4 122913716 3277787
87 3 1 127462867 3410259
87 3 2 127104139 3408370
87 3 3 127442915 3392600
87 3 4 127162141 3390659
88 3 1 131245201 3498831
88 3 2 130374046 3572322
88 3 3 130886035 3543122
88 3 4 130846085 3559442
89 3 1 135822001 3576042
89 3 2 135636728 3616163
89 3 3 135959763 3636073
89 3 4 135937763 3623213
90 3 1 140875279 3789286
90 3 2 140983651 3789586
90 3 3 141220895 3768966
90 3 4 141790185 3373629
91 3 1 144739916 3998899
91 3 2 144516812 3859157
91 3 3 145403448 3911578
91 3 4 145190324 3920678
92 3 1 151346942 3982499
92 3 2 151651126 4015788
92 3 3 156481890 3992389
92 3 4 151641987 4027610
93 3 1 155199108 4160302
93 3 2 155016214 4168203
93 3 3 155427362 4134682
93 3 4 155470393 4142752
94 3 1 159790197 4158882
94 3 2 159155007 4265304
94 3 3 162134199 4280145
94 3 4 160044592 4230314
95 3 1 165543088 4441957
95 3 2 165508547 4446117
95 3 3 165535518 4450358
95 3 4 166159898 4436497
96 3 1 170175129 4663301
96 3 2 170035406 4550739
96 3 3 169710170 4657971
96 3 4 170360112 4654461
97 3 1 176343215 4416067
97 3 2 175453320 4707962
97 3 3 176264055 4696781
97 3 4 175798796 4714742
98 3 1 181476245 4568800
98 3 2 180863724 4309435
98 3 3 180643300 4596610
98 3 4 180707962 4817913
99 3 1 187729794 5023637
99 3 2 188951826 5004937
99 3 3 188076300 4966446
99 3 4 188122831 4987427
100 3 1 192747031 5092728
100 3 2 192465417 5109039
100 3 3 193076926 5106929
100 3 4 193021216 4915905
101 3 1 197518734 4962666
101 3 2 197528174 5277162
101 3 3 198143225 5283072
101 3 4 198027473 5040417
102 3 1 207521338 5477276
102 3 2 208763650 5483705
102 3 3 208144818 5309003
102 3 4 207698481 5202890
103 3 1 210053981 5625368
103 3 2 210392978 5310872
103 3 3 209942169 5623008
103 3 4 210849156 5301923
104 3 1 216128027 5852532
104 3 2 217092204 5574527
104 3 3 216143367 5588657
104 3 4 216209519 5604818
105 3 1 228386020 7568741
105 3 2 223028327 5546177
105 3 3 222139481 5553856
105 3 4 222142953 5709759
106 3 1 229236506 5574527
106 3 2 229203994 5832381
106 3 3 229134133 5855702
106 3 4 229144133 6364451
107 3 1 235548545 5829921
107 3 2 235547954 5619637
107 3 3 235461373 6249198
107 3 4 236006953 5951594
108 3 1 242139400 5952504
108 3 2 242123969 6115156
108 3 3 242258721 6035105
108 3 4 242183981 6065365
109 3 1 248859327 6679306
109 3 2 249304674 6609825
109 3 3 249332924 6271579
109 3 4 249001429 6156627
110 3 1 255797277 6342500
110 3 2 255810077 6382951
110 3 3 256616451 6406021
110 3 4 256070992 6842878
111 3 1 263355339 6320520
111 3 2 263151474 6531493
111 3 3 262923601 6320370
111 3 4 262904040 7026712
112 3 1 271945497 6833299
112 3 2 270793118 6930300
112 3 3 270516023 6891950
112 3 4 270836948 6855650
113 3 1 278192166 6632436
113 3 2 277953112 6880110
113 3 3 277779499 7419669
113 3 4 278152825 6892110
114 3 1 285271169 6804648
114 3 2 285449612 6834169
114 3 3 285489063 7043943
114 3 4 285461863 6816149
115 3 1 292905872 6950541
115 3 2 292958543 7180655
115 3 3 293248898 7356558
115 3 4 293084565 7169715
116 3 1 299905804 7144024
116 3 2 299871133 7419019
116 3 3 299748511 7983579
116 3 4 310568048 7156194
117 3 1 307847572 7284856
117 3 2 307578126 7545561
117 3 3 307961434 7538760
117 3 4 307765251 7294977
118 3 1 316105495 8459467
118 3 2 319059227 8265353
118 3 3 318990646 8203502
118 3 4 319252751 7407999
119 3 1 325816734 8733222
119 3 2 326024067 8495478
119 3 3 327141687 7947378
119 3 4 326031297 7810486
120 3 1 334713519 8020689
120 3 2 334956633 8736141
120 3 3 336240066 7890557
120 3 4 334938192 8699562
121 3 1 344391617 8219663
121 3 2 343068774 8323614
121 3 3 342941402 8228243
121 3 4 342972473 8190213
122 3 1 355153254 8484488
122 3 2 355195505 8475878
122 3 3 355295106 8258773
122 3 4 355296937 8537359
123 3 1 360429516 8420376
123 3 2 360411985 8661630
123 3 3 360672001 8316914
123 3 4 360659450 8667920
124 3 1 369073416 8660771
124 3 2 368995614 9621878
124 3 3 370549841 8836064
124 3 4 369101696 8635181
125 3 1 378482430 8835463
125 3 2 378527670 9153530
125 3 3 378576061 9067397
125 3 4 378493189 9054987
126 3 1 387470416 9044477
126 3 2 387334393 9246121
126 3 3 387242502 9046608
126 3 4 387225491 9344363
127 3 1 396043134 10291679
127 3 2 397395289 9445824
127 3 3 396033914 9415904
127 3 4 396111067 9572707
128 3 1 405992467 12009129
128 3 2 406604968 11398058
128 3 3 405583851 11680153
128 3 4 405446979 11399948
129 3 1 415149667 9924822
129 3 2 415132637 9761519
129 3 3 415153767 10021495
129 3 4 415167237 10827699
130 3 1 426216009 10140906
130 3 2 425332724 11084203
130 3 3 427076155 9801320
130 3 4 425608779 10241007
131 3 1 434745018 10127637
131 3 2 434730518 10464552
131 3 3 434819459 10182897
131 3 4 434843940 10834859
132 3 1 446647525 10411990
132 3 2 445162519 10581844
132 3 3 445059156 10434111
132 3 4 444977616 10654405
133 3 1 455029200 10582584
133 3 2 454828806 10630355
133 3 3 455070122 10576994
133 3 4 455095782 10609775
134 3 1 465565884 10824208
134 3 2 465443452 11070212
134 3 3 465528243 11046211
134 3 4 465590255 11042201
135 3 1 475786192 11070443
135 3 2 475888083 11355367
135 3 3 475782431 11006911
135 3 4 475943844 11370197
136 3 1 487211400 11611332
136 3 2 487130039 11620521
136 3 3 487093458 11603782
136 3 4 487372183 11595831
137 3 1 497461928 11588861
137 3 2 497464628 11595532
137 3 3 497474679 11570501
137 3 4 497540409 11525219
138 3 1 508179895 12084480
138 3 2 508035992 11847586
138 3 3 508170334 11848686
138 3 4 508101352 12106801
139 3 1 519079964 12026589
139 3 2 519065493 12358285
139 3 3 518967672 12075400
139 3 4 519069073 12105191
140 3 1 530860229 12275743
140 3 2 530555024 12260113
140 3 3 531078713 12378385
140 3 4 531151673 12241683
141 3 1 542719844 12822223
141 3 2 542228446 12832763
141 3 3 542258607 12552729
141 3 4 542335407 12809583
142 3 1 553835888 12914955
142 3 2 554007830 14236288
142 3 3 554312846 12904125
142 3 4 553919289 12783382
143 3 1 565720774 13142269
143 3 2 565528641 13178198
143 3 3 565608893 13128489
143 3 4 565482180 13154749
144 3 1 577910747 13796970
144 3 2 577955078 13781920
144 3 3 578035178 13997494
144 3 4 577884406 13774400
145 3 1 593290913 15387868
145 3 2 594052007 13850911
145 3 3 593359435 13815130
145 3 4 593249463 14030685
146 3 1 601568537 14011924
146 3 2 602440083 15661633
146 3 3 601502906 14010374
146 3 4 601451555 14036854
147 3 1 616740591 14295029
147 3 2 614266508 14517783
147 3 3 614343080 14280967
147 3 4 614379921 14285659
148 3 1 626904978 14555373
148 3 2 627001230 14562753
148 3 3 627078911 14570754
148 3 4 627390647 14547472
149 3 1 639452617 14934339
149 3 2 639611339 14946630
149 3 3 639430676 14945940
149 3 4 639510457 14913720
150 3 1 652838459 15194583
150 3 2 652753098 15204104
150 3 3 652736147 15201535
150 3 4 652928371 15186054
151 3 1 665834295 15511350
151 3 2 665850315 15517089
151 3 3 665983247 15529230
151 3 4 665954547 15522670
152 3 1 678953913 16252383
152 3 2 678912102 16233252
152 3 3 678874421 16281993
152 3 4 678999303 16249103
153 3 1 699154244 16247553
153 3 2 701279581 16274863
153 3 3 699502250 16281633
153 3 4 699023132 16228232
154 3 1 707376237 17118307
154 3 2 707093692 16452647
154 3 3 706994990 16459395
154 3 4 710726396 16554679
155 3 1 722155683 16809633
155 3 2 721738166 16853853
155 3 3 721808708 16874084
155 3 4 722063823 16786551
156 3 1 733978160 17116697
156 3 2 734087272 17066377
156 3 3 734437837 17076447
156 3 4 734316655 17128478
157 3 1 748032714 17456553
157 3 2 748028623 17477934
157 3 3 748065665 17470893
157 3 4 748000793 17460974
158 3 1 762366183 17854499
158 3 2 762339453 17850590
158 3 3 762349713 17823780
158 3 4 762430074 17817700
159 3 1 777443704 18072875
159 3 2 777358333 18060514
159 3 3 777417744 18072274
159 3 4 777541887 18082994
160 3 1 792862663 20659610
160 3 2 791618791 19614741
160 3 3 791644791 25268010
160 3 4 791699813 24929544
161 3 1 806980908 27636961
161 3 2 807087780 20851513
161 3 3 806881007 19175344
161 3 4 807077010 18937000
162 3 1 821528721 28597338
162 3 2 821801116 28235850
162 3 3 821703625 28601138
162 3 4 821593472 28594727
163 3 1 838051909 19717333
163 3 2 837115983 19706783
163 3 3 837795944 19459018
163 3 4 837289625 19905746
164 3 1 853051899 20029689
164 3 2 853077689 20164241
164 3 3 852983778 20094930
164 3 4 853221222 19832625
165 3 1 868120411 20604628
165 3 2 868461628 20496677
165 3 3 868085790 20591559
165 3 4 868230263 20646078
166 3 1 884657268 20841702
166 3 2 885427902 20991575
166 3 3 884859903 20569457
166 3 4 884601428 20828872
167 3 1 900221309 20891642
167 3 2 900090347 21431702
167 3 3 900493294 21215469
167 3 4 899998636 21095927
168 3 1 917365877 21753817
168 3 2 917126054 21736779
168 3 3 917257775 21345081
168 3 4 917140933 21727059
169 3 1 934285061 24181671
169 3 2 934883142 24241542
169 3 3 934349612 21861881
169 3 4 934360543 21872530
170 3 1 954284408 22570553
170 3 2 953071848 22586192
170 3 3 952965617 22311868
170 3 4 953159269 22350289
171 3 1 967250074 22842518
171 3 2 967441677 22853887
171 3 3 968080219 22826956
171 3 4 967623170 22776956
172 3 1 984227269 23197493
172 3 2 984333791 23313105
172 3 3 984155528 22938718
172 3 4 984267341 23378966
173 3 1 1002399555 23277314
173 3 2 1005758424 25583336
173 3 3 1001718203 23599150
173 3 4 1001787995 23624531
174 3 1 1022515974 24226092
174 3 2 1022096677 24271742
174 3 3 1022368002 24226711
174 3 4 1022347462 24019628
175 3 1 1035997209 24402564
175 3 2 1035699025 24072809
175 3 3 1036058540 24082188
175 3 4 1037260752 24349643
176 3 1 1054380749 24980864
176 3 2 1054109244 24479045
176 3 3 1055892385 24560347
176 3 4 1054874588 24824892
177 3 1 1072592165 25430192
177 3 2 1072692758 25138996
177 3 3 1072602356 24942005
177 3 4 1072754328 24936184
178 3 1 1090851853 25451843
178 3 2 1094085789 25702556
178 3 3 1090617758 25428562
178 3 4 1090199252 25305970
179 3 1 1108973387 26183796
179 3 2 1108211454 25716717
179 3 3 1108326706 25708656
179 3 4 1108347587 25755607
180 3 1 1130900309 26568342
180 3 2 1129606127 26175306
180 3 3 1129323541 28494285
180 3 4 1129582166 26191995
181 3 1 1153395340 26699674
181 3 2 1152499104 26688584
181 3 3 1152114398 26729125
181 3 4 1151705490 27067681
182 3 1 1165720285 27490477
182 3 2 1165150424 27355895
182 3 3 1165528291 27079391
182 3 4 1165732853 29429892
183 3 1 1185036780 27461167
183 3 2 1186583487 27681601
183 3 3 1184900357 27504828
183 3 4 1185545999 27684061
184 3 1 1208095870 28163190
184 3 2 1207828966 28600726
184 3 3 1207832626 28189359
184 3 4 1208722892 28436745
185 3 1 1224171710 28470356
185 3 2 1226289447 28458345
185 3 3 1224168410 28494816
185 3 4 1227530758 28484916
186 3 1 1243720689 29318390
186 3 2 1243569348 28935343
186 3 3 1243616427 29135156
186 3 4 1243534617 28891613
187 3 1 1263828089 29224868
187 3 2 1265504708 29688256
187 3 3 1263848580 29559423
187 3 4 1263853310 29277209
188 3 1 1284523399 29931060
188 3 2 1285321484 29933500
188 3 3 1289614656 30201106
188 3 4 1285304262 29921661
189 3 1 1304736686 30304958
189 3 2 1307106467 30218517
189 3 3 1304885526 30809887
189 3 4 1304881195 30333318
190 3 1 1328047835 30911079
190 3 2 1328417710 30884239
190 3 3 1328063002 31306697
190 3 4 1326983262 31248465
191 3 1 1349630473 31215834
191 3 2 1347324031 31725854
191 3 3 1347061764 31208324
191 3 4 1346680037 31225535
192 3 1 1368035695 32243983
192 3 2 1368119865 32008789
192 3 3 1368389689 31866835
192 3 4 1368150783 32028118
193 3 1 1390362137 32537398
193 3 2 1389676572 32216452
193 3 3 1389733243 32239233
193 3 4 1389680381 32206902
194 3 1 1411331413 32780102
194 3 2 1411222950 32991186
194 3 3 1410312593 32780272
194 3 4 1412828006 32816083
195 3 1 1434572129 33284170
195 3 2 1434606340 33468904
195 3 3 1434473265 33276300
195 3 4 1433012340 33271360
196 3 1 1462904707 34220827
196 3 2 1465258718 34015424
196 3 3 1462814144 33804789
196 3 4 1463417162 33785769
197 3 1 1480262381 34597824
197 3 2 1478733582 34875228
197 3 3 1480016323 34179446
197 3 4 1479805728 34373489
198 3 1 1505013353 34781506
198 3 2 1503577007 34818487
198 3 3 1505808725 34832378
198 3 4 1503082954 34872128
199 3 1 1525330828 53217584
199 3 2 1527980243 53181892
199 3 3 1528241007 53166903
199 3 4 1530952203 53177872
200 3 1 1550066801 36256732
200 3 2 1547181219 36312633
200 3 3 1548220325 36690550
200 3 4 1546031444 36293683
201 3 1 1570273833 36488327
201 3 2 1575818390 36422785
201 3 3 1572235634 36476376
201 3 4 1569639637 36458546
202 3 1 1592527101 36897073
202 3 2 1592986248 37093137
202 3 3 1594552585 36793232
202 3 4 1591585060 36752630
203 3 1 1618887182 37556855
203 3 2 1621028898 37815850
203 3 3 1620001649 38407961
203 3 4 1617656356 37509724
204 3 1 1644500639 37932962
204 3 2 1642940750 38097044
204 3 3 1641029975 37920021
204 3 4 1642463579 37929581
205 3 1 1670322711 38801067
205 3 2 1672415376 38959859
205 3 3 1665248197 38782307
205 3 4 1671449315 38776617
206 3 1 1690421770 39128003
206 3 2 1693777458 39090802
206 3 3 1690146432 39130663
206 3 4 1689870636 38983180
207 3 1 1736277355 39904776
207 3 2 1730066093 39871066
207 3 3 1729392250 39900196
207 3 4 1732846940 39902526
208 3 1 1744301430 40447396
208 3 2 1741006171 40436686
208 3 3 1744154995 40783741
208 3 4 1742436033 40463166
209 3 1 1778715933 41013116
209 3 2 1783662958 41277951
209 3 3 1782331423 41370422
209 3 4 1782790889 41051766
210 3 1 1792303096 42660614
210 3 2 1788415245 41524495
210 3 3 1792599758 41545105
210 3 4 1791796582 41540515
211 3 1 1819579951 41643407
211 3 2 1815273173 42180686
211 3 3 1818980897 42281367
211 3 4 1818331544 41921932
212 3 1 1843053089 43308975
212 3 2 1843433864 42682824
212 3 3 1842241632 42924138
212 3 4 1841919524 42619283
213 3 1 1873173295 43359716
213 3 2 1872656574 43378066
213 3 3 1876836566 43394217
213 3 4 1875383179 43411607
214 3 1 1895007103 43955266
214 3 2 1895574772 43925766
214 3 3 1899290355 43939066
214 3 4 1900210810 43807344
215 3 1 1923459780 44318003
215 3 2 1924462735 44373324
215 3 3 1927327915 44384904
215 3 4 1921880036 44426904
216 3 1 1954826646 45362911
216 3 2 1948782288 45330241
216 3 3 1949283254 45328220
216 3 4 1952883386 45346820
217 3 1 1999068180 46023253
217 3 2 1996108025 45921071
217 3 3 1993890015 45977662
217 3 4 1998192659 45967512
218 3 1 2021889086 46717575
218 3 2 2021863853 46671764
218 3 3 2021665517 46658273
218 3 4 2024200291 48611818
219 3 1 2035078281 46903267
219 3 2 2035981755 46859347
219 3 3 2034628158 46889747
219 3 4 2034234540 46846507
220 3 1 2060700535 47417037
220 3 2 2063567874 47486088
220 3 3 2064476468 47519238
220 3 4 2061384062 47521088
221 3 1 2093516606 48232121
221 3 2 2088475434 48197961
221 3 3 2089999830 48213441
221 3 4 2089168034 48087739
222 3 1 2116933750 49120106
222 3 2 2115375802 49048035
222 3 3 2115850899 49065465
222 3 4 2116733093 49079226
223 3 1 2148134273 49706176
223 3 2 2143234765 49650546
223 3 3 2143183762 49603694
223 3 4 2147511407 50185975
224 3 1 2174554211 50281367
224 3 2 2175723700 50365368
224 3 3 2181277627 50393788
224 3 4 2178954673 50366748
225 3 1 2211369873 51000189
225 3 2 2206715629 51012049
225 3 3 2203307207 50959429
225 3 4 2203703212 51581419
226 3 1 2232297924 51292434
226 3 2 2239994748 51253813
226 3 3 2231296622 51317954
226 3 4 2238997585 51217003
227 3 1 2261149884 52595167
227 3 2 2264732175 52044788
227 3 3 2262330670 52213809
227 3 4 2264481717 52752819
228 3 1 2292766453 53033875
228 3 2 2292232302 53252128
228 3 3 2292556024 53010514
228 3 4 2299047187 53045095
229 3 1 2325011103 81199840
229 3 2 2329117503 81404625
229 3 3 2324169803 81251022
229 3 4 2323173534 81391293
230 3 1 2369529739 54535930
230 3 2 2360217652 54565501
230 3 3 2375490239 54559811
230 3 4 2365320418 54594821
231 3 1 2390353326 55596069
231 3 2 2384501611 55579078
231 3 3 2382554875 55690221
231 3 4 2391124544 55584259
232 3 1 2437523788 56258881
232 3 2 2439242517 56290602
232 3 3 2437711667 56425473
232 3 4 2437421259 56770740
233 3 1 2447895103 56406363
233 3 2 2445766713 56310211
233 3 3 2447062603 56891991
233 3 4 2450186026 56142087
234 3 1 2480185772 57308279
234 3 2 2487292655 57270718
234 3 3 2478471748 57166406
234 3 4 2480220107 57240047
235 3 1 2520484002 58147563
235 3 2 2520203165 58121323
235 3 3 2518888480 58293576
235 3 4 2520802791 58135612
236 3 1 2542181136 58668501
236 3 2 2542295766 58798835
236 3 3 2546967825 58838205
236 3 4 2543353149 59202531
237 3 1 2576638892 60058716
237 3 2 2576140382 59509656
237 3 3 2577204428 60172219
237 3 4 2574865645 60008525
238 3 1 2607155521 60258209
238 3 2 2606563598 60300691
238 3 3 2606485024 60194289
238 3 4 2606820048 60215828
239 3 1 2640923465 60912851
239 3 2 2640335512 60818290
239 3 3 2639743320 60921311
239 3 4 2643765439 60923100
240 3 1 2672795497 61880828
240 3 2 2674063767 61778256
240 3 3 2677376762 61865798
240 3 4 2674321647 61816876
241 3 1 2708664738 62414256
241 3 2 2712462783 62246685
241 3 3 2708662494 62433956
241 3 4 2717369285 62207843
242 3 1 2741906054 63255041
242 3 2 2742651024 63289112
242 3 3 2748842010 63234881
242 3 4 2744248248 63193860
243 3 1 2777492321 64013135
243 3 2 2778328862 64211408
243 3 3 2776741162 64053934
243 3 4 2784665130 63978014
244 3 1 2810031462 65257525
244 3 2 2809863918 64772467
244 3 3 2811628626 64459942
244 3 4 2813856882 64968551
245 3 1 2855436811 65513891
245 3 2 2850009084 65460650
245 3 3 2853884540 65402188
245 3 4 2851117899 65675733
246 3 1 2881906987 66469647
246 3 2 2882184409 66456157
246 3 3 2883699424 66326674
246 3 4 2881987682 66413096
247 3 1 2926382919 67135958
247 3 2 2919511356 67086888
247 3 3 2920232356 67137009
247 3 4 2921101920 67407762
248 3 1 2951289407 104619036
248 3 2 2952850501 104937202
248 3 3 2953388319 104878381
248 3 4 2951662536 104661237
249 3 1 2991956961 68591923
249 3 2 2988545269 68565933
249 3 3 2985341351 68639734
249 3 4 2986748923 68570673
250 3 1 3024211428 69569860
250 3 2 3021037711 69486169
250 3 3 3026399282 69514419
250 3 4 3029655677 69517300
251 3 1 3063609820 70697690
251 3 2 3059044358 70530418
251 3 3 3060400070 71036246
251 3 4 3064303107 70651819
252 3 1 3098824329 71621697
252 3 2 3094100545 71285030
252 3 3 3095801223 71118177
252 3 4 3098811002 71821880
253 3 1 3135747188 72780496
253 3 2 3137293943 72248036
253 3 3 3138333049 72315457
253 3 4 3143083530 72226876
254 3 1 3181807497 73845155
254 3 2 3167525504 72766585
254 3 3 3172814185 73177773
254 3 4 3172370585 73661791
255 3 1 3240105320 75689607
255 3 2 3251819213 75674416
255 3 3 3250263463 75702217
255 3 4 3250520445 75858419
256 3 1 3244822913 83528764
256 3 2 3249598014 83422722
256 3 3 3244041135 83383481
256 3 4 3246469676 83536895
257 3 1 3288968448 76242496
257 3 2 3293484895 76480349
257 3 3 3292800151 76734185
257 3 4 3287448735 76711274
258 3 1 3327633916 78003327
258 3 2 3322567286 77762062
258 3 3 3322345190 77829394
258 3 4 3323594099 77398386
259 3 1 3406951447 78408313
259 3 2 3391999283 78413894
259 3 3 3393969176 78482335
259 3 4 3405216351 78409754
260 3 1 3400385523 78415874
260 3 2 3402524439 78751289
260 3 3 3400428130 79021594
260 3 4 3399070244 78861251
261 3 1 3442260209 79613694
261 3 2 3443332354 79733337
261 3 3 3441829656 79541053
261 3 4 3441627000 79456821
262 3 1 3480266465 81673650
262 3 2 3479469579 81931495
262 3 3 3478002341 81097710
262 3 4 3482958626 81242251
263 3 1 3533603451 81942005
263 3 2 3545154881 81926544
263 3 3 3536023908 81387945
263 3 4 3542847816 81318044
264 3 1 3570633611 82967863
264 3 2 3567767858 82576865
264 3 3 3569362133 83072404
264 3 4 3568932854 83112965
265 3 1 3601491122 82705198
265 3 2 3601588131 82980803
265 3 3 3599198738 83108295
265 3 4 3602852820 82638476
266 3 1 3641971932 83691795
266 3 2 3643368784 83702835
266 3 3 3655015156 84188823
266 3 4 3638537635 84245114
267 3 1 3683578851 85044689
267 3 2 3685378751 85177390
267 3 3 3681513442 84949566
267 3 4 3683003275 84988147
268 3 1 3722241870 86025225
268 3 2 3724529217 85370224
268 3 3 3724239931 85648309
268 3 4 3726663991 85366973
269 3 1 3770300282 86935821
269 3 2 3771207356 86955741
269 3 3 3763780004 86372841
269 3 4 3766539910 86339420
270 3 1 3809020272 87796566
270 3 2 3807700287 87555792
270 3 3 3811667043 87865477
270 3 4 3807979237 87914878
271 3 1 3850156493 88630960
271 3 2 3854224022 89137859
271 3 3 3849541809 88717922
271 3 4 3853578427 89197731
272 3 1 3904438284 90194847
272 3 2 3894282805 90177057
272 3 3 3899877590 90209587
272 3 4 3899338958 90595274
273 3 1 3966619643 91290127
273 3 2 3951762831 91044352
273 3 3 3966716111 91338647
273 3 4 3950289832 91691944
274 3 1 3982065715 92344404
274 3 2 3980315953 92301374
274 3 3 3984674497 92310514
274 3 4 3979901752 92276534
275 3 1 4032307416 92653360
275 3 2 4033691627 93268020
275 3 3 4033527783 92682500
275 3 4 4034576960 93298851
276 3 1 4080618013 94293898
276 3 2 4076838075 94286188
276 3 3 4076686689 94387080
276 3 4 4079639880 94649965
277 3 1 4116090976 95237085
277 3 2 4116827716 95260545
277 3 3 4115687024 95146912
277 3 4 4122201256 94981190
278 3 1 4154774353 96179621
278 3 2 4155664747 95845625
278 3 3 4157913964 96165511
278 3 4 4158091156 95811684
279 3 1 4200953323 97213199
279 3 2 4200384981 97082687
279 3 3 4202571618 97214069
279 3 4 4201354195 97177138
280 3 1 4247349477 98333769
280 3 2 4244826030 98255677
280 3 3 4243639188 98254246
280 3 4 4247817489 98230546
281 3 1 4290934371 99088112
281 3 2 4293574434 99106721
281 3 3 4295542218 99051550
281 3 4 4293819846 98983739
282 3 1 4339884518 100375533
282 3 2 4338994271 100373703
282 3 3 4339273375 100385843
282 3 4 4335861832 100822311
283 3 1 4401743842 101638346
283 3 2 4402598815 101414612
283 3 3 4406052664 101348111
283 3 4 4405802287 101410702
284 3 1 4432089166 102215405
284 3 2 4431143426 102321587
284 3 3 4433027628 102210676
284 3 4 4431899917 101818859
285 3 1 4478461468 103161042
285 3 2 4479817350 103276524
285 3 3 4481817013 104038198
285 3 4 4477366384 103491187
286 3 1 4542811236 104659588
286 3 2 4522004970 104433174
286 3 3 4536302658 104521665
286 3 4 4534817830 104495404
287 3 1 4539983848 106150044
287 3 2 4527268395 106068672
287 3 3 4540678938 106294525
287 3 4 4538994787 105882559
288 3 1 4594619196 107297123
288 3 2 4594453261 107454896
288 3 3 4588726861 107339915
288 3 4 4577303379 107383565
289 3 1 4615613867 108470515
289 3 2 4633876834 108503004
289 3 3 4632889896 108500594
289 3 4 4633489604 108461904
290 3 1 4681635514 109329899
290 3 2 4672496792 109423751
290 3 3 4674448244 109042504
290 3 4 4676399727 109463941
291 3 1 4724146719 110358387
291 3 2 4720791499 110300285
291 3 3 4722605240 110320966
291 3 4 4719962221 110224934
292 3 1 4769240540 111085769
292 3 2 4777818049 111460635
292 3 3 4769378190 111112610
292 3 4 4770767472 110947016
293 3 1 4821319014 112124647
293 3 2 4819890407 112225689
293 3 3 4830916968 112286990
293 3 4 4819725591 112189698
294 3 1 4880129573 113850058
294 3 2 4877901184 113544072
294 3 3 4874902470 113662284
294 3 4 4883469408 113828017
295 3 1 4919605228 115866373
295 3 2 4922024698 115960544
295 3 3 4922679159 115903963
295 3 4 4919462530 116270259
296 3 1 4972788329 116488823
296 3 2 4971583358 116493963
296 3 3 4966844753 116573745
296 3 4 4970287842 116436532
297 3 1 5032952303 117505781
297 3 2 5021309819 117487770
297 3 3 5037531791 117450219
297 3 4 5038703521 117441079
298 3 1 5071596523 117748095
298 3 2 5075581341 118004019
298 3 3 5071996308 117949139
298 3 4 5070822815 117815786
299 3 1 5120983549 119423543
299 3 2 5121299284 119549695
299 3 3 5126751818 119927342
299 3 4 5121496144 119718469
300 3 1 5169625202 120298579
300 3 2 5173604521 120221828
300 3 3 5170829821 120179927
300 3 4 5176966926 120304959
301 3 1 5282260763 186718217
301 3 2 5283516563 186461153
301 3 3 5273098681 186518084
301 3 4 5277802712 186484623
302 3 1 5282472021 123350032
302 3 2 5284083688 123292881
302 3 3 5279280023 123593295
302 3 4 5281159015 123742998
303 3 1 5340507319 124391990
303 3 2 5336408316 124624784
303 3 3 5336025128 124677395
303 3 4 5338369798 124586664
304 3 1 5383679097 125940727
304 3 2 5390160448 125612711
304 3 3 5382824870 125779264
304 3 4 5387515021 125674633
305 3 1 5443421435 126583417
305 3 2 5446611268 126377445
305 3 3 5445097611 125963727
305 3 4 5439630495 126545068
306 3 1 5493954791 128056333
306 3 2 5478319868 127884701
306 3 3 5495743491 127927941
306 3 4 5496567733 127949591
307 3 1 5546427032 129053991
307 3 2 5549720809 129306055
307 3 3 5549752737 128879887
307 3 4 5547002079 129000130
308 3 1 5598747741 129999677
308 3 2 5599557154 130102119
308 3 3 5597799802 130240881
308 3 4 5593902592 130055618
309 3 1 5654814355 131378981
309 3 2 5653699194 131249919
309 3 3 5652796096 131433792
309 3 4 5654698172 131298489
310 3 1 5720203170 133328886
310 3 2 5727974355 133437857
310 3 3 5715094159 133368976
310 3 4 5735614656 133766852
311 3 1 5765751681 134505135
311 3 2 5764668150 134426693
311 3 3 5774358978 134519906
311 3 4 5766055382 134412934
312 3 1 5822442435 136618712
312 3 2 5830219089 136385798
312 3 3 5821810292 136624262
312 3 4 5820071220 136413699
313 3 1 5876386352 136830076
313 3 2 5871311193 136704004
313 3 3 5872499323 136608281
313 3 4 5875510564 137098520
314 3 1 5941546005 137599668
314 3 2 5937954862 138487324
314 3 3 5939827753 138539655
314 3 4 5945412599 138224830
315 3 1 5994520905 139339749
315 3 2 5996034420 139184187
315 3 3 6001479664 139487721
315 3 4 5995513269 138461984
316 3 1 6050710080 140421828
316 3 2 6056446920 140565200
316 3 3 6050789950 140811995
316 3 4 6053917544 140694964
317 3 1 6139426803 142883531
317 3 2 6122488668 142337891
317 3 3 6148499850 142889000
317 3 4 6137917596 143068655
318 3 1 6247959543 146821990
318 3 2 6243555476 146609145
318 3 3 6242797501 146641216
318 3 4 6248563691 146573566
319 3 1 6220784885 144399167
319 3 2 6228542170 143619434
319 3 3 6229349894 144292376
319 3 4 6227200705 144244704
320 3 1 6280715337 147683845
320 3 2 6277820266 148340936
320 3 3 6276107345 147638224
320 3 4 6281348245 148436008
321 3 1 6334827758 147558392
321 3 2 6353621095 147404960
321 3 3 6341406081 147427350
321 3 4 6348096527 147122635
322 3 1 6415443880 149065649
322 3 2 6411918598 149243302
322 3 3 6390095058 149004867
322 3 4 6404728741 149130929
323 3 1 6463534086 150330120
323 3 2 6456844859 150788728
323 3 3 6470363943 150405932
323 3 4 6464544232 150706187
324 3 1 6525415422 150429172
324 3 2 6518843606 151286356
324 3 3 6521959579 151794996
324 3 4 6516460934 151486770
325 3 1 6581336364 154003074
325 3 2 6580754413 153261291
325 3 3 6584701341 153614848
325 3 4 6582868009 153356224
326 3 1 6646283793 153396084
326 3 2 6636390700 153905673
326 3 3 6649693741 154039565
326 3 4 6636263857 154034884
327 3 1 6717915089 157004067
327 3 2 6721375879 155719424
327 3 3 6718362156 155531591
327 3 4 6715368453 156254433
328 3 1 6758946814 157740179
328 3 2 6761311881 157138322
328 3 3 6760887285 157642781
328 3 4 6767274013 156833999
329 3 1 6851997993 159405009
329 3 2 6854419225 159558760
329 3 3 6867755664 159538458
329 3 4 6841872630 159718949
330 3 1 6894222128 160166318
330 3 2 6887164515 160344170
330 3 3 6897010813 160423720
330 3 4 6889673808 160296147
331 3 1 6956213117 161079093
331 3 2 6954116203 162142977
331 3 3 6959885650 161227064
331 3 4 6956411698 162353729
332 3 1 7010110584 162783188
332 3 2 7007516329 163057234
332 3 3 7008622538 162774326
332 3 4 7016151460 162745825
333 3 1 7079329530 164489216
333 3 2 7071305839 164222668
333 3 3 7077294536 164532265
333 3 4 7074742749 163993042
334 3 1 7145422298 166536170
334 3 2 7142056700 166164582
334 3 3 7147500640 166575891
334 3 4 7150916368 166837786
335 3 1 7210351549 167103812
335 3 2 7211989603 167193214
335 3 3 7208208350 167198396
335 3 4 7206537301 166864329
336 3 1 7273509425 168847583
336 3 2 7270608574 169389766
336 3 3 7271783439 169381907
336 3 4 7269895454 168659600
337 3 1 7360015788 260204919
337 3 2 7374865810 258878625
337 3 3 7359890269 260600220
337 3 4 7357440660 258755306
338 3 1 7409910149 172498961
338 3 2 7399663713 172909962
338 3 3 7402272974 172247619
338 3 4 7408366992 172996387
339 3 1 7485127523 174675165
339 3 2 7480456831 174294547
339 3 3 7468454320 173314430
339 3 4 7480672545 174148929
340 3 1 7574050413 176630124
340 3 2 7547276632 176646936
340 3 3 7551361428 176381063
340 3 4 7567218246 176496689
341 3 1 7601225682 176973940
341 3 2 7599327612 177025624
341 3 3 7601010756 176684769
341 3 4 7600606069 176984248
342 3 1 7673434039 178124854
342 3 2 7669567313 178500506
342 3 3 7669133576 177905636
342 3 4 7666821392 177277886
343 3 1 7733692538 273886111
343 3 2 7735638226 274010462
343 3 3 7737157417 273755857
343 3 4 7739698447 273768767
344 3 1 7801577208 182292097
344 3 2 7803691186 182616358
344 3 3 7803504270 182604901
344 3 4 7800600681 182608584
345 3 1 7984752226 185339813
345 3 2 7995124341 185150883
345 3 3 7991164390 184224568
345 3 4 7987683407 183967916
346 3 1 7938398861 184030551
346 3 2 7937941641 183973294
346 3 3 7933699637 184232723
346 3 4 7931978188 184040713
347 3 1 8005828362 186021609
347 3 2 8013883848 186288058
347 3 3 8003085162 186299843
347 3 4 8008906980 186545744
348 3 1 8096219299 187527767
348 3 2 8101708822 187369188
348 3 3 8086132781 187651879
348 3 4 8085154261 188028761
349 3 1 8199527128 190366183
349 3 2 8211289458 190664493
349 3 3 8225024998 190419354
349 3 4 8217211638 189595772
350 3 1 8215956214 190391533
350 3 2 8215656483 190071511
350 3 3 8215230963 190715989
350 3 4 8229718244 190269865
351 3 1 8316744683 193317091
351 3 2 8308550601 193460180
351 3 3 8309075389 193453185
351 3 4 8308543019 193422450
352 3 1 8362713734 193609639
352 3 2 8363261420 194608145
352 3 3 8347537285 194960408
352 3 4 8364269300 195100205
353 3 1 8601732247 198779915
353 3 2 8590154854 199246879
353 3 3 8595935419 197976360
353 3 4 8593467424 199445645
354 3 1 8503969663 197577154
354 3 2 8500314596 197878156
354 3 3 8505164328 198616266
354 3 4 8503816113 198068112
355 3 1 8577098677 199662399
355 3 2 8578272433 200645094
355 3 3 8575130227 199347094
355 3 4 8574568945 198775201
356 3 1 8658273517 201964818
356 3 2 8654680988 202371573
356 3 3 8653737243 202209287
356 3 4 8647274864 202558560
357 3 1 8806278099 204133076
357 3 2 8818186908 204336897
357 3 3 8785638413 204102070
357 3 4 8793003979 204110736
358 3 1 8772078737 205136833
358 3 2 8803015278 205147379
358 3 3 8803109099 203886732
358 3 4 8807451707 205123683
359 3 1 8870875883 314726025
359 3 2 8869920107 314651230
359 3 3 8869214309 314333828
359 3 4 8873009412 314277012
360 3 1 8952025250 208372929
360 3 2 8941105913 208022781
360 3 3 8944529514 209269242
360 3 4 8951899632 209493373
361 3 1 9019798992 209158554
361 3 2 9012458670 209120091
361 3 3 9021444495 209108198
361 3 4 9009560530 209042324
362 3 1 9093775687 211813654
362 3 2 9096262331 211722960
362 3 3 9092174560 211661256
362 3 4 9089578221 211067912
363 3 1 9173853960 213083959
363 3 2 9175710928 212451663
363 3 3 9165293003 212984202
363 3 4 9191238956 213772964
364 3 1 9250479558 213607389
364 3 2 9248889816 214998052
364 3 3 9242560055 214708275
364 3 4 9244151839 215390876
365 3 1 9325820662 216822430
365 3 2 9320202538 215876780
365 3 3 9320265567 215968160
365 3 4 9322800342 216087440
366 3 1 9400562415 217511266
366 3 2 9402346258 217358251
366 3 3 9402104365 216603763
366 3 4 9393623227 217699833
367 3 1 9476939167 220295861
367 3 2 9470029701 219792679
367 3 3 9478753113 220581872
367 3 4 9474696344 220576330
368 3 1 9546314094 221758610
368 3 2 9546823705 221789179
368 3 3 9552021803 221764018
368 3 4 9548839948 220270287
369 3 1 9634634917 222640209
369 3 2 9633093994 223876052
369 3 3 9634456375 223500392
369 3 4 9634934532 222829539
370 3 1 9786540830 227498306
370 3 2 9764788177 226351412
370 3 3 9769219361 224931133
370 3 4 9766402889 226231227
371 3 1 9788828445 228022679
371 3 2 9768873163 228666520
371 3 3 9798977616 227576297
371 3 4 9797277040 226073347
372 3 1 9865105617 231317664
372 3 2 9864294939 231534668
372 3 3 9870981285 231343413
372 3 4 9881068544 231894661
373 3 1 9950040326 231128086
373 3 2 9955138463 230895560
373 3 3 9948867667 231067282
373 3 4 9946140340 230518771
374 3 1 10026719661 353628677
374 3 2 10031076888 355400938
374 3 3 10023987400 356370504
374 3 4 10019538284 353772864
375 3 1 10131820542 233772445
375 3 2 10108000835 236748880
375 3 3 10132942403 233765133
375 3 4 10103154564 236062565
376 3 1 10193367040 363076219
376 3 2 10196231176 365762248
376 3 3 10186259851 365479971
376 3 4 10190553194 365367097
377 3 1 10295356235 239256240
377 3 2 10291205592 239629235
377 3 3 10274898723 237943272
377 3 4 10264529735 239446440
378 3 1 10351243028 240109841
378 3 2 10371151300 238994540
378 3 3 10347589927 240351664
378 3 4 10351258746 240913374
379 3 1 10481014266 243196605
379 3 2 10476764038 241843069
379 3 3 10464225545 244366716
379 3 4 10479989052 242815245
380 3 1 10513154595 241901478
380 3 2 10520820552 243374195
380 3 3 10511507062 242376735
380 3 4 10516680874 241899276
381 3 1 10597894309 246237426
381 3 2 10594260418 246203595
381 3 3 10609847065 246001400
381 3 4 10599709032 245473499
382 3 1 10684462835 248275281
382 3 2 10686201306 246134500
382 3 3 10680313875 246876933
382 3 4 10690910663 246115958
383 3 1 10777863197 251991738
383 3 2 10780298453 251891285
383 3 3 10769917009 251752611
383 3 4 10776753979 251867993
384 3 1 10858037269 252885912
384 3 2 10856445842 251722949
384 3 3 10857296700 254292357
384 3 4 10852803661 252246270
385 3 1 10968689503 256447846
385 3 2 10991597129 254667381
385 3 3 11002639781 256281325
385 3 4 10964134483 256689934
386 3 1 11021762380 257564112
386 3 2 11023878844 257244577
386 3 3 11028973975 255821640
386 3 4 11022587424 257502495
387 3 1 11130475208 258048128
387 3 2 11148324013 259549050
387 3 3 11139405488 257732926
387 3 4 11129847830 257148817
388 3 1 11197527005 260391763
388 3 2 11196350005 259997487
388 3 3 11200763194 260233776
388 3 4 11196398314 259543586
389 3 1 11283117449 261654110
389 3 2 11286957372 261100161
389 3 3 11272200061 261483713
389 3 4 11281476578 261946405
390 3 1 11374376628 264087181
390 3 2 11365800807 263687667
390 3 3 11374762231 265433505
390 3 4 11370900575 262455890
391 3 1 11827233408 271311399
391 3 2 11822122140 271708110
391 3 3 11825916964 269732016
391 3 4 11831288426 271777519
392 3 1 11539414190 269057489
392 3 2 11554722230 268402132
392 3 3 11582872318 269825575
392 3 4 11556175895 268817958
393 3 1 11609241100 268469357
393 3 2 11632792248 269666656
393 3 3 11633489887 269311734
393 3 4 11639196506 268379981
394 3 1 11716178521 272831343
394 3 2 11724776514 272169296
394 3 3 11720294977 271383705
394 3 4 11721007384 272010174
395 3 1 11818204194 272433717
395 3 2 11824933105 273377201
395 3 3 11816213431 271941179
395 3 4 11821753628 273058017
396 3 1 11906819079 275630192
396 3 2 11904927759 273829723
396 3 3 11899569314 275110985
396 3 4 11911414537 273904057
397 3 1 12162415555 281049221
397 3 2 12175637227 280602888
397 3 3 12166644579 280480183
397 3 4 12167529831 281117052
398 3 1 12091219046 278561529
398 3 2 12088440513 278502174
398 3 3 12081507445 279175744
398 3 4 12078864223 281552037
399 3 1 12180581012 280519554
399 3 2 12167915312 281592841
399 3 3 12172792672 281699801
399 3 4 12182526900 279807191
400 3 1 12247579351 284803843
400 3 2 12281370684 284747411
400 3 3 12246653857 285589324
400 3 4 12263715385 285339546
