1 2 1 13960 50
1 2 2 350 30
1 2 3 270 20
1 2 4 250 20
2 2 1 3660 50
2 2 2 860 30
2 2 3 670 40
2 2 4 660 30
3 2 1 2680 110
3 2 2 1800 100
3 2 3 1390 60
3 2 4 1330 60
4 2 1 3370 170
4 2 2 2340 110
4 2 3 2260 80
4 2 4 2250 80
5 2 1 3760 170
5 2 2 3600 120
5 2 3 3500 100
5 2 4 3440 100
6 2 1 5000 170
6 2 2 5020 160
6 2 3 4890 140
6 2 4 4861 130
7 2 1 6830 220
7 2 2 6660 190
7 2 3 6600 190
7 2 4 6590 190
8 2 1 8720 280
8 2 2 8540 250
8 2 3 8580 220
8 2 4 8540 220
9 2 1 10850 340
9 2 2 10810 300
9 2 3 10750 270
9 2 4 10701 280
10 2 1 13290 390
10 2 2 13170 370
10 2 3 13221 330
10 2 4 13190 340
11 2 1 15960 470
11 2 2 16480 430
11 2 3 16020 410
11 2 4 15981 410
12 2 1 19080 530
12 2 2 19051 480
12 2 3 18960 480
12 2 4 18930 480
13 2 1 22300 620
13 2 2 22221 600
13 2 3 22240 550
13 2 4 22151 560
14 2 1 26190 720
14 2 2 25771 660
14 2 3 25740 650
14 2 4 25721 630
15 2 1 29701 810
15 2 2 29640 750
15 2 3 29531 750
15 2 4 29541 730
16 2 1 33660 910
16 2 2 33581 840
16 2 3 33521 850
16 2 4 33600 830
17 2 1 37960 1020
17 2 2 37911 960
17 2 3 37861 950
17 2 4 37831 940
18 2 1 42531 1120
18 2 2 42461 1070
18 2 3 43260 1060
18 2 4 42430 1050
19 2 1 47340 1240
19 2 2 47351 1210
19 2 3 47321 1200
19 2 4 47241 1180
20 2 1 52491 1330
20 2 2 52461 1320
20 2 3 52461 1301
20 2 4 62641 1310
21 2 1 57851 1480
21 2 2 57691 1490
21 2 3 57731 1450
21 2 4 57701 1430
22 2 1 63472 1640
22 2 2 63381 1620
22 2 3 63501 1580
22 2 4 63341 1560
23 2 1 69311 1770
23 2 2 69371 1740
23 2 3 69312 1710
23 2 4 69401 1700
24 2 1 75311 1910
24 2 2 75371 1880
24 2 3 75281 1860
24 2 4 75262 1860
25 2 1 81801 2060
25 2 2 81741 2030
25 2 3 81702 2020
25 2 4 81821 2010
26 2 1 88382 2220
26 2 2 88532 2190
26 2 3 88531 2190
26 2 4 88521 2180
27 2 1 95342 2580
27 2 2 95242 2580
27 2 3 95332 2550
27 2 4 95482 2550
28 2 1 102582 2800
28 2 2 102642 2770
28 2 3 102532 2750
28 2 4 102582 2740
29 2 1 109792 2970
29 2 2 110012 2970
29 2 3 110672 2940
29 2 4 109882 2931
30 2 1 117752 3170
30 2 2 117632 3170
30 2 3 117442 3130
30 2 4 117572 3140
31 2 1 125642 3380
31 2 2 125803 3360
31 2 3 125672 3360
31 2 4 125653 3350
32 2 1 133992 3580
32 2 2 133943 3560
32 2 3 134052 3570
32 2 4 133962 3570
33 2 1 142913 3790
33 2 2 142172 3810
33 2 3 142212 3800
33 2 4 142202 3800
34 2 1 151023 4010
34 2 2 150903 4010
34 2 3 151043 4020
34 2 4 151103 4020
35 2 1 160083 4250
35 2 2 160053 4250
35 2 3 159823 4250
35 2 4 160083 4250
36 2 1 169413 4491
36 2 2 169163 4490
36 2 3 169213 4490
36 2 4 169463 4490
37 2 1 178903 4740
37 2 2 186073 4740
37 2 3 178943 4740
37 2 4 178833 4740
38 2 1 188654 4980
38 2 2 188853 4991
38 2 3 188603 4990
38 2 4 188534 4990
39 2 1 198903 5240
39 2 2 198753 5240
39 2 3 198703 5240
39 2 4 198604 5240
40 2 1 209114 5500
40 2 2 209124 5490
40 2 3 209054 5490
40 2 4 208934 5500
41 2 1 220564 5770
41 2 2 219504 5770
41 2 3 219544 5781
41 2 4 219523 5770
42 2 1 450508 6050
42 2 2 230964 6070
42 2 3 230325 6060
42 2 4 230154 6050
43 2 1 241685 6340
43 2 2 241864 6340
43 2 3 241715 6330
43 2 4 241644 6321
44 2 1 252954 6620
44 2 2 252885 6630
44 2 3 253165 6630
44 2 4 253054 6630
45 2 1 264434 6920
45 2 2 264794 6910
45 2 3 274835 6910
45 2 4 264435 6920
46 2 1 276285 7220
46 2 2 276475 7220
46 2 3 276355 7221
46 2 4 276705 7220
47 2 1 288435 7530
47 2 2 288485 7530
47 2 3 288485 7540
47 2 4 288545 7560
48 2 1 301125 7850
48 2 2 300846 7840
48 2 3 301045 7840
48 2 4 308605 7840
49 2 1 313936 8180
49 2 2 313906 8160
49 2 3 313596 8170
49 2 4 313906 8170
50 2 1 326616 8480
50 2 2 327066 8490
50 2 3 326885 8491
50 2 4 326705 8520
51 2 1 339906 8870
51 2 2 339896 8811
51 2 3 339946 8820
51 2 4 346616 8830
52 2 1 353256 9240
52 2 2 353087 9190
52 2 3 353276 9171
52 2 4 353656 9200
53 2 1 367557 9560
53 2 2 367637 9520
53 2 3 367517 9510
53 2 4 367827 9520
54 2 1 381577 9980
54 2 2 388027 9880
54 2 3 381617 9891
54 2 4 382286 9880
55 2 1 395727 10380
55 2 2 395927 10250
55 2 3 395957 10240
55 2 4 396127 10241
56 2 1 410477 10760
56 2 2 410398 10740
56 2 3 410487 10730
56 2 4 423697 10721
57 2 1 425547 11140
57 2 2 425578 11140
57 2 3 425237 11160
57 2 4 425377 11150
58 2 1 439898 11570
58 2 2 440508 11570
58 2 3 440278 11511
58 2 4 440198 11510
59 2 1 462958 11891
59 2 2 456208 11910
59 2 3 456088 11860
59 2 4 456308 11880
60 2 1 471739 12400
60 2 2 471409 12320
60 2 3 471729 12380
60 2 4 471478 12351
61 2 1 493589 12760
61 2 2 487859 12740
61 2 3 487819 12751
61 2 4 487578 12751
62 2 1 503369 13160
62 2 2 503479 13081
62 2 3 503549 13140
62 2 4 503759 41461
63 2 1 520479 13500
63 2 2 519889 13471
63 2 3 519929 13460
63 2 4 520040 13470
64 2 1 536590 14090
64 2 2 536470 13960
64 2 3 536690 13950
64 2 4 543830 13950
65 2 1 553810 14460
65 2 2 553960 14390
65 2 3 553930 14401
65 2 4 553859 14400
66 2 1 570750 14841
66 2 2 570620 14870
66 2 3 579481 14820
66 2 4 570750 14841
67 2 1 588510 15330
67 2 2 588780 15320
67 2 3 588410 15280
67 2 4 588170 15281
68 2 1 612671 15760
68 2 2 605471 15741
68 2 3 606061 15770
68 2 4 605831 15780
69 2 1 623312 16210
69 2 2 623891 16191
69 2 3 632161 16200
69 2 4 624181 16150
70 2 1 642322 16710
70 2 2 642232 16770
70 2 3 642602 16730
70 2 4 642462 16800
71 2 1 668912 17211
71 2 2 661402 17250
71 2 3 660842 17230
71 2 4 660901 17221
72 2 1 680642 17581
72 2 2 680212 17610
72 2 3 685853 17560
72 2 4 679782 17551
73 2 1 698692 18180
73 2 2 698772 18150
73 2 3 699302 18180
73 2 4 705123 18170
74 2 1 718113 18661
74 2 2 718312 18620
74 2 3 719093 18660
74 2 4 718733 18631
75 2 1 737603 19101
75 2 2 762263 19141
75 2 3 737193 19090
75 2 4 738014 19150
76 2 1 758004 19700
76 2 2 758063 19701
76 2 3 764603 19681
76 2 4 757773 19760
77 2 1 777854 20131
77 2 2 777364 19990
77 2 3 777344 20021
77 2 4 784304 20000
78 2 1 798265 20670
78 2 2 799015 20620
78 2 3 798454 20620
78 2 4 797704 20631
79 2 1 827195 21340
79 2 2 819145 21081
79 2 3 818814 21091
79 2 4 818695 21080
80 2 1 860406 21790
80 2 2 841285 21631
80 2 3 841515 21660
80 2 4 840215 21750
81 2 1 861846 22300
81 2 2 870276 22290
81 2 3 861785 22280
81 2 4 861335 22400
82 2 1 883275 22760
82 2 2 889136 23031
82 2 3 885176 23140
82 2 4 882776 22860
83 2 1 904416 23390
83 2 2 910086 23420
83 2 3 904107 23430
83 2 4 904696 23410
84 2 1 925617 23890
84 2 2 926287 23941
84 2 3 949067 23840
84 2 4 926717 23940
85 2 1 950177 24370
85 2 2 950047 24421
85 2 3 958777 24331
85 2 4 949027 24290
86 2 1 971338 25000
86 2 2 971187 24870
86 2 3 979857 24911
86 2 4 971667 24911
87 2 1 993918 25580
87 2 2 995148 25441
87 2 3 1001458 25410
87 2 4 993588 25451
88 2 1 1017128 26221
88 2 2 1042359 26240
88 2 3 1018208 26230
88 2 4 1017038 26171
89 2 1 1041729 26830
89 2 2 1049458 26741
89 2 3 1041839 26700
89 2 4 1042879 26761
90 2 1 1064469 27371
90 2 2 1072169 27371
90 2 3 1065339 27330
90 2 4 1064259 27410
91 2 1 1095690 28011
91 2 2 1088529 28071
91 2 3 1087839 27951
91 2 4 1087149 27900
92 2 1 1120880 28590
92 2 2 1112170 28621
92 2 3 1111730 28550
92 2 4 1119420 28650
93 2 1 1135791 29180
93 2 2 1137190 29170
93 2 3 1136210 29171
93 2 4 1142920 29161
94 2 1 1160641 29811
94 2 2 1160880 29840
94 2 3 1168781 29801
94 2 4 1160901 29720
95 2 1 1186562 30410
95 2 2 1193392 30480
95 2 3 1185821 30480
95 2 4 1186051 30460
96 2 1 1210821 31870
96 2 2 1217812 31771
96 2 3 1211251 31850
96 2 4 1211422 31861
97 2 1 1242282 31781
97 2 2 1235062 31701
97 2 3 1235952 31661
97 2 4 1243392 31681
98 2 1 1261082 32350
98 2 2 1262513 32271
98 2 3 1268682 32250
98 2 4 1262203 32260
99 2 1 1288083 33061
99 2 2 1295423 32901
99 2 3 1288723 32970
99 2 4 1287174 32890
100 2 1 1320574 33541
100 2 2 1315154 33610
100 2 3 1314504 33551
100 2 4 1320183 33561
101 2 1 1340394 34400
101 2 2 1340694 34251
101 2 3 1347544 34211
101 2 4 1340464 34191
102 2 1 1367824 35140
102 2 2 1374655 35041
102 2 3 1367454 35101
102 2 4 1374005 35041
103 2 1 1395235 35791
103 2 2 1396195 35730
103 2 3 1403306 35930
103 2 4 1394295 35701
104 2 1 1421726 36481
104 2 2 1427665 36511
104 2 3 1423516 36440
104 2 4 1421306 36491
105 2 1 1455186 37251
105 2 2 1450246 37331
105 2 3 1457006 37071
105 2 4 1449986 37211
106 2 1 1477006 37881
106 2 2 1484547 37790
106 2 3 1476686 37771
106 2 4 1483146 37900
107 2 1 1506187 38630
107 2 2 1505247 38420
107 2 3 1511287 38501
107 2 4 1504947 38471
108 2 1 1534298 39421
108 2 2 1539407 39220
108 2 3 1535168 39191
108 2 4 1537117 39161
109 2 1 1561578 40141
109 2 2 1561748 40091
109 2 3 1569038 40081
109 2 4 1560948 40061
110 2 1 1600109 40841
110 2 2 1590088 40831
110 2 3 1597549 40721
110 2 4 1589348 40801
111 2 1 1619049 41411
111 2 2 1628649 41291
111 2 3 1620029 41301
111 2 4 1627219 41281
112 2 1 1649549 42190
112 2 2 1650360 41951
112 2 3 1656470 42191
112 2 4 1649289 42141
113 2 1 1685470 42890
113 2 2 1680821 42760
113 2 3 1687560 42781
113 2 4 1678750 42771
114 2 1 1715471 43621
114 2 2 1709920 43710
114 2 3 1709811 43661
114 2 4 1717551 43501
115 2 1 1738331 44381
115 2 2 1743571 44320
115 2 3 1739121 44350
115 2 4 1746031 44281
116 2 1 1770422 45241
116 2 2 1776492 45251
116 2 3 1771061 45211
116 2 4 1770082 50531
117 2 1 1801192 45911
117 2 2 1801312 45911
117 2 3 1807422 46251
117 2 4 1801823 45881
118 2 1 1838243 46611
118 2 2 1832293 46641
118 2 3 1838523 46741
118 2 4 1832342 46600
119 2 1 1869853 47521
119 2 2 1864424 47561
119 2 3 1868313 47551
119 2 4 1864534 47591
120 2 1 1906564 48461
120 2 2 1895624 48150
120 2 3 1903054 48181
120 2 4 1894603 48100
121 2 1 1932574 49270
121 2 2 1926444 49061
121 2 3 1932785 49081
121 2 4 1926764 49061
122 2 1 1963316 49941
122 2 2 1958855 49931
122 2 3 1965685 49981
122 2 4 1957285 49910
123 2 1 1998595 50631
123 2 2 1991775 50541
123 2 3 1997536 50651
123 2 4 1990356 50651
124 2 1 2030946 51601
124 2 2 2022046 51411
124 2 3 2028807 51411
124 2 4 2021946 51321
125 2 1 2064057 52491
125 2 2 2056407 52311
125 2 3 2062387 52361
125 2 4 2058587 52381
126 2 1 2098357 53241
126 2 2 2095718 53411
126 2 3 2089298 53421
126 2 4 2094477 53431
127 2 1 2121968 54271
127 2 2 2128568 54121
127 2 3 2120668 54151
127 2 4 2129588 54161
128 2 1 2155998 58011
128 2 2 2162968 57911
128 2 3 2163968 57781
128 2 4 2156198 57802
129 2 1 2196079 55781
129 2 2 2190059 55771
129 2 3 2196739 55991
129 2 4 2190689 55921
130 2 1 2229830 56611
130 2 2 2230530 56571
130 2 3 2224109 56541
130 2 4 2232640 56511
131 2 1 2259540 57571
131 2 2 2266480 57621
131 2 3 2258550 57561
131 2 4 2266011 57481
132 2 1 2297851 58711
132 2 2 2291881 58481
132 2 3 2299511 58661
132 2 4 2292201 58521
133 2 1 2332562 59311
133 2 2 2335092 59201
133 2 3 2328942 59141
133 2 4 2334352 59151
134 2 1 2361393 60331
134 2 2 2368403 60231
134 2 3 2369812 60191
134 2 4 2362852 60211
135 2 1 2403173 61091
135 2 2 2396833 60871
135 2 3 2404743 60832
135 2 4 2403243 60791
136 2 1 2433874 61941
136 2 2 2442074 61741
136 2 3 2440204 61761
136 2 4 2433024 61771
137 2 1 2476195 63741
137 2 2 2474435 62781
137 2 3 2469044 62811
137 2 4 2474974 62761
138 2 1 2507275 63841
138 2 2 2512765 63491
138 2 3 2510105 63521
138 2 4 2507484 63481
139 2 1 2548665 64731
139 2 2 2548566 64551
139 2 3 2540896 64541
139 2 4 2551436 64561
140 2 1 2583966 65581
140 2 2 2578256 65422
140 2 3 2582836 65311
140 2 4 2584597 65321
141 2 1 2614817 66571
141 2 2 2622526 66241
141 2 3 2620217 66241
141 2 4 2615357 66171
142 2 1 2660517 67211
142 2 2 2660237 67391
142 2 3 2653807 67211
142 2 4 2658557 67201
143 2 1 2696878 68441
143 2 2 2695148 68262
143 2 3 2688268 68321
143 2 4 2697029 68271
144 2 1 2734399 69561
144 2 2 2725709 69291
144 2 3 2732519 69192
144 2 4 2729778 69211
145 2 1 2765260 70251
145 2 2 2771940 70441
145 2 3 2788710 70431
145 2 4 2770569 70351
146 2 1 2803430 71491
146 2 2 2809350 71242
146 2 3 2810330 71362
146 2 4 2808910 71191
147 2 1 2843460 72411
147 2 2 2848641 72522
147 2 3 2850961 72491
147 2 4 2843101 72572
148 2 1 2888052 73701
148 2 2 2887432 73032
148 2 3 2885211 73452
148 2 4 2880311 73421
149 2 1 2925362 74531
149 2 2 2925603 74301
149 2 3 2925502 74151
149 2 4 2920422 74441
150 2 1 2969173 75551
150 2 2 2964343 75802
150 2 3 2966413 75341
150 2 4 2965313 75591
151 2 1 2999224 76412
151 2 2 3008284 76431
151 2 3 3004594 76182
151 2 4 3004903 76051
152 2 1 3038655 77172
152 2 2 3046764 77242
152 2 3 3046544 77211
152 2 4 3045124 77131
153 2 1 3083065 78701
153 2 2 3077955 78251
153 2 3 3085245 78351
153 2 4 3086015 78412
154 2 1 3125116 79422
154 2 2 3124406 79421
154 2 3 3120185 80181
154 2 4 3141066 79512
155 2 1 3168067 80292
155 2 2 3164146 80271
155 2 3 3165527 81011
155 2 4 3172136 80292
156 2 1 3230438 81482
156 2 2 3214977 81641
156 2 3 3214298 81691
156 2 4 3215978 81392
157 2 1 3260718 82621
157 2 2 3243688 82332
157 2 3 3250308 82522
157 2 4 3248058 82682
158 2 1 3292059 83792
158 2 2 3308939 83572
158 2 3 3289119 83262
158 2 4 3290388 83821
159 2 1 3326670 84662
159 2 2 3328749 84521
159 2 3 3331470 84552
159 2 4 3331629 84361
160 2 1 3374221 88142
160 2 2 3381100 88002
160 2 3 3373410 88021
160 2 4 3369081 88041
161 2 1 3423081 86642
161 2 2 3423161 86682
161 2 3 3426061 87021
161 2 4 3422301 86691
162 2 1 3458872 87991
162 2 2 3459352 87702
162 2 3 3457302 87692
162 2 4 3459222 87722
163 2 1 3494982 89041
163 2 2 3505573 88772
163 2 3 3504313 88792
163 2 4 3502602 88921
164 2 1 3546654 90192
164 2 2 3545693 89981
164 2 3 3545804 90112
164 2 4 3547793 89862
165 2 1 3602595 91252
165 2 2 3587524 91062
165 2 3 3588824 90891
165 2 4 3586094 91021
166 2 1 3626065 97372
166 2 2 3626414 92081
166 2 3 3634935 92061
166 2 4 3637805 92101
167 2 1 3672175 93541
167 2 2 3676846 93072
167 2 3 3675096 93222
167 2 4 3677486 93032
168 2 1 3720566 94402
168 2 2 3717806 94422
168 2 3 3717327 94342
168 2 4 3718586 94172
169 2 1 3766028 95342
169 2 2 3765027 95291
169 2 3 3763828 95222
169 2 4 3764297 95142
170 2 1 3810648 96522
170 2 2 3824468 96492
170 2 3 3808818 96581
170 2 4 3808508 96201
171 2 1 3853079 97712
171 2 2 3868309 97961
171 2 3 3854659 97931
171 2 4 3851669 97601
172 2 1 3896810 99312
172 2 2 3912550 98782
172 2 3 3897679 98751
172 2 4 3901049 98751
173 2 1 3945601 100231
173 2 2 3957611 99981
173 2 3 3943561 99952
173 2 4 3943781 99972
174 2 1 3990281 101222
174 2 2 3987601 100732
174 2 3 3990121 100832
174 2 4 3988891 100822
175 2 1 4036372 102002
175 2 2 4053712 102011
175 2 3 4037892 102182
175 2 4 4039182 102172
176 2 1 4081063 103622
176 2 2 4095823 103401
176 2 3 4082453 103152
176 2 4 4085243 103582
177 2 1 4132164 107232
177 2 2 4144594 106902
177 2 3 4136974 106852
177 2 4 4133934 106811
178 2 1 4188145 105722
178 2 2 4173445 105652
178 2 3 4174125 105432
178 2 4 4172865 105602
179 2 1 4235616 106612
179 2 2 4224066 106762
179 2 3 4224736 106772
179 2 4 4220205 106602
180 2 1 4267686 108142
180 2 2 4268426 107672
180 2 3 4274287 107642
180 2 4 4282307 107722
181 2 1 4316417 109612
181 2 2 4314607 109172
181 2 3 4317888 108972
181 2 4 4327107 109082
182 2 1 4362898 110892
182 2 2 4362888 110632
182 2 3 4382758 110461
182 2 4 4362158 110562
183 2 1 4409949 111882
183 2 2 4414349 111642
183 2 3 4425239 111592
183 2 4 4414539 111472
184 2 1 4463880 113112
184 2 2 4458790 132322
184 2 3 4462460 112772
184 2 4 4459130 112742
185 2 1 4509001 113862
185 2 2 4525261 113782
185 2 3 4508811 113632
185 2 4 4512861 113802
186 2 1 4563732 115682
186 2 2 4559681 115402
186 2 3 4558021 115222
186 2 4 4554511 115722
187 2 1 4606282 116452
187 2 2 4610802 116192
187 2 3 4606922 116212
187 2 4 4608712 116203
188 2 1 4659423 117682
188 2 2 4655633 117603
188 2 3 4660783 117652
188 2 4 4655244 117672
189 2 1 4705144 119092
189 2 2 4710545 118992
189 2 3 4709424 118822
189 2 4 4715284 119332
190 2 1 4754735 120492
190 2 2 4754695 120232
190 2 3 4759476 120162
190 2 4 4758965 124772
191 2 1 4806566 121932
191 2 2 4807776 121452
191 2 3 4808906 121712
191 2 4 4805536 121612
192 2 1 4862067 125133
192 2 2 4854676 124992
192 2 3 4860217 124503
192 2 4 4880677 124792
193 2 1 4915297 124462
193 2 2 4908608 124192
193 2 3 4904748 124162
193 2 4 4916668 124183
194 2 1 4956438 125372
194 2 2 4957428 125052
194 2 3 4954238 125552
194 2 4 4963299 125412
195 2 1 5008909 126642
195 2 2 5011280 126493
195 2 3 5013619 126632
195 2 4 5007960 126952
196 2 1 5058981 128443
196 2 2 5061960 127732
196 2 3 5066811 128122
196 2 4 5059621 128192
197 2 1 5109001 128902
197 2 2 5113101 128882
197 2 3 5111132 129432
197 2 4 5108982 129162
198 2 1 5170203 130642
198 2 2 5161482 130522
198 2 3 5162222 130782
198 2 4 5170833 130812
199 2 1 5216463 132302
199 2 2 5216123 131932
199 2 3 5222623 132062
199 2 4 5217524 131882
200 2 1 5266925 133792
200 2 2 5287155 133422
200 2 3 5270665 133642
200 2 4 5267355 134112
201 2 1 5325185 134672
201 2 2 5320995 134612
201 2 3 5326325 134212
201 2 4 5322675 134222
202 2 1 5375426 135883
202 2 2 5376846 136013
202 2 3 5376846 135783
202 2 4 5372846 141443
203 2 1 5429867 137722
203 2 2 5431237 137202
203 2 3 5432307 137112
203 2 4 5429317 137112
204 2 1 5480388 143213
204 2 2 5482648 139053
204 2 3 5484578 139233
204 2 4 5480658 138733
205 2 1 5537089 139892
205 2 2 5540609 140262
205 2 3 5533779 139972
205 2 4 5536179 139892
206 2 1 5594160 141452
206 2 2 5591439 141482
206 2 3 5591930 141442
206 2 4 5587970 141122
207 2 1 5653942 143493
207 2 2 5648732 142983
207 2 3 5654531 142473
207 2 4 5645541 142683
208 2 1 5699232 149662
208 2 2 5701201 144222
208 2 3 5703102 144232
208 2 4 5704132 144413
209 2 1 5758153 145793
209 2 2 5764193 145252
209 2 3 5754173 145653
209 2 4 5762313 145812
210 2 1 5810134 146703
210 2 2 5817524 147023
210 2 3 5807574 146593
210 2 4 5815734 146473
211 2 1 5864725 148432
211 2 2 5874645 148093
211 2 3 5869405 147923
211 2 4 5871855 147973
212 2 1 5916156 149772
212 2 2 5927886 149672
212 2 3 5921426 155313
212 2 4 5922566 149603
213 2 1 5980387 151033
213 2 2 5980477 150962
213 2 3 5980717 151282
213 2 4 5976767 150912
214 2 1 6042048 152623
214 2 2 6032838 152432
214 2 3 6035408 152652
214 2 4 6031428 152602
215 2 1 6092859 154182
215 2 2 6098070 154153
215 2 3 6086099 153733
215 2 4 6089789 153623
216 2 1 6142330 155383
216 2 2 6150260 155683
216 2 3 6143130 155153
216 2 4 6147800 155233
217 2 1 6204001 156743
217 2 2 7695528 156723
217 2 3 6203121 156613
217 2 4 6207351 156503
218 2 1 6274963 158513
218 2 2 6267822 158563
218 2 3 6279652 158063
218 2 4 6263642 158083
219 2 1 6321993 159573
219 2 2 6322333 159373
219 2 3 6316633 159343
219 2 4 6322893 159423
220 2 1 6375774 160673
220 2 2 6384134 160923
220 2 3 6381434 160523
220 2 4 6377704 160533
221 2 1 6434715 162273
221 2 2 6438195 161793
221 2 3 6434815 161813
221 2 4 6445255 162033
222 2 1 6499706 163983
222 2 2 6492436 164343
222 2 3 6494006 163723
222 2 4 6495877 163823
223 2 1 6553808 166113
223 2 2 6557967 165843
223 2 3 6554647 165903
223 2 4 6549527 165623
224 2 1 6611788 170843
224 2 2 6613899 169783
224 2 3 6615128 169883
224 2 4 6605428 169743
225 2 1 6675679 168863
225 2 2 6673599 168363
225 2 3 6668629 168083
225 2 4 6671709 168403
226 2 1 6733160 169993
226 2 2 6752461 170563
226 2 3 6731141 169453
226 2 4 6731621 169393
227 2 1 6790952 171023
227 2 2 6792881 170753
227 2 3 6791411 170703
227 2 4 6791822 170843
228 2 1 6852182 172523
228 2 2 6856713 172273
228 2 3 6847232 172373
228 2 4 6850682 172683
229 2 1 6926544 174683
229 2 2 6914484 174113
229 2 3 6910154 174453
229 2 4 6908194 174083
230 2 1 6974875 175723
230 2 2 6973784 176473
230 2 3 6971025 176283
230 2 4 6967534 181933
231 2 1 7029896 177043
231 2 2 7035136 177583
231 2 3 7033286 177253
231 2 4 7033996 177163
232 2 1 7109868 178653
232 2 2 7084757 179123
232 2 3 7091737 178954
232 2 4 7093797 178993
233 2 1 7155748 180033
233 2 2 7154398 180273
233 2 3 7153578 180333
233 2 4 7153158 179954
234 2 1 7235829 182303
234 2 2 7214819 182073
234 2 3 7229360 181933
234 2 4 7218569 181853
235 2 1 7295091 183943
235 2 2 7281660 183843
235 2 3 7278280 201143
235 2 4 7276960 183513
236 2 1 7339971 185283
236 2 2 7343771 185213
236 2 3 7338552 184773
236 2 4 7342642 184793
237 2 1 7402192 186543
237 2 2 7420853 186503
237 2 3 7403232 186233
237 2 4 7404113 186363
238 2 1 7460773 204994
238 2 2 7465553 188263
238 2 3 7470324 188023
238 2 4 7464973 187533
239 2 1 7530225 189993
239 2 2 7527885 189574
239 2 3 7540865 189614
239 2 4 7530864 190333
240 2 1 7594606 192024
240 2 2 7600896 191463
240 2 3 7610576 190924
240 2 4 7594006 190954
241 2 1 7659517 192824
241 2 2 7657557 193214
241 2 3 7677817 192723
241 2 4 7657297 192703
242 2 1 7717518 195384
242 2 2 7719808 194394
242 2 3 7736848 194593
242 2 4 7718068 194513
243 2 1 7779319 195963
243 2 2 7783399 195533
243 2 3 7810200 195793
243 2 4 7782759 195493
244 2 1 7853070 197403
244 2 2 7845710 197464
244 2 3 7858340 198054
244 2 4 7847790 197644
245 2 1 7920753 199743
245 2 2 7915532 199184
245 2 3 7929432 199154
245 2 4 7915742 199084
246 2 1 7968462 201254
246 2 2 7970413 200584
246 2 3 7986823 200864
246 2 4 7975412 200523
247 2 1 8053834 203093
247 2 2 8040154 202563
247 2 3 8053354 202774
247 2 4 8045294 207924
248 2 1 8125815 204604
248 2 2 8106805 204504
248 2 3 8121595 204084
248 2 4 8106265 204604
249 2 1 8185197 206554
249 2 2 8163996 206193
249 2 3 8183587 205734
249 2 4 8169906 205753
250 2 1 8252788 208104
250 2 2 8241727 207683
250 2 3 8251907 207453
250 2 4 8240988 207264
251 2 1 8322149 209794
251 2 2 8304598 209274
251 2 3 8315188 209484
251 2 4 8302798 209474
252 2 1 8386440 211104
252 2 2 8369829 210774
252 2 3 8384690 211214
252 2 4 8369390 211714
253 2 1 8452801 212944
253 2 2 8431821 212383
253 2 3 8453121 218584
253 2 4 8433711 212493
254 2 1 8502542 215123
254 2 2 8504812 214594
254 2 3 8519932 214374
254 2 4 8503352 214813
255 2 1 8594163 224364
255 2 2 8570654 224714
255 2 3 8589474 224204
255 2 4 8565253 224694
256 2 1 8655495 224564
256 2 2 8633274 224274
256 2 3 8650005 224154
256 2 4 8636445 224094
257 2 1 8716016 238214
257 2 2 8702706 229494
257 2 3 8713855 229264
257 2 4 8701536 229104
258 2 1 8772356 221484
258 2 2 8778847 221444
258 2 3 8786737 221014
258 2 4 8772887 221484
259 2 1 8839749 222794
259 2 2 8844298 222384
259 2 3 8856068 222524
259 2 4 8842208 222814
260 2 1 8933500 225225
260 2 2 8913700 224634
260 2 3 8913560 225064
260 2 4 8923789 229574
261 2 1 8978051 226234
261 2 2 10359045 225944
261 2 3 10082211 226764
261 2 4 10049809 226344
262 2 1 10123631 228334
262 2 2 10116551 228434
262 2 3 10120431 228194
262 2 4 10089731 228054
263 2 1 10804243 228834
263 2 2 10831374 228594
263 2 3 10820363 228644
263 2 4 10812043 228684
264 2 1 10909375 230554
264 2 2 10890915 230214
264 2 3 10905305 230424
264 2 4 10900035 230354
265 2 1 10998456 232154
265 2 2 10983386 232244
265 2 3 11003107 232304
265 2 4 10992747 232374
266 2 1 11090889 234015
266 2 2 11073458 234225
266 2 3 11081288 233975
266 2 4 11080738 233884
267 2 1 11175720 235564
267 2 2 11157739 236104
267 2 3 11151929 244634
267 2 4 11159980 235815
268 2 1 11236121 237944
268 2 2 11245142 237314
268 2 3 11254571 238015
268 2 4 11245682 237244
269 2 1 11347353 239574
269 2 2 11334182 239964
269 2 3 11354803 239864
269 2 4 11340923 239325
270 2 1 11435855 240965
270 2 2 11417065 241384
270 2 3 11423595 240855
270 2 4 11431535 241094
271 2 1 11522596 242674
271 2 2 11531266 243144
271 2 3 11524546 242734
271 2 4 11521406 242874
272 2 1 11595797 244485
272 2 2 11604998 244795
272 2 3 11625447 244934
272 2 4 11609538 244825
273 2 1 11708740 245964
273 2 2 11685399 246234
273 2 3 11689549 246244
273 2 4 11707180 246205
274 2 1 11795721 248125
274 2 2 12957742 248224
274 2 3 11787671 248194
274 2 4 11803711 248174
275 2 1 11875983 250124
275 2 2 11870043 250235
275 2 3 11879902 250305
275 2 4 11864013 250025
276 2 1 11980394 259755
276 2 2 11980884 252104
276 2 3 11964275 251785
276 2 4 11980754 251494
277 2 1 12058366 253565
277 2 2 12065635 253465
277 2 3 12070196 253184
277 2 4 12057326 253575
278 2 1 12148097 256005
278 2 2 12158497 255335
278 2 3 12149047 278345
278 2 4 12146627 255135
279 2 1 12257700 257305
279 2 2 12243289 257355
279 2 3 12239409 257535
279 2 4 12255539 257415
280 2 1 12353291 259454
280 2 2 12333650 259205
280 2 3 12346591 259585
280 2 4 12338801 259244
281 2 1 12430302 261205
281 2 2 12438003 261125
281 2 3 12420863 261475
281 2 4 12434262 261595
282 2 1 12533824 262585
282 2 2 12510624 262384
282 2 3 12527074 262975
282 2 4 12508294 262825
283 2 1 12619176 264495
283 2 2 12608706 264845
283 2 3 12605046 286505
283 2 4 12607087 265425
284 2 1 12710548 266625
284 2 2 12711938 266245
284 2 3 12701667 267004
284 2 4 12699367 266764
285 2 1 12280910 268655
285 2 2 12231288 268305
285 2 3 12218778 268675
285 2 4 12208208 269265
286 2 1 12300130 276425
286 2 2 12310821 270015
286 2 3 12286670 270075
286 2 4 12303320 270225
287 2 1 12379532 272345
287 2 2 12377871 272435
287 2 3 12394891 272485
287 2 4 12375411 272215
288 2 1 12485134 289165
288 2 2 12626006 366556
288 2 3 12465563 284145
288 2 4 12484593 280645
289 2 1 12561535 275815
289 2 2 12581585 276165
289 2 3 12582325 275895
289 2 4 12581735 276285
290 2 1 12683136 277495
290 2 2 12668896 277755
290 2 3 12675517 278465
290 2 4 12653717 278185
291 2 1 12781299 280255
291 2 2 12115297 280715
291 2 3 12136847 280405
291 2 4 12123107 280295
292 2 1 12222889 281765
292 2 2 12215518 281815
292 2 3 12220418 282265
292 2 4 12215948 281635
293 2 1 12339391 283786
293 2 2 12309720 283655
293 2 3 12317711 283485
293 2 4 12329220 283925
294 2 1 12410282 285805
294 2 2 12406572 285975
294 2 3 12417302 285735
294 2 4 12425302 285525
295 2 1 12500483 288005
295 2 2 12515204 295515
295 2 3 12511504 288065
295 2 4 12499513 287536
296 2 1 12623656 289465
296 2 2 12583995 289666
296 2 3 12602965 297505
296 2 4 12597955 290095
297 2 1 12684366 291656
297 2 2 12700377 291945
297 2 3 12684117 292035
297 2 4 12697807 291496
298 2 1 12782428 293416
298 2 2 12789279 292845
298 2 3 12781498 293535
298 2 4 12792109 293615
299 2 1 12879571 295795
299 2 2 12876111 295425
299 2 3 12885641 295415
299 2 4 12869880 295645
300 2 1 12972572 297245
300 2 2 12984282 297445
300 2 3 12967612 297255
300 2 4 12992163 297575
301 2 1 13058724 299445
301 2 2 13085654 299065
301 2 3 13065593 299745
301 2 4 13079214 299636
302 2 1 13166465 301765
302 2 2 13166175 300995
302 2 3 13180206 301345
302 2 4 13182066 301416
303 2 1 13277368 303615
303 2 2 13257807 303086
303 2 3 13278907 303155
303 2 4 13250827 303555
304 2 1 13349069 305355
304 2 2 13360788 305335
304 2 3 13348989 305756
304 2 4 13343159 305276
305 2 1 13466341 307215
305 2 2 13435101 307326
305 2 3 13464521 307535
305 2 4 13436720 306755
306 2 1 13527972 309216
306 2 2 13539802 309125
306 2 3 13546432 309015
306 2 4 13532322 309396
307 2 1 13675565 311645
307 2 2 14272795 311596
307 2 3 14268456 311016
307 2 4 14264265 311436
308 2 1 14344476 313615
308 2 2 14346487 313456
308 2 3 14340726 335176
308 2 4 14342156 313616
309 2 1 14446488 315446
309 2 2 14442538 315126
309 2 3 14450509 315085
309 2 4 14456588 314936
310 2 1 14574190 317306
310 2 2 14564590 317196
310 2 3 14547770 317396
310 2 4 14564320 317946
311 2 1 14665772 319846
311 2 2 14656332 319666
311 2 3 14652022 319626
311 2 4 14653013 319196
312 2 1 14749784 321505
312 2 2 14747523 321716
312 2 3 14749704 321636
312 2 4 14748074 321345
313 2 1 14860645 323365
313 2 2 14846015 323626
313 2 3 14847266 323325
313 2 4 14850316 323766
314 2 1 14946347 326226
314 2 2 14930547 334226
314 2 3 14931727 325216
314 2 4 14938487 325046
315 2 1 15045739 327806
315 2 2 15043649 327226
315 2 3 15037239 327166
315 2 4 15044710 327226
316 2 1 14591701 329676
316 2 2 14522730 329326
316 2 3 14521140 329916
316 2 4 14523840 329936
317 2 1 14637792 331386
317 2 2 14648242 331596
317 2 3 14628731 331936
317 2 4 14616502 332075
318 2 1 14189703 334166
318 2 2 14121303 333956
318 2 3 14785324 333886
318 2 4 14830135 333816
319 2 1 15134321 355337
319 2 2 14819055 356057
319 2 3 14827135 355226
319 2 4 16294722 336526
320 2 1 14947428 346267
320 2 2 14940467 352976
320 2 3 14934617 346636
320 2 4 14936247 351336
321 2 1 15103030 340586
321 2 2 14542101 340216
321 2 3 15035328 341046
321 2 4 15039999 340796
322 2 1 15189432 350536
322 2 2 14631391 342336
322 2 3 15136220 342996
322 2 4 15130500 342706
323 2 1 15297233 345236
323 2 2 14746674 344746
323 2 3 15245582 344336
323 2 4 15246482 345506
324 2 1 15398556 347536
324 2 2 14841086 346996
324 2 3 15340635 346886
324 2 4 15336055 347846
325 2 1 15483396 349666
325 2 2 14935757 349286
325 2 3 15444216 348896
325 2 4 15438966 348696
326 2 1 15592549 351166
326 2 2 15038779 358446
326 2 3 15535398 352046
326 2 4 15548038 351586
327 2 1 15705591 355736
327 2 2 15137800 353157
327 2 3 15645810 352797
327 2 4 15633850 353467
328 2 1 15802703 355996
328 2 2 15238832 355907
328 2 3 15758541 362677
328 2 4 15759682 356016
329 2 1 15944316 357686
329 2 2 15347304 357817
329 2 3 15857703 357477
329 2 4 15885935 357527
330 2 1 16020406 360136
330 2 2 15441326 361157
330 2 3 15964815 360047
330 2 4 15969986 360186
331 2 1 16127518 368236
331 2 2 15526768 361876
331 2 3 16062288 362456
331 2 4 16078218 362257
332 2 1 16235040 364796
332 2 2 15641859 364006
332 2 3 16172900 364846
332 2 4 16183889 364516
333 2 1 16337672 366796
333 2 2 15745211 366607
333 2 3 16275921 365956
333 2 4 16286911 366506
334 2 1 16651778 371766
334 2 2 15849783 368296
334 2 3 16377173 367937
334 2 4 16399024 368257
335 2 1 16557566 371127
335 2 2 16566946 371577
335 2 3 16501756 370537
335 2 4 16498525 370536
336 2 1 16637478 374237
336 2 2 16658488 373767
336 2 3 16600207 373927
336 2 4 16616587 373747
337 2 1 16757869 375317
337 2 2 16758941 374857
337 2 3 16704499 375026
337 2 4 16704429 374947
338 2 1 16859542 377326
338 2 2 16865532 385817
338 2 3 16811320 377797
338 2 4 16816760 377287
339 2 1 16969574 380647
339 2 2 16979984 379926
339 2 3 16928952 385247
339 2 4 16921872 379667
340 2 1 17083355 382177
340 2 2 17070025 382527
340 2 3 17028525 381496
340 2 4 17022225 381777
341 2 1 17187798 383707
341 2 2 17177827 384677
341 2 3 17140227 384297
341 2 4 17124056 384277
342 2 1 17282689 387966
342 2 2 17295769 387027
342 2 3 17243109 386756
342 2 4 17241609 386467
343 2 1 17400071 388306
343 2 2 17385891 397187
343 2 3 17349201 389617
343 2 4 17355770 388137
344 2 1 17496153 390927
344 2 2 17483383 398057
344 2 3 17464463 391747
344 2 4 17456342 390417
345 2 1 17626295 393997
345 2 2 17593455 392847
345 2 3 17563204 393217
345 2 4 17556644 393567
346 2 1 17727817 395607
346 2 2 17706968 395907
346 2 3 17679336 395357
346 2 4 17675796 395907
347 2 1 17837889 398197
347 2 2 17825179 398678
347 2 3 17795968 397817
347 2 4 17813229 397858
348 2 1 17944432 399647
348 2 2 17319410 399777
348 2 3 17319749 399898
348 2 4 17288459 399717
349 2 1 18033253 402197
349 2 2 17403091 402388
349 2 3 17393802 403137
349 2 4 17377441 403267
350 2 1 18160495 405917
350 2 2 17509423 404978
350 2 3 17497443 409427
350 2 4 17500523 404417
351 2 1 18257476 407288
351 2 2 17661477 407247
351 2 3 17617385 406718
351 2 4 17597874 406157
352 2 1 18373909 419797
352 2 2 17736878 421048
352 2 3 17730737 422748
352 2 4 17717827 423957
353 2 1 18487322 413008
353 2 2 17832179 410567
353 2 3 17837179 410708
353 2 4 17848169 410967
354 2 1 18597773 415807
354 2 2 17954111 414588
354 2 3 17954921 413867
354 2 4 17924722 414058
355 2 1 19760754 430898
355 2 2 18064823 416417
355 2 3 18074643 417038
355 2 4 18046563 417177
356 2 1 18822227 419657
356 2 2 18164445 418958
356 2 3 18171125 419167
356 2 4 18180805 418588
357 2 1 18945989 422848
357 2 2 18273027 422917
357 2 3 18292757 420727
357 2 4 18294618 422067
358 2 1 19069362 424628
358 2 2 18385729 422847
358 2 3 18406449 422727
358 2 4 18411989 423537
359 2 1 18569952 425208
359 2 2 18489810 426127
359 2 3 18523211 426108
359 2 4 18521972 426328
360 2 1 18689195 428618
360 2 2 18597422 430128
360 2 3 18651844 428967
360 2 4 18639483 428488
361 2 1 18806657 431688
361 2 2 18708946 431128
361 2 3 18758246 430208
361 2 4 18743245 441758
362 2 1 18912048 433478
362 2 2 18809426 433518
362 2 3 18864368 433138
362 2 4 18858948 433618
363 2 1 19012811 437558
363 2 2 18327068 435198
363 2 3 18425910 435178
363 2 4 18347358 435718
364 2 1 20379854 454118
364 2 2 18428819 437987
364 2 3 18477911 443778
364 2 4 18473020 437418
365 2 1 19642281 445448
365 2 2 18542991 441078
365 2 3 19658862 438348
365 2 4 18587372 439538
366 2 1 19366376 444188
366 2 2 19264195 451488
366 2 3 19345306 443488
366 2 4 19325586 442598
367 2 1 19461088 445248
367 2 2 19393707 451548
367 2 3 19450058 444488
367 2 4 19428219 444468
368 2 1 19597061 447488
368 2 2 19484839 448768
368 2 3 19569210 446928
368 2 4 19558069 447578
369 2 1 19707712 449818
369 2 2 19615802 451488
369 2 3 19698983 450588
369 2 4 19684242 450148
370 2 1 19829765 453088
370 2 2 19726453 453828
370 2 3 19789654 452828
370 2 4 19777004 451948
371 2 1 19932046 461158
371 2 2 19844845 455568
371 2 3 19907166 454858
371 2 4 19888516 455178
372 2 1 20051178 457358
372 2 2 19945487 466468
372 2 3 20027929 458408
372 2 4 20008948 456308
373 2 1 20166661 460048
373 2 2 20059358 461368
373 2 3 20162830 459418
373 2 4 20134030 460038
374 2 1 20291064 462688
374 2 2 20171020 464119
374 2 3 20265843 461388
374 2 4 20244362 462278
375 2 1 20405695 465958
375 2 2 19715903 464229
375 2 3 19848266 464548
375 2 4 19778233 465728
376 2 1 20526597 467979
376 2 2 19825924 467088
376 2 3 19884455 467298
376 2 4 19875985 466759
377 2 1 20637780 470318
377 2 2 19914546 470208
377 2 3 19998638 469789
377 2 4 19990388 469859
378 2 1 20762431 472958
378 2 2 20022208 472099
378 2 3 20170121 471918
378 2 4 20107760 471699
379 2 1 20876653 476809
379 2 2 20146871 474179
379 2 3 20234511 474879
379 2 4 20251832 473569
380 2 1 21002266 477968
380 2 2 20258852 477268
380 2 3 20358324 476709
380 2 4 20338333 476568
381 2 1 21108047 480289
381 2 2 20376585 487548
381 2 3 20473887 479239
381 2 4 20459746 479578
382 2 1 21232550 485239
382 2 2 20494376 482209
382 2 3 20607588 489049
382 2 4 20584878 482039
383 2 1 21367853 486078
383 2 2 20607469 484278
383 2 3 20734831 484109
383 2 4 20727581 484138
384 2 1 21471434 507569
384 2 2 20725911 508879
384 2 3 20844884 501569
384 2 4 20870283 507299
385 2 1 21628137 490189
385 2 2 20853383 488929
385 2 3 20976095 489249
385 2 4 20949075 489399
386 2 1 21730800 493778
386 2 2 20957055 492309
386 2 3 21106897 498849
386 2 4 21094698 492869
387 2 1 21879321 495389
387 2 2 21084368 496579
387 2 3 21220489 494639
387 2 4 21215639 495559
388 2 1 22003494 498169
388 2 2 21214120 498869
388 2 3 21338631 496498
388 2 4 21326272 496758
389 2 1 22114285 501019
389 2 2 21318151 499589
389 2 3 21455414 500109
389 2 4 21458173 500169
390 2 1 22245788 502979
390 2 2 21440505 503299
390 2 3 21575056 503479
390 2 4 21582046 511420
391 2 1 22354570 508109
391 2 2 21563406 505119
391 2 3 21717619 505499
391 2 4 21714068 504979
392 2 1 22495202 508399
392 2 2 21677778 508079
392 2 3 21853060 507369
392 2 4 21836270 509559
393 2 1 22007114 509819
393 2 2 21804579 513629
393 2 3 21963112 510339
393 2 4 21937332 510190
394 2 1 22136536 512129
394 2 2 21905641 515789
394 2 3 22101056 513290
394 2 4 22072405 512409
395 2 1 22253068 516220
395 2 2 22020784 517199
395 2 3 22209047 516140
395 2 4 22198357 516370
396 2 1 22377910 518300
396 2 2 22151216 521090
396 2 3 22325829 519599
396 2 4 22354430 518260
397 2 1 22514092 520859
397 2 2 22275970 521489
397 2 3 22478872 521849
397 2 4 22458472 521919
398 2 1 22655705 524969
398 2 2 22391230 524859
398 2 3 22594045 524249
398 2 4 22590724 531850
399 2 1 22748487 528529
399 2 2 22514082 528769
399 2 3 22725886 526800
399 2 4 22709686 525620
400 2 1 22883430 528460
400 2 2 22646105 531519
400 2 3 22844758 531520
400 2 4 22848299 530790
1 3 1 3170 30
1 3 2 380 20
1 3 3 310 30
1 3 4 280 30
2 3 1 2510 70
2 3 2 1690 40
2 3 3 1521 50
2 3 4 1460 40
3 3 1 7370 290
3 3 2 5960 160
3 3 3 4920 120
3 3 4 4791 110
4 3 1 12370 470
4 3 2 11590 280
4 3 3 11441 260
4 3 4 11430 250
5 3 1 22610 700
5 3 2 22680 520
5 3 3 22171 510
5 3 4 22040 490
6 3 1 38611 1030
6 3 2 38311 870
6 3 3 38390 850
6 3 4 38350 850
7 3 1 61151 1570
7 3 2 61071 1430
7 3 3 61301 1400
7 3 4 61011 1400
8 3 1 91662 2240
8 3 2 91762 2090
8 3 3 91792 2080
8 3 4 91561 2070
9 3 1 130823 3060
9 3 2 130682 2940
9 3 3 130752 2930
9 3 4 130832 2930
10 3 1 179723 4170
10 3 2 189133 4091
10 3 3 179543 4060
10 3 4 179703 4050
11 3 1 239485 5470
11 3 2 239844 5390
11 3 3 240005 5390
11 3 4 239644 5380
12 3 1 311465 7040
12 3 2 311816 6960
12 3 3 311586 6960
12 3 4 311716 6960
13 3 1 397867 8970
13 3 2 397457 8900
13 3 3 405027 8880
13 3 4 397657 8861
14 3 1 496559 11190
14 3 2 497439 11170
14 3 3 497629 11090
14 3 4 498068 11090
15 3 1 612231 13760
15 3 2 612881 13650
15 3 3 621281 13720
15 3 4 612851 13730
16 3 1 743313 17620
16 3 2 745854 17560
16 3 3 744073 17500
16 3 4 770664 17550
17 3 1 893766 20071
17 3 2 893786 19960
17 3 3 893866 19901
17 3 4 894456 19930
18 3 1 1068430 23840
18 3 2 1063799 23591
18 3 3 1062929 23600
18 3 4 1072790 23620
19 3 1 1251793 27940
19 3 2 1250783 27770
19 3 3 1257623 27831
19 3 4 1251432 27791
20 3 1 1460446 32811
20 3 2 1469206 32651
20 3 3 1461256 32591
20 3 4 1460286 32611
21 3 1 1698380 37750
21 3 2 1693171 37691
21 3 3 1700311 37660
21 3 4 1691980 37611
22 3 1 1952875 43651
22 3 2 1948425 43450
22 3 3 1953954 43320
22 3 4 1947255 43341
23 3 1 2231200 53691
23 3 2 2226080 53641
23 3 3 2233170 53611
23 3 4 2226529 53641
24 3 1 2539065 63291
24 3 2 2537036 63231
24 3 3 2530845 63191
24 3 4 2538205 63222
25 3 1 2867221 68801
25 3 2 2868372 68891
25 3 3 2863051 68791
25 3 4 2871251 68672
26 3 1 3226808 76921
26 3 2 3225528 76851
26 3 3 3221067 76862
26 3 4 3226458 76851
27 3 1 3615365 86092
27 3 2 3615064 85931
27 3 3 3615045 86072
27 3 4 3616044 86051
28 3 1 4035992 95931
28 3 2 4035223 95662
28 3 3 4031112 95792
28 3 4 4033402 95592
29 3 1 4479040 106022
29 3 2 4480310 105942
29 3 3 4483780 105982
29 3 4 4478710 106022
30 3 1 4962799 117562
30 3 2 4963719 117192
30 3 3 4973159 117113
30 3 4 4962958 117242
31 3 1 5481239 129522
31 3 2 5483508 129222
31 3 3 5476528 129222
31 3 4 5483898 129272
32 3 1 6028278 149833
32 3 2 6027278 149733
32 3 3 6022317 149782
32 3 4 6028917 149902
33 3 1 6610319 155543
33 3 2 6609568 155552
33 3 3 6613668 155463
33 3 4 6612438 155172
34 3 1 7233200 170103
34 3 2 7232899 169723
34 3 3 7234170 169713
34 3 4 7236630 169513
35 3 1 7897001 185053
35 3 2 7890002 184773
35 3 3 7891851 185023
35 3 4 7891832 184944
36 3 1 8588904 205063
36 3 2 8589704 200734
36 3 3 8587334 200644
36 3 4 8587353 200673
37 3 1 9328037 217193
37 3 2 9333776 217284
37 3 3 9331607 217244
37 3 4 9335137 217264
38 3 1 10125251 235994
38 3 2 10111571 235194
38 3 3 10113961 235564
38 3 4 10105750 235704
39 3 1 10932756 254915
39 3 2 10931306 253874
39 3 3 10937605 254364
39 3 4 10930346 258325
40 3 1 11791121 279765
40 3 2 11797431 279435
40 3 3 11794831 279275
40 3 4 11799311 279215
41 3 1 12707507 294676
41 3 2 12705467 295026
41 3 3 12711677 299225
41 3 4 12702887 294705
42 3 1 13665516 317856
42 3 2 13663474 316606
42 3 3 13662264 316725
42 3 4 13672335 316396
43 3 1 14659142 339836
43 3 2 14659283 339486
43 3 3 14669643 339936
43 3 4 14662202 339196
44 3 1 15715131 363696
44 3 2 17860820 364956
44 3 3 17710907 363937
44 3 4 17705157 367616
45 3 1 19078651 389157
45 3 2 19108932 388057
45 3 3 19072111 389187
45 3 4 19066922 388447
46 3 1 19382417 414697
46 3 2 19313246 414888
46 3 3 19305915 415147
46 3 4 19309575 421308
47 3 1 21420673 443698
47 3 2 21231819 443758
47 3 3 21225210 443188
47 3 4 21220120 442028
48 3 1 22194107 488168
48 3 2 22106515 484599
48 3 3 22143456 484749
48 3 4 22112167 485089
49 3 1 23770285 502779
49 3 2 23749985 506550
49 3 3 23715784 502229
49 3 4 24711562 507149
50 3 1 25606809 534969
50 3 2 24707521 532210
50 3 3 24765653 535570
50 3 4 24716881 532480
51 3 1 26478424 566260
51 3 2 25776312 564311
51 3 3 25897883 564470
51 3 4 25799231 564350
52 3 1 28244105 602111
52 3 2 27542942 599620
52 3 3 27660866 599351
52 3 4 27627124 599821
53 3 1 29512478 634061
53 3 2 29337855 637831
53 3 3 29525299 634101
53 3 4 29454367 634391
54 3 1 31450832 672112
54 3 2 30068598 670332
54 3 3 30233340 669102
54 3 4 35424584 678882
55 3 1 32844057 715443
55 3 2 33296856 719583
55 3 3 33153244 715133
55 3 4 32846017 710003
56 3 1 34968715 770863
56 3 2 34678850 783114
56 3 3 34449197 771733
56 3 4 34336904 772724
57 3 1 35950313 796454
57 3 2 36181477 807334
57 3 3 36590005 797434
57 3 4 36500992 804434
58 3 1 38221283 843076
58 3 2 38477599 857485
58 3 3 38972827 853616
58 3 4 38853254 847675
59 3 1 40649808 902196
59 3 2 40160418 915316
59 3 3 40654777 893686
59 3 4 40583906 898276
60 3 1 43105591 950657
60 3 2 41952431 949997
60 3 3 42480321 948747
60 3 4 42480979 949477
61 3 1 44482115 999128
61 3 2 45302231 1018148
61 3 3 45135267 1011828
61 3 4 45093116 1006028
62 3 1 47167165 1063229
62 3 2 47213164 1066669
62 3 3 47178435 1064539
62 3 4 47149773 1067179
63 3 1 49880582 1134871
63 3 2 49183951 1134081
63 3 3 49275491 1141110
63 3 4 49263332 1125920
64 3 1 51482660 1268342
64 3 2 51366199 1252283
64 3 3 51439460 1259003
64 3 4 51397389 1248012
65 3 1 54402514 1276783
65 3 2 54234849 1250143
65 3 3 54319011 1249913
65 3 4 54323582 1246592
66 3 1 57454087 1319854
66 3 2 56415450 1335594
66 3 3 56705724 1319924
66 3 4 56716255 1307063
67 3 1 59244789 1376265
67 3 2 59505355 1395835
67 3 3 59782309 1378594
67 3 4 59802700 1390715
68 3 1 62462197 1443786
68 3 2 61933118 1484777
68 3 3 62297574 1446326
68 3 4 62320956 1456006
69 3 1 65680455 1529898
69 3 2 65087185 1533768
69 3 3 64920621 1506977
69 3 4 64936602 1520848
70 3 1 68594857 1573928
70 3 2 67743652 1588148
70 3 3 67662210 1579268
70 3 4 67701031 1570118
71 3 1 70497761 1626769
71 3 2 70683034 1687540
71 3 3 71142852 1664920
71 3 4 71230393 1661919
72 3 1 73619957 1767972
72 3 2 73455673 1789202
72 3 3 74179978 1767162
72 3 4 74080564 1776432
73 3 1 76616161 1797342
73 3 2 76966787 1805343
73 3 3 77076099 1788512
73 3 4 77091649 1782061
74 3 1 79715445 1842173
74 3 2 80100483 1870343
74 3 3 79862759 1835973
74 3 4 80268985 1853043
75 3 1 83772139 1954615
75 3 2 83198919 1970535
75 3 3 83438402 1956175
75 3 4 83436103 1963975
76 3 1 86898684 2030686
76 3 2 91445035 2032876
76 3 3 86704552 2027647
76 3 4 86563939 1971435
77 3 1 90267594 2123159
77 3 2 89700704 2147038
77 3 3 90217574 2092917
77 3 4 90305086 2043366
78 3 1 93568833 2212940
78 3 2 93105596 2215790
78 3 3 93721437 2171689
78 3 4 93702146 2177379
79 3 1 99518509 2351272
79 3 2 96609378 2340092
79 3 3 96677330 2324871
79 3 4 96692620 2311252
80 3 1 101277351 2572736
80 3 2 100647110 2423813
80 3 3 101052848 2402603
80 3 4 101114189 2404523
81 3 1 106520665 2506565
81 3 2 105243942 2458574
81 3 3 105588569 2477724
81 3 4 105597589 2467094
82 3 1 108267127 2812290
82 3 2 108353088 2857781
82 3 3 108766076 2839990
82 3 4 108649463 2808340
83 3 1 112260058 2977353
83 3 2 111554536 2680378
83 3 3 112583814 2658258
83 3 4 112422971 2682398
84 3 1 116901961 2995994
84 3 2 116658527 3020184
84 3 3 116772079 3009094
84 3 4 116795459 3082645
85 3 1 121082536 3121126
85 3 2 121375070 3132816
85 3 3 121238318 3092985
85 3 4 121225799 3166826
86 3 1 125607087 3253578
86 3 2 125771480 3249798
86 3 3 125623127 3262219
86 3 4 125644827 3260258
87 3 1 130250020 3372320
87 3 2 130175929 3469472
87 3 3 142308516 2992314
87 3 4 129591008 3328009
88 3 1 134015678 3441522
88 3 2 133355095 3451791
88 3 3 133788453 3472532
88 3 4 133999657 3472182
89 3 1 138809703 3503062
89 3 2 137717984 3554454
89 3 3 138450547 3491812
89 3 4 138331424 3550074
90 3 1 143885794 3682095
90 3 2 143093499 3698136
90 3 3 143409015 3680666
90 3 4 143150071 3712197
91 3 1 148102349 3815218
91 3 2 148144550 3806318
91 3 3 149804560 4175425
91 3 4 148319294 3849479
92 3 1 154623446 3936270
92 3 2 154622796 3958881
92 3 3 154550055 3950671
92 3 4 154544995 3940501
93 3 1 158820602 4071503
93 3 2 158586897 4070993
93 3 3 158702849 4070003
93 3 4 158436184 4065353
94 3 1 163219969 4213465
94 3 2 163096998 4221216
94 3 3 163480124 4207275
94 3 4 163555666 4219165
95 3 1 168717378 4361269
95 3 2 168947372 4221985
95 3 3 168054046 4369588
95 3 4 168627657 4363138
96 3 1 173623387 4633253
96 3 2 173591835 4547401
96 3 3 173349841 4646603
96 3 4 173843050 4641763
97 3 1 177405953 4610593
97 3 2 177669558 4656403
97 3 3 177756350 4645103
97 3 4 177704098 4655083
98 3 1 183119075 4753795
98 3 2 182851502 4784255
98 3 3 182993893 4757325
98 3 4 183341790 4758326
99 3 1 189979978 4940148
99 3 2 190004790 4756535
99 3 3 188942559 4957388
99 3 4 189829916 4942268
100 3 1 194988599 5039131
100 3 2 195015408 5002150
100 3 3 194868786 5081401
100 3 4 194684782 5025510
101 3 1 200394985 5203873
101 3 2 200066309 5218264
101 3 3 200025099 5178233
101 3 4 200411424 4950059
102 3 1 209086010 5064180
102 3 2 211488443 4863617
102 3 3 209495566 5132822
102 3 4 208833346 5359006
103 3 1 212438829 5270364
103 3 2 212300258 5522298
103 3 3 213132903 5523138
103 3 4 213137512 5235273
104 3 1 218294195 5490038
104 3 2 219493696 6351914
104 3 3 218907485 5568289
104 3 4 218307346 5755703
105 3 1 225378722 5855995
105 3 2 225401921 5838034
105 3 3 224666630 5891876
105 3 4 225418703 5871865
106 3 1 231984589 6083089
106 3 2 232202113 6030578
106 3 3 231963360 5729912
106 3 4 231167345 6035418
107 3 1 238328282 5752724
107 3 2 238146999 6169941
107 3 3 239048827 6139360
107 3 4 239170718 5772314
108 3 1 244842179 5702122
108 3 2 244780239 6346794
108 3 3 245858497 6355974
108 3 4 245686905 5955097
109 3 1 251621171 6096919
109 3 2 251569630 6575808
109 3 3 252574998 6568017
109 3 4 252604679 6565538
110 3 1 258729248 6711200
110 3 2 259046654 6325243
110 3 3 258527945 6288673
110 3 4 258383642 6287722
111 3 1 265526850 6972924
111 3 2 266801762 6565047
111 3 3 265813085 6464366
111 3 4 265560190 6494386
112 3 1 273250828 6601688
112 3 2 273081005 6929314
112 3 3 272964793 6846713
112 3 4 280698051 6476476
113 3 1 280959646 6720850
113 3 2 280238512 6720580
113 3 3 281063558 6959345
113 3 4 279925927 7216310
114 3 1 288772255 6674599
114 3 2 287748808 7068617
114 3 3 287831359 7104067
114 3 4 288454560 7453703
115 3 1 295363803 6828713
115 3 2 296136067 7119968
115 3 3 295090698 7238980
115 3 4 294998326 7622847
116 3 1 305301411 7835630
116 3 2 303469819 7037926
116 3 3 303063681 7377793
116 3 4 303036250 7400632
117 3 1 311024103 7179089
117 3 2 311060524 8053424
117 3 3 311358690 7578306
117 3 4 310950822 7235840
118 3 1 319489895 7425083
118 3 2 321691235 8319569
118 3 3 321688734 8253888
118 3 4 322561920 8255787
119 3 1 331377137 7912841
119 3 2 329494153 8007854
119 3 3 329452733 8480292
119 3 4 330880958 7931732
120 3 1 338582127 8060174
120 3 2 338588436 8087805
120 3 3 338616168 8691135
120 3 4 338715968 8688425
121 3 1 347439415 8132295
121 3 2 347628257 8214688
121 3 3 346921365 8295979
121 3 4 346211734 8304099
122 3 1 356958395 9113213
122 3 2 359239876 9133823
122 3 3 359822387 8536843
122 3 4 357129677 8523892
123 3 1 363625115 8563313
123 3 2 363770997 8564044
123 3 3 363751126 8868399
123 3 4 363353620 9359677
124 3 1 374875336 9569511
124 3 2 374877616 9312277
124 3 3 374374087 8869238
124 3 4 373258447 9564831
125 3 1 384358846 9217105
125 3 2 381945892 8951391
125 3 3 382478771 8936450
125 3 4 381357592 9636252
126 3 1 391399642 8921699
126 3 2 391194548 9310627
126 3 3 390793751 9192464
126 3 4 390771239 9284426
127 3 1 399769470 9150284
127 3 2 400811419 10506288
127 3 3 402185454 9542610
127 3 4 399442385 10254933
128 3 1 410641706 11765300
128 3 2 409253301 11919203
128 3 3 409214240 11926523
128 3 4 409072027 11934794
129 3 1 418964464 9879596
129 3 2 418930604 10008889
129 3 3 418996775 9836196
129 3 4 418908443 9953688
130 3 1 429218877 9812076
130 3 2 429373201 10059279
130 3 3 429320020 10186742
130 3 4 429051635 9827046
131 3 1 438822929 9999369
131 3 2 438885390 10430376
131 3 3 438332051 10176072
131 3 4 438991823 10245914
132 3 1 449111124 10288784
132 3 2 449080833 10687931
132 3 3 449074463 10435947
132 3 4 449296687 10543498
133 3 1 458954159 10432336
133 3 2 458741736 10555589
133 3 3 459140743 10517279
133 3 4 459111572 10860255
134 3 1 469818843 10704541
134 3 2 469808434 10971896
134 3 3 469764563 10998676
134 3 4 469792593 10699211
135 3 1 480306283 11031947
135 3 2 480289961 11025907
135 3 3 480151429 11020257
135 3 4 478465408 11298812
136 3 1 491124315 11545506
136 3 2 490516114 11574547
136 3 3 489979636 11862852
136 3 4 490089886 11553496
137 3 1 501963869 11447145
137 3 2 502135182 11510076
137 3 3 502092372 11455035
137 3 4 501257786 11498896
138 3 1 512666770 11721870
138 3 2 512681521 11730090
138 3 3 512711440 13192357
138 3 4 516048180 13217136
139 3 1 527129809 11972064
139 3 2 525325967 12215089
139 3 3 525703453 12451182
139 3 4 524968331 12004294
140 3 1 537747899 12322160
140 3 2 537134658 12326791
140 3 3 537140137 12260810
140 3 4 537066496 12536294
141 3 1 548794967 12814869
141 3 2 550737961 12542174
141 3 3 548777437 12817539
141 3 4 548412430 12608526
142 3 1 559203473 12894931
142 3 2 559224713 12824670
142 3 3 558956329 12828490
142 3 4 559106582 12795939
143 3 1 570822201 13345519
143 3 2 570689999 13043923
143 3 3 570825241 13429600
143 3 4 570832201 13030493
144 3 1 583305923 13836457
144 3 2 583248843 13844958
144 3 3 582905296 13835267
144 3 4 584012497 13921928
145 3 1 597536259 13814027
145 3 2 598132389 13950571
145 3 3 597915675 13817238
145 3 4 599915851 14177893
146 3 1 608186788 13990830
146 3 2 607038688 13972650
146 3 3 607044249 13909188
146 3 4 606976247 13903549
147 3 1 620260075 14180334
147 3 2 620389387 14273846
147 3 3 620956578 14252205
147 3 4 620017640 14210524
148 3 1 632921601 14474790
148 3 2 632945392 14505070
148 3 3 633915559 14576061
148 3 4 634401938 14589311
149 3 1 646213949 14917377
149 3 2 645467617 14927017
149 3 3 644685732 14801925
149 3 4 644732813 14843515
150 3 1 658796664 15076529
150 3 2 658901507 15163261
150 3 3 658821254 15101310
150 3 4 657994210 15142661
151 3 1 672144662 15415066
151 3 2 673164082 15509707
151 3 3 673607380 15464467
151 3 4 673743311 15484587
152 3 1 686432109 16227120
152 3 2 686945908 16206230
152 3 3 686777974 16218150
152 3 4 686951628 16199860
153 3 1 703362872 16188829
153 3 2 703211829 16165789
153 3 3 703995702 16825201
153 3 4 703121136 16130218
154 3 1 711828483 16280111
154 3 2 711925175 16342272
154 3 3 711788503 16388813
154 3 4 711821303 16364682
155 3 1 727897100 16797190
155 3 2 727908341 16750019
155 3 3 726256190 16743720
155 3 4 727695216 16824322
156 3 1 742357368 17094126
156 3 2 742467450 17106796
156 3 3 740926313 17114496
156 3 4 742396170 17071905
157 3 1 756659534 17462742
157 3 2 758553269 17440572
157 3 3 756782317 17448052
157 3 4 756680475 17459882
158 3 1 769519475 17717457
158 3 2 770175116 17824069
158 3 3 769577386 17717417
158 3 4 769951512 17805069
159 3 1 784863839 17948431
159 3 2 784789107 17952331
159 3 3 784835578 17892461
159 3 4 784967021 17989842
160 3 1 799923468 18413699
160 3 2 800894055 20055490
160 3 3 800078161 27605523
160 3 4 800920206 27585863
161 3 1 816716430 19243225
161 3 2 816298922 18948399
161 3 3 816011397 18896487
161 3 4 815605108 18888427
162 3 1 829450878 28598321
162 3 2 829531188 28352297
162 3 3 829423186 28054681
162 3 4 829434256 28527821
163 3 1 851116533 19875725
163 3 2 846503972 19921736
163 3 3 846665464 21741089
163 3 4 846481621 19498299
164 3 1 863064259 20303363
164 3 2 862951646 20053959
164 3 3 863048297 22152786
164 3 4 862839054 20184221
165 3 1 877086688 22497732
165 3 2 875162294 20655649
165 3 3 878419653 20513667
165 3 4 878997943 20624719
166 3 1 892869942 20741801
166 3 2 891654679 21075887
166 3 3 891805172 21002306
166 3 4 891568037 20583078
167 3 1 910626108 21299461
167 3 2 910685950 20836752
167 3 3 910370214 21260220
167 3 4 910697880 21278410
168 3 1 927200325 21646777
168 3 2 924382134 21521224
168 3 3 926308839 21745769
168 3 4 925326152 21742179
169 3 1 944658668 22153317
169 3 2 940411520 21866212
169 3 3 940282688 22106226
169 3 4 939321262 22341800
170 3 1 958533066 22031884
170 3 2 960007022 22481022
170 3 3 960120473 22348890
170 3 4 960620933 24282805
171 3 1 977653728 22905490
171 3 2 976846903 22800487
171 3 3 978593244 24661251
171 3 4 976880924 22438932
172 3 1 995218901 23376998
172 3 2 995636069 23327918
172 3 3 994992267 23348977
172 3 4 992468442 23178165
173 3 1 1011332169 25722080
173 3 2 1011166566 23639053
173 3 3 1011475372 23694604
173 3 4 1011070585 23628732
174 3 1 1030544923 24193403
174 3 2 1029220769 23806446
174 3 3 1030195576 23791576
174 3 4 1029486634 23988419
175 3 1 1047397405 24100831
175 3 2 1046000780 24298304
175 3 3 1048215750 24097131
175 3 4 1048299520 24105191
176 3 1 1066050378 24477758
176 3 2 1066198612 24736543
176 3 3 1066405256 24468528
176 3 4 1066403835 24792074
177 3 1 1084659251 25409424
177 3 2 1084889895 24908605
177 3 3 1083075454 25177480
177 3 4 1085369213 25200861
178 3 1 1102912147 25421286
178 3 2 1099275022 25812162
178 3 3 1102566212 25647559
178 3 4 1102553932 25716179
179 3 1 1118813463 26008275
179 3 2 1120571484 26106456
179 3 3 1120217957 26202888
179 3 4 1119785510 25711040
180 3 1 1138912042 26352102
180 3 2 1141059850 26456473
180 3 3 1139597444 26444203
180 3 4 1139833028 26299910
181 3 1 1160597050 27037554
181 3 2 1161385174 26655447
181 3 3 1158947930 26537256
181 3 4 1159411027 27129135
182 3 1 1172729076 27137176
182 3 2 1174393486 27027493
182 3 3 1177909859 27050153
182 3 4 1178965918 27236057
183 3 1 1198428026 27633905
183 3 2 1196886058 27660065
183 3 3 1199042977 27413851
183 3 4 1196403590 27555243
184 3 1 1215433660 28148693
184 3 2 1218546316 28164194
184 3 3 1217909915 28588651
184 3 4 1217806622 28471060
185 3 1 1236222051 28880287
185 3 2 1234164665 28232275
185 3 3 1236405205 28893007
185 3 4 1234485500 28734684
186 3 1 1255580878 28886437
186 3 2 1255412025 28816795
186 3 3 1255934454 29125151
186 3 4 1254391607 28886367
187 3 1 1278897625 29732952
187 3 2 1278856314 29624159
187 3 3 1278621611 29486177
187 3 4 1278664740 29255704
188 3 1 1300352129 29888844
188 3 2 1299409403 29847114
188 3 3 1301899937 29935595
188 3 4 1300868028 29845134
189 3 1 1320661021 30316182
189 3 2 1319918359 30628778
189 3 3 1320761204 30341373
189 3 4 1320236034 30318592
190 3 1 1338610283 31168068
190 3 2 1340168090 31094346
190 3 3 1336276901 30845581
190 3 4 1338239297 31070016
191 3 1 1360645508 31234028
191 3 2 1363787214 31205668
191 3 3 1362661564 31777739
191 3 4 1362270107 31233249
192 3 1 1383723100 31972861
192 3 2 1384981132 32008162
192 3 3 1383866273 32363079
192 3 4 1383758770 34321574
193 3 1 1406094180 32454471
193 3 2 1406106900 32614484
193 3 3 1405811904 32204695
193 3 4 1406123281 32230306
194 3 1 1428259447 33064081
194 3 2 1420985496 32745636
194 3 3 1424003141 33073932
194 3 4 1427864419 32991081
195 3 1 1442849438 33028941
195 3 2 1445444924 33210754
195 3 3 1449394404 35374273
195 3 4 1449163890 33196593
196 3 1 1473870452 33791054
196 3 2 1475566903 33809586
196 3 3 1475227406 33743993
196 3 4 1475945319 34235632
197 3 1 1496906245 34140740
197 3 2 1496822643 34111840
197 3 3 1493686766 34098500
197 3 4 1493703907 34192311
198 3 1 1517064694 35085647
198 3 2 1514444627 34816643
198 3 3 1516554306 34752511
198 3 4 1522363419 34783872
199 3 1 1541189746 53520567
199 3 2 1541695074 53153081
199 3 3 1540408582 53118451
199 3 4 1541709025 53142250
200 3 1 1567315774 36236608
200 3 2 1567756341 36189828
200 3 3 1567180670 36385530
200 3 4 1565787667 36125856
201 3 1 1582234331 36330099
201 3 2 1590192642 36349381
201 3 3 1586420974 36426311
201 3 4 1590364266 36490103
202 3 1 1613757734 36709046
202 3 2 1613121633 36736897
202 3 3 1609485848 36637105
202 3 4 1614851623 36733718
203 3 1 1635082155 37496932
203 3 2 1639639816 37495631
203 3 3 1631875898 37479421
203 3 4 1637343455 37478230
204 3 1 1662529786 38020651
204 3 2 1662512645 37951519
204 3 3 1662555956 38008290
204 3 4 1662610837 38292425
205 3 1 1683812916 39056388
205 3 2 1688276367 39179980
205 3 3 1686051227 38708362
205 3 4 1685121000 38725883
206 3 1 1714053218 39165690
206 3 2 1713966256 39383705
206 3 3 1710920491 39117280
206 3 4 1713605150 39094439
207 3 1 1751291433 39842413
207 3 2 1747996394 39872854
207 3 3 1748470173 39851403
207 3 4 1749831217 39896803
208 3 1 1759835897 40405724
208 3 2 1759987699 40353641
208 3 3 1760327845 40401382
208 3 4 1758525343 40697669
209 3 1 1798217322 41005983
209 3 2 1795847720 41057075
209 3 3 1795080857 41022023
209 3 4 1792907698 40972443
210 3 1 1813257083 41449191
210 3 2 1811548781 41450481
210 3 3 1809688888 41467072
210 3 4 1813824252 41334339
211 3 1 1838109146 41699596
211 3 2 1838295899 41845419
211 3 3 1843696486 42401918
211 3 4 1838583874 41856298
212 3 1 1864436027 42674573
212 3 2 1862850169 42687984
212 3 3 1862822377 42717733
212 3 4 1866906531 42664603
213 3 1 1888746052 43359275
213 3 2 1891988761 43386966
213 3 3 1892577060 43451408
213 3 4 1892352306 43356755
214 3 1 1919116945 43661631
214 3 2 1920740625 43876455
214 3 3 1920707204 43823934
214 3 4 1922242800 43797824
215 3 1 1943705494 44340944
215 3 2 1943689834 44281322
215 3 3 1944357897 44312622
215 3 4 1939649263 44335013
216 3 1 1972305357 45698278
216 3 2 1967586112 45346481
216 3 3 1971755196 45326240
216 3 4 1969423065 45287940
217 3 1 2014926269 45815669
217 3 2 2016112759 45979953
217 3 3 2009707685 45610055
217 3 4 2010600761 45621705
218 3 1 2037118306 46636335
218 3 2 2035383183 46617355
218 3 3 2039178623 46401280
218 3 4 2034940876 46346799
219 3 1 2060091857 46911139
219 3 2 2057864106 46919599
219 3 3 2057451389 46898760
219 3 4 2058974396 46944389
220 3 1 2086262554 47463388
220 3 2 2084714947 47407097
220 3 3 2085525821 49226641
220 3 4 2081697932 47910977
221 3 1 2118727485 48212642
221 3 2 2116505815 48228173
221 3 3 2116678798 48239083
221 3 4 2118285327 48134221
222 3 1 2139509096 48639640
222 3 2 2141827228 48929105
222 3 3 2145775768 48901405
222 3 4 2143791893 48766402
223 3 1 2171189703 49710049
223 3 2 2174260598 49837131
223 3 3 2174034334 49663848
223 3 4 2168385633 49130319
224 3 1 2207352650 50263399
224 3 2 2188872409 50039215
224 3 3 2197843120 50036764
224 3 4 2201076978 50336830
225 3 1 2234732919 50792690
225 3 2 2219497796 50937211
225 3 3 2219228463 50537743
225 3 4 2228080530 50873170
226 3 1 2261731853 50930811
226 3 2 2254819859 51237196
226 3 3 2264886068 51360839
226 3 4 2262002317 51243896
227 3 1 2286687208 51943519
227 3 2 2290085869 52094831
227 3 3 2292570693 51726316
227 3 4 2290315413 52022500
228 3 1 2318614940 53014568
228 3 2 2315706178 52926937
228 3 3 2314101508 52931396
228 3 4 2320351020 53017399
229 3 1 2355472108 81137582
229 3 2 2351446336 81340685
229 3 3 2345612842 81375216
229 3 4 2349855388 81122262
230 3 1 2382924259 54478624
230 3 2 2382643014 54504535
230 3 3 2395698278 54479154
230 3 4 2389326825 54589986
231 3 1 2409015136 55533093
231 3 2 2407015410 55517973
231 3 3 2408255022 55428961
231 3 4 2408420746 55522363
232 3 1 2463779615 56243466
232 3 2 2462123236 56182196
232 3 3 2470612507 56388038
232 3 4 2465801172 56256336
233 3 1 2474453197 56017972
233 3 2 2471407662 57223323
233 3 3 2470185980 56246977
233 3 4 2471633775 56078234
234 3 1 2501619972 57177782
234 3 2 2507384055 57087261
234 3 3 2507472807 57078720
234 3 4 2505432040 57082912
235 3 1 2538203916 58055388
235 3 2 2537867000 58189970
235 3 3 2538670565 58114860
235 3 4 2547972741 58067358
236 3 1 2572701223 58719881
236 3 2 2574957253 58635979
236 3 3 2573309634 58744941
236 3 4 2569522166 58740211
237 3 1 2596294785 59438383
237 3 2 2600468179 59573006
237 3 3 2595422920 59555475
237 3 4 2596419128 59588736
238 3 1 2637970670 60180546
238 3 2 2642079374 60157286
238 3 3 2633835897 60477282
238 3 4 2636846820 60197207
239 3 1 2675550042 60878868
239 3 2 2674678418 60935190
239 3 3 2667312545 60890610
239 3 4 2666867197 60809147
240 3 1 2700097132 62297434
240 3 2 2707389221 61767946
240 3 3 2700668501 61748964
240 3 4 2697634457 61713923
241 3 1 2741028443 62218803
241 3 2 2736021934 62248563
241 3 3 2735412604 62288944
241 3 4 2746750266 62431316
242 3 1 2779172986 63242761
242 3 2 2771265354 63204651
242 3 3 2775836756 63115199
242 3 4 2765887258 63405294
243 3 1 2805808842 64119456
243 3 2 2802815749 63970174
243 3 3 2795033020 63904273
243 3 4 2799826354 63921083
244 3 1 2849821248 64828380
244 3 2 2843759540 64801049
244 3 3 2838971595 64932132
244 3 4 2838611928 64699227
245 3 1 2866501717 65291419
245 3 2 2871642169 65432601
245 3 3 2878536532 66404157
245 3 4 2872288600 65458180
246 3 1 2908017260 66359757
246 3 2 2907228566 66294406
246 3 3 2907972169 66379137
246 3 4 2905176509 66316596
247 3 1 2942354214 67067939
247 3 2 2949352289 67124822
247 3 3 2949692884 67057220
247 3 4 2940161273 67155331
248 3 1 2975204701 104649211
248 3 2 2981126117 104516870
248 3 3 2985262601 104481958
248 3 4 2973684544 104777433
249 3 1 3019707318 68617627
249 3 2 3016405378 68503345
249 3 3 3016890486 68495355
249 3 4 3021192623 68148269
250 3 1 3055558268 69348220
250 3 2 3057822739 69433542
250 3 3 3065649659 69518813
250 3 4 3054791085 69306320
251 3 1 3086487531 70628993
251 3 2 3093477666 70501771
251 3 3 3089455804 70556242
251 3 4 3089748979 70562951
252 3 1 3127543175 71019790
252 3 2 3141379653 71000009
252 3 3 3130088862 71100072
252 3 4 3128837818 71107211
253 3 1 3160543937 72917924
253 3 2 3177388307 72154931
253 3 3 3163052140 73002585
253 3 4 3163294655 72366344
254 3 1 3209077623 73100118
254 3 2 3208990062 73514924
254 3 3 3189788359 73550195
254 3 4 3196449617 73152909
255 3 1 3275360849 75373919
255 3 2 3277391534 75363798
255 3 3 3282385925 75751494
255 3 4 3277072910 75113543
256 3 1 3296598459 83066416
256 3 2 3283972634 82872642
256 3 3 3285897798 82676559
256 3 4 3289613503 83334651
257 3 1 3315232521 76052710
257 3 2 3318086062 75881678
257 3 3 3316521764 76227334
257 3 4 3318425139 76635371
258 3 1 3360538412 77276613
258 3 2 3357290724 77448766
258 3 3 3357418795 76953547
258 3 4 3357728231 77864074
259 3 1 3428605108 78401923
259 3 2 3427342627 78477704
259 3 3 3430668837 77771881
259 3 4 3429802721 78351631
260 3 1 3426146985 78701117
260 3 2 3431325058 78431693
260 3 3 3428402295 78838590
260 3 4 3427410287 78703758
261 3 1 3470288175 79361199
261 3 2 3473576134 78933001
261 3 3 3470692492 78925472
261 3 4 3471469456 79530823
262 3 1 3520509812 81094590
262 3 2 3509664529 80594751
262 3 3 3507354318 81123551
262 3 4 3514833460 81185961
263 3 1 3570799142 81829293
263 3 2 3573670113 81329966
263 3 3 3574285284 81914955
263 3 4 3577530182 81317015
264 3 1 3591662015 82497096
264 3 2 3591200177 82394264
264 3 3 3592490510 83265979
264 3 4 3594932583 82432344
265 3 1 3621153392 82452104
265 3 2 3641960584 82691279
265 3 3 3637324352 83097556
265 3 4 3629175356 82710530
266 3 1 3677679303 83908500
266 3 2 3682401368 83806909
266 3 3 3678164092 84011912
266 3 4 3687294906 83757028
267 3 1 3721968836 85133313
267 3 2 3709119726 84493251
267 3 3 3713297291 84977479
267 3 4 3730339675 84860117
268 3 1 3766413620 85809426
268 3 2 3763694668 85858835
268 3 3 3761756851 85542110
268 3 4 3760323608 85895316
269 3 1 3810005043 86799833
269 3 2 3803839317 87026356
269 3 3 3802815612 86317294
269 3 4 3804938552 87010957
270 3 1 3850948703 87755100
270 3 2 3845597241 86726062
270 3 3 3848764059 87899922
270 3 4 3851454321 87763430
271 3 1 3880579961 88997302
271 3 2 3895476238 89113634
271 3 3 3899621255 89029533
271 3 4 3890081738 89144366
272 3 1 3931745541 89566523
272 3 2 3933288882 90197204
272 3 3 3929482897 90166374
272 3 4 3929092083 90098553
273 3 1 3985135682 91360875
273 3 2 3999937419 90832385
273 3 3 3996400577 91071840
273 3 4 3994998456 91184001
274 3 1 4004591569 91239083
274 3 2 4022923618 92435024
274 3 3 4020879044 92378823
274 3 4 4009683467 92000837
275 3 1 4065337871 93219948
275 3 2 4059767094 93311180
275 3 3 4059415920 93340320
275 3 4 4060975380 93279260
276 3 1 4110829930 94032522
276 3 2 4114650651 94472881
276 3 3 4104464393 94278717
276 3 4 4107446518 94327158
277 3 1 4144280216 95349297
277 3 2 4154402899 95318656
277 3 3 4153201370 95283646
277 3 4 4150982083 94983929
278 3 1 4203375368 96123941
278 3 2 4193467304 96133161
278 3 3 4188542360 96125601
278 3 4 4196131068 96231792
279 3 1 4252585634 97047867
279 3 2 4250868976 97102257
279 3 3 4242570480 96951006
279 3 4 4246294940 97046557
280 3 1 4291106471 97965864
280 3 2 4297532266 98491483
280 3 3 4296568512 98134716
280 3 4 4293069522 98294690
281 3 1 4341628610 99010823
281 3 2 4339853449 98951111
281 3 3 4334782572 98991233
281 3 4 4349348476 99096805
282 3 1 4380643744 100296936
282 3 2 4384873781 100347527
282 3 3 4382370770 100272855
282 3 4 4387277559 100254635
283 3 1 4434319399 101517697
283 3 2 4441543891 101302723
283 3 3 4439056858 101426476
283 3 4 4432992432 101439146
284 3 1 4487518817 102219990
284 3 2 4482275095 102206821
284 3 3 4489613989 102065388
284 3 4 4487131177 102302332
285 3 1 4523951606 103279710
285 3 2 4527700195 103366172
285 3 3 4531277810 103169948
285 3 4 4536190610 103222828
286 3 1 4572945947 104625303
286 3 2 4573349426 104647803
286 3 3 4571314443 104477441
286 3 4 4575831375 104593093
287 3 1 4624446884 106173861
287 3 2 4625600816 105517170
287 3 3 4611006570 105550751
287 3 4 4613183850 105831205
288 3 1 4670650806 106508938
288 3 2 4672793876 107222690
288 3 3 4674744494 106801083
288 3 4 4673134327 107095808
289 3 1 4710369543 107687208
289 3 2 4710352445 107594187
289 3 3 4719861266 108289480
289 3 4 4713285011 108030436
290 3 1 4757548102 109289247
290 3 2 4773923086 108789879
290 3 3 4760809004 109126035
290 3 4 4759723527 108701227
291 3 1 4806161727 110110743
291 3 2 4814119721 109623264
291 3 3 4818278097 109931879
291 3 4 4813196659 110532740
292 3 1 4874132407 110881366
292 3 2 4865994284 110310116
292 3 3 4867817219 110844336
292 3 4 4875580809 110328726
293 3 1 4925081284 112070228
293 3 2 4869837170 112165980
293 3 3 4868274086 111900915
293 3 4 4872267598 111954116
294 3 1 4911233195 113623296
294 3 2 4908630411 113631145
294 3 3 4907671696 113798079
294 3 4 4916218860 113628506
295 3 1 4959397331 115887266
295 3 2 4973731939 115816734
295 3 3 4978806822 115922567
295 3 4 4969262814 115593952
296 3 1 5027091346 116264243
296 3 2 5026303705 116145391
296 3 3 5024002645 116247803
296 3 4 5029572846 116346914
297 3 1 5062955884 117342592
297 3 2 5077533535 117371763
297 3 3 5072469477 117284322
297 3 4 5068762912 117350143
298 3 1 5126668057 117780620
298 3 2 5121512917 117803160
298 3 3 5121944826 118049925
298 3 4 5131749623 118557064
299 3 1 5190212548 119701435
299 3 2 5186894450 119503831
299 3 3 5190448935 119486292
299 3 4 5187655997 119417719
300 3 1 5226711105 120212865
300 3 2 5231080086 120241685
300 3 3 5225922184 120089192
300 3 4 5239757453 120203024
301 3 1 5332366647 186229603
301 3 2 5331957752 186702380
301 3 3 5340729830 186463726
301 3 4 5330671602 186202651
302 3 1 5317728313 123406511
302 3 2 5320298691 123316210
302 3 3 5333229163 123499723
302 3 4 5331734158 123705947
303 3 1 5392018154 124543761
303 3 2 5389648824 124551723
303 3 3 5384554705 124512992
303 3 4 5385405151 123784168
304 3 1 5439088030 124922489
304 3 2 5447882029 124834667
304 3 3 5439448710 125119562
304 3 4 5433478727 125553400
305 3 1 5481839071 126029629
305 3 2 5473417201 125836435
305 3 3 5494335416 126333664
305 3 4 5488504103 125944337
306 3 1 5537162733 127791650
306 3 2 5535368313 127858051
306 3 3 5543503499 127785340
306 3 4 5533547243 127617027
307 3 1 5594050804 128706567
307 3 2 5604573544 129046413
307 3 3 5591432921 128819089
307 3 4 5588956137 128548585
308 3 1 5664222274 129605643
308 3 2 5653690896 129875948
308 3 3 5658807599 129643773
308 3 4 5654199218 129460450
309 3 1 5728659009 130395227
309 3 2 5712965159 131212683
309 3 3 5724882515 130310165
309 3 4 5722843408 131306224
310 3 1 5761778194 133481793
310 3 2 5767180503 133185777
310 3 3 5767048501 133245639
310 3 4 5759255374 133286799
311 3 1 5822686397 134310138
311 3 2 5822589147 133503023
311 3 3 5811933188 133953292
311 3 4 5812170803 134189555
312 3 1 5883175782 136119910
312 3 2 5876359741 136396525
312 3 3 5875797473 135281026
312 3 4 5870265315 136477257
313 3 1 5939634655 136358364
313 3 2 5945746566 136460197
313 3 3 5936005823 136315114
313 3 4 5934222123 136072270
314 3 1 5986256722 138358831
314 3 2 6003216897 137716128
314 3 3 5988006557 138200587
314 3 4 5983681920 138880719
315 3 1 6055805989 139179915
315 3 2 6038428210 139234136
315 3 3 6042101557 139127254
315 3 4 6036205103 138820548
316 3 1 6100028923 140803024
316 3 2 6088648491 140579440
316 3 3 6093306035 140325306
316 3 4 6096884650 140521689
317 3 1 6188392905 142713168
317 3 2 6192990018 143001983
317 3 3 6179012180 142596946
317 3 4 6185209362 143083125
318 3 1 6302815102 146671699
318 3 2 6303730351 146615358
318 3 3 6300763219 146555267
318 3 4 6299077930 146645718
319 3 1 6275140993 144366158
319 3 2 6270954929 144209735
319 3 3 6301934343 144852737
319 3 4 6274147478 144371967
320 3 1 6345189338 147923332
320 3 2 6342416020 148485582
320 3 3 6348422887 148510512
320 3 4 6348871376 148227877
321 3 1 6403980901 147680727
321 3 2 6406750551 147129377
321 3 3 6393869803 147246119
321 3 4 6385868861 147210859
322 3 1 6452818757 148978730
322 3 2 6452180156 148997801
322 3 3 6450906974 149169523
322 3 4 6452365112 149148173
323 3 1 6527566025 149989398
323 3 2 6514544594 150379385
323 3 3 6515581564 150353035
323 3 4 6511669634 150277004
324 3 1 6585454824 151347753
324 3 2 6596179775 151440644
324 3 3 6587342249 151582507
324 3 4 6590605628 151320103
325 3 1 6641184412 153608273
325 3 2 6658104775 153372869
325 3 3 6659857437 153456600
325 3 4 6659513652 153274428
326 3 1 6705375562 153917769
326 3 2 6704221082 154258195
326 3 3 6709054939 154045760
326 3 4 6711090257 153717184
327 3 1 6754444092 156105607
327 3 2 6757801943 155817363
327 3 3 6763252551 156248091
327 3 4 6765215146 156102257
328 3 1 6848930022 157911500
328 3 2 6831813417 157505283
328 3 3 6836139125 157808639
328 3 4 6836264188 157668045
329 3 1 6910926193 159528009
329 3 2 6910089828 159531879
329 3 3 6914060990 159500129
329 3 4 6911286701 159485638
330 3 1 6944228640 159238543
330 3 2 6963208331 160527137
330 3 3 6957933466 160237951
330 3 4 6947111624 160133190
331 3 1 7009012940 161109068
331 3 2 7010655910 161868020
331 3 3 7012405522 161956373
331 3 4 7007006617 161944182
332 3 1 7090406957 162648275
332 3 2 7088038876 162675596
332 3 3 7086064700 162769636
332 3 4 7088200469 162832597
333 3 1 7158157809 164260875
333 3 2 7156954918 162922730
333 3 3 7152959437 163187105
333 3 4 7156835708 164039660
334 3 1 7198217717 166016136
334 3 2 7204965838 166748468
334 3 3 7213941629 166193349
334 3 4 7200921188 166398332
335 3 1 7270140764 166920032
335 3 2 7269763418 166048667
335 3 3 7273582928 166793319
335 3 4 7277678491 166235910
336 3 1 7328469389 169334545
336 3 2 7337959999 169068320
336 3 3 7334463857 169302934
336 3 4 7328464490 169083571
337 3 1 7429863482 259045197
337 3 2 7425466804 258742562
337 3 3 7435498884 260481574
337 3 4 7433799474 258680271
338 3 1 7456282966 172534153
338 3 2 7462374036 172344788
338 3 3 7469723647 171587495
338 3 4 7456531542 172041612
339 3 1 7531190697 172982970
339 3 2 7548303603 174224283
339 3 3 7560418269 173169514
339 3 4 7542913298 174207113
340 3 1 7631730674 175369873
340 3 2 7626828177 176627105
340 3 3 7632384488 176755637
340 3 4 7634514226 175824041
341 3 1 7699819772 176961651
341 3 2 7691592387 176930671
341 3 3 7693204955 175551886
341 3 4 7690877335 176165327
342 3 1 7751259744 177089653
342 3 2 7742721162 178227154
342 3 3 7748808240 177048563
342 3 4 7763423262 177884418
343 3 1 7833343551 272078801
343 3 2 7828419184 273608558
343 3 3 7836680612 271916747
343 3 4 7830548423 272067160
344 3 1 7890983144 181545404
344 3 2 7885544966 182291787
344 3 3 7866375063 181831238
344 3 4 7886749548 182552981
345 3 1 8071701783 184218371
345 3 2 8079468221 184801111
345 3 3 8064100488 185161988
345 3 4 8067164603 185567016
346 3 1 8026929355 182986399
346 3 2 8031987005 183760863
346 3 3 8024535602 183934276
346 3 4 8032778820 183768133
347 3 1 8111412375 185277010
347 3 2 8110755474 185431203
347 3 3 8110845807 185966243
347 3 4 8104115327 185310761
348 3 1 8156476771 188279904
348 3 2 8162326626 186854109
348 3 3 8155908992 188558009
348 3 4 8162530141 186820867
349 3 1 8295404475 188981927
349 3 2 8299854846 190187448
349 3 3 8298557632 188927655
349 3 4 8305156391 189010377
350 3 1 8307105985 190064686
350 3 2 8304966467 188916275
350 3 3 8308196636 189366093
350 3 4 8307608486 190060056
351 3 1 8369173516 193135561
351 3 2 8388129544 193188341
351 3 3 8370633152 193099490
351 3 4 8374962679 193245813
352 3 1 8432983507 193444986
352 3 2 8442345820 194804570
352 3 3 8441027356 194102774
352 3 4 8452190008 193582480
353 3 1 8697712366 197993926
353 3 2 8702831214 198842021
353 3 3 8695213945 199106737
353 3 4 8692560121 197967050
354 3 1 8571006978 197452399
354 3 2 8580570896 197759745
354 3 3 8580345570 197354217
354 3 4 8584517597 197165214
355 3 1 8669298448 198654025
355 3 2 8674604197 199597734
355 3 3 8642007312 199611475
355 3 4 8665058789 198960721
356 3 1 8746453962 202312702
356 3 2 8726534843 201631199
356 3 3 8729017461 201010747
356 3 4 8723799325 201331844
357 3 1 8895610438 203977411
357 3 2 8886344769 203865478
357 3 3 8883659224 204011553
357 3 4 8884388966 202997874
358 3 1 8868369140 204768351
358 3 2 8872263503 204804915
358 3 3 8870682548 204718993
358 3 4 8868615521 204618802
359 3 1 8961041673 313011192
359 3 2 8934123810 314230935
359 3 3 8975837894 314065039
359 3 4 8963433530 312358544
360 3 1 9021345651 209434642
360 3 2 9017341310 207952795
360 3 3 9020156964 207916256
360 3 4 9025224510 208749835
361 3 1 9121552440 208404882
361 3 2 9108939673 209097679
361 3 3 9112447458 209419938
361 3 4 9118497749 209081854
362 3 1 9220138998 211150849
362 3 2 9189553210 210850286
362 3 3 9201058320 210561174
362 3 4 9206906782 211483216
363 3 1 9263025429 212597062
363 3 2 9261340438 212149237
363 3 3 9256356446 212473597
363 3 4 9259708215 213262035
364 3 1 9339449990 215268089
364 3 2 9328825997 215222012
364 3 3 9340543532 215165745
364 3 4 9350295712 213668480
365 3 1 9400921971 216369008
365 3 2 9392662891 215338283
365 3 3 9401030455 216127892
365 3 4 9400194630 215416603
366 3 1 9494736069 217865026
366 3 2 9475180405 217521274
366 3 3 9473655346 217991508
366 3 4 9486036285 216126426
367 3 1 9583185209 220529417
367 3 2 9590553084 220451359
367 3 3 9587128260 219301153
367 3 4 9579126103 221234396
368 3 1 9652422258 221304722
368 3 2 9664596308 221214226
368 3 3 9648026414 221360184
368 3 4 9658177563 221941731
369 3 1 9710656112 223748252
369 3 2 9711224029 223491922
369 3 3 9694703743 223837535
369 3 4 9703524297 223736008
370 3 1 9869411397 224864257
370 3 2 9867229330 226003223
370 3 3 9872389509 226594590
370 3 4 9858582877 225993494
371 3 1 9861120993 227448879
371 3 2 9852923116 228079447
371 3 3 9852881849 227504422
371 3 4 9860668895 227520118
372 3 1 9979000015 231907419
372 3 2 9979209579 230472279
372 3 3 9970687098 230477015
372 3 4 9967116258 229929251
373 3 1 10019721138 230934227
373 3 2 10045405548 228257672
373 3 3 10030030558 230106245
373 3 4 10042495101 229697693
374 3 1 10019977933 355025989
374 3 2 10000329932 353594916
374 3 3 10019589181 355521048
374 3 4 10030200837 353483985
375 3 1 10088448769 236155989
375 3 2 10091070869 235517044
375 3 3 10103541640 236456379
375 3 4 10085703448 235006989
376 3 1 10159124673 364835306
376 3 2 10180095668 362819785
376 3 3 10193971861 362903722
376 3 4 10197211183 364380616
377 3 1 10251173394 239255315
377 3 2 10267763344 238537499
377 3 3 10249357348 239991564
377 3 4 10255724439 239004173
378 3 1 10339877015 241390406
378 3 2 10336395044 240750080
378 3 3 10358648308 239019957
378 3 4 10358908082 239519894
379 3 1 10441915769 244872621
379 3 2 10444024280 243388372
379 3 3 10447049879 243109894
379 3 4 10445888344 241518722
380 3 1 10517441960 242652740
380 3 2 10512123868 242028408
380 3 3 10509126772 243438591
380 3 4 10525611292 241917571
381 3 1 10602084604 246145198
381 3 2 10598015833 246054224
381 3 3 10605363215 248156042
381 3 4 10592058344 245134383
382 3 1 10661996098 246070419
382 3 2 10654333416 246830901
382 3 3 10671906875 247971071
382 3 4 10685213507 246202636
383 3 1 10767054496 251043374
383 3 2 10769506276 250272058
383 3 3 10772427879 251813995
383 3 4 10766268911 250585431
384 3 1 10822326693 252443373
384 3 2 10826663205 252754559
384 3 3 10822526151 251728487
384 3 4 10820317825 251530541
385 3 1 10963966577 255575067
385 3 2 10973760495 254704498
385 3 3 10958163051 254317350
385 3 4 10957570338 256870506
386 3 1 10990015910 255331176
386 3 2 11025590250 255521817
386 3 3 11016382460 255405184
386 3 4 11025670845 255564845
387 3 1 11111362336 257673354
387 3 2 11099768555 257032510
387 3 3 11097747264 257779513
387 3 4 11092476112 257000137
388 3 1 11202325183 258168687
388 3 2 11189038147 258441741
388 3 3 11192320747 260861756
388 3 4 11198565562 258208105
389 3 1 11302049138 261210819
389 3 2 11282842554 260854402
389 3 3 11287392991 261062994
389 3 4 11279689094 260623105
390 3 1 11340760125 262374927
390 3 2 11324949650 262749982
390 3 3 11334269649 262451886
390 3 4 11351109888 262960705
391 3 1 11810880712 269488643
391 3 2 11825488388 269729097
391 3 3 11837916894 269619584
391 3 4 11830470607 269416780
392 3 1 11530842668 269034562
392 3 2 11532184085 268310808
392 3 3 11526821720 267940930
392 3 4 11536147525 268916776
393 3 1 11598219743 267613882
393 3 2 11594242996 269072159
393 3 3 11590626625 267480368
393 3 4 11594099205 267126221
394 3 1 11717062827 272115202
394 3 2 11720532249 271546981
394 3 3 11723356179 270217165
394 3 4 11718683113 270788675
395 3 1 11770796950 272788322
395 3 2 11787901206 271836693
395 3 3 11781271335 272434914
395 3 4 11784218211 271618898
396 3 1 11903834794 273484222
396 3 2 11898752493 273398390
396 3 3 11898577132 273272426
396 3 4 11904512106 273538731
397 3 1 12155739660 279427208
397 3 2 12166178085 279774604
397 3 3 12155829730 280747791
397 3 4 12157049066 279182452
398 3 1 12091455147 278010830
398 3 2 12075731624 278858045
398 3 3 12074460888 279792282
398 3 4 12073454647 278232673
399 3 1 12164860384 280722688
399 3 2 12185743897 279703149
399 3 3 12184037674 281222986
399 3 4 12173154704 279750960
400 3 1 12248339194 283186271
400 3 2 12240451190 283418894
400 3 3 12243090663 283466437
400 3 4 12235758645 283267761
