1 2 1 303616 39831
1 2 2 15370 7841
1 2 3 10680 6520
1 2 4 10480 6270
1 2 5 10150 6060
2 2 1 24211 8460
2 2 2 19981 6730
2 2 3 19201 6560
2 2 4 18581 6340
2 2 5 19211 6250
3 2 1 34181 6780
3 2 2 31140 6480
3 2 3 30350 6400
3 2 4 30291 6320
3 2 5 30301 6390
4 2 1 47511 6860
4 2 2 46881 6350
4 2 3 46091 6280
4 2 4 45691 6040
4 2 5 46991 6320
5 2 1 75961 7420
5 2 2 71651 6950
5 2 3 66951 6341
5 2 4 65571 6410
5 2 5 66251 6450
6 2 1 98041 7470
6 2 2 91832 6540
6 2 3 90022 6510
6 2 4 89331 6560
6 2 5 89802 6710
7 2 1 124893 7710
7 2 2 123283 7040
7 2 3 117803 6800
7 2 4 118812 6840
7 2 5 117692 6740
8 2 1 164563 7840
8 2 2 152923 6950
8 2 3 168183 7190
8 2 4 153693 6860
8 2 5 152923 6891
9 2 1 191724 7600
9 2 2 190684 7130
9 2 3 188873 7040
9 2 4 192543 6860
9 2 5 191203 6830
10 2 1 236035 7560
10 2 2 243815 7480
10 2 3 234765 7010
10 2 4 235445 7110
10 2 5 229544 7190
11 2 1 322346 9200
11 2 2 285025 7980
11 2 3 289705 22311
11 2 4 289575 7990
11 2 5 282155 7361
12 2 1 337826 8210
12 2 2 339016 7500
12 2 3 335626 7541
12 2 4 371757 7280
12 2 5 352137 7980
13 2 1 396637 8601
13 2 2 390917 7730
13 2 3 386977 7690
13 2 4 431389 8380
13 2 5 391988 7450
14 2 1 440778 7860
14 2 2 392947 6950
14 2 3 397988 6950
14 2 4 389267 6940
14 2 5 390758 7050
15 2 1 475718 8080
15 2 2 469469 7650
15 2 3 473778 7900
15 2 4 467919 8390
15 2 5 549451 4070
16 2 1 245815 3810
16 2 2 239754 3410
16 2 3 241474 3530
16 2 4 238845 3380
16 2 5 242005 3390
17 2 1 273005 4060
17 2 2 273035 3600
17 2 3 267305 3570
17 2 4 268415 3510
17 2 5 276076 3880
18 2 1 301276 3970
18 2 2 301136 3740
18 2 3 301906 3650
18 2 4 298406 3660
18 2 5 301476 3670
19 2 1 337297 4290
19 2 2 336296 3810
19 2 3 332886 3760
19 2 4 337247 3790
19 2 5 332826 3740
20 2 1 381547 4670
20 2 2 364847 3960
20 2 3 366607 3930
20 2 4 371497 3850
20 2 5 371837 3870
21 2 1 433038 4590
21 2 2 420548 4120
21 2 3 414958 4120
21 2 4 416838 4140
21 2 5 414477 4021
22 2 1 466429 5010
22 2 2 455668 4411
22 2 3 452308 4420
22 2 4 455929 4390
22 2 5 456679 4290
23 2 1 491559 4820
23 2 2 498249 4550
23 2 3 491839 4480
23 2 4 531470 4830
23 2 5 492709 4470
24 2 1 542220 5180
24 2 2 531380 4710
24 2 3 537720 4640
24 2 4 530700 4741
24 2 5 540570 4680
25 2 1 592331 5440
25 2 2 579281 4890
25 2 3 583121 4850
25 2 4 585641 4940
25 2 5 578181 4890
26 2 1 627611 5480
26 2 2 625311 5070
26 2 3 636832 5380
26 2 4 622962 5220
26 2 5 622322 5100
27 2 1 674323 5660
27 2 2 680943 5281
27 2 3 666982 5300
27 2 4 680142 5520
27 2 5 671202 5320
28 2 1 745734 6240
28 2 2 725803 5870
28 2 3 735583 5860
28 2 4 753034 6200
28 2 5 728183 5970
29 2 1 779894 6521
29 2 2 784324 6191
29 2 3 776014 6230
29 2 4 794955 6290
29 2 5 783485 6170
30 2 1 883186 6650
30 2 2 868776 6340
30 2 3 866527 6340
30 2 4 857586 6530
30 2 5 962198 7500
31 2 1 1081041 8720
31 2 2 1111021 9561
31 2 3 944887 6620
31 2 4 906627 6660
31 2 5 906717 6540
32 2 1 972248 7040
32 2 2 988539 7140
32 2 3 965698 6801
32 2 4 961498 6860
32 2 5 964668 6800
33 2 1 1028979 7450
33 2 2 1020919 7030
33 2 3 1029849 7070
33 2 4 1033399 7250
33 2 5 1022239 6980
34 2 1 1090091 7650
34 2 2 1086511 7250
34 2 3 1102291 7480
34 2 4 1082971 7240
34 2 5 1092871 7240
35 2 1 1152562 7780
35 2 2 1171582 7701
35 2 3 1145161 7530
35 2 4 1147682 7540
35 2 5 1154272 7650
36 2 1 1218423 7910
36 2 2 1209963 7720
36 2 3 1223623 8050
36 2 4 1201542 7700
36 2 5 1215413 7770
37 2 1 1275203 8561
37 2 2 1293184 7970
37 2 3 1272284 8040
37 2 4 1281014 8210
37 2 5 1277194 7950
38 2 1 1344895 8600
38 2 2 1359355 8470
38 2 3 1354065 8360
38 2 4 1336445 8190
38 2 5 1351835 8460
39 2 1 1611141 10590
39 2 2 1655912 8520
39 2 3 1413766 8680
39 2 4 1418246 8551
39 2 5 1403906 8540
40 2 1 1510818 9300
40 2 2 1491429 8840
40 2 3 1501278 9121
40 2 4 1480698 9050
40 2 5 1503228 8820
41 2 1 1630521 9660
41 2 2 1666151 9220
41 2 3 1648270 9590
41 2 4 1642731 9340
41 2 5 1627411 9370
42 2 1 1743513 10060
42 2 2 1708162 9690
42 2 3 1731342 9701
42 2 4 1697411 9561
42 2 5 1713472 9690
43 2 1 1778254 10090
43 2 2 1813394 10060
43 2 3 1785543 9870
43 2 4 1799133 9910
43 2 5 1811184 10000
44 2 1 1869875 10040
44 2 2 1889185 10300
44 2 3 1896246 10230
44 2 4 1927776 13210
44 2 5 2193851 10180
45 2 1 1956357 10970
45 2 2 1960277 10480
45 2 3 1988827 10750
45 2 4 1976207 10430
45 2 5 1957867 10550
46 2 1 2054069 10920
46 2 2 2051978 10881
46 2 3 2062409 10940
46 2 4 2037038 10760
46 2 5 2055128 10950
47 2 1 2136810 11310
47 2 2 2154981 11330
47 2 3 2125450 11040
47 2 4 2144400 11260
47 2 5 2124809 11091
48 2 1 2233202 11751
48 2 2 2206152 11380
48 2 3 2220951 11640
48 2 4 2224311 11510
48 2 5 2233312 11461
49 2 1 2555629 14360
49 2 2 2477236 11770
49 2 3 2306623 11901
49 2 4 2342424 11990
49 2 5 2302903 11681
50 2 1 2400745 12420
50 2 2 2383955 12150
50 2 3 2415165 12260
50 2 4 2404365 12171
50 2 5 2398045 12060
51 2 1 2489676 12820
51 2 2 2529167 12601
51 2 3 2476837 12460
51 2 4 2496507 12590
51 2 5 2503807 12540
52 2 1 2586048 13110
52 2 2 2567709 12900
52 2 3 2577988 12801
52 2 4 2581758 12961
52 2 5 2818823 15451
53 2 1 2819994 13470
53 2 2 2697370 13180
53 2 3 2677930 13270
53 2 4 2699750 13310
53 2 5 2680260 13140
54 2 1 2780512 13950
54 2 2 2784072 13740
54 2 3 2802423 13470
54 2 4 2789822 13681
54 2 5 2787952 13670
55 2 1 2868763 14251
55 2 2 2908175 13970
55 2 3 2883574 14090
55 2 4 2894314 14050
55 2 5 2881844 13960
56 2 1 3134899 17240
56 2 2 3274791 14410
56 2 3 2982826 14640
56 2 4 2978846 14481
56 2 5 2987266 14170
57 2 1 3091697 15120
57 2 2 3119459 14911
57 2 3 3098648 14781
57 2 4 3122959 14830
57 2 5 3091148 14620
58 2 1 3388454 15601
58 2 2 3311712 14850
58 2 3 3364683 15220
58 2 4 3323922 15180
58 2 5 3334172 15280
59 2 1 3645848 18871
59 2 2 3570247 15601
59 2 3 3425864 15431
59 2 4 3449975 15670
59 2 5 3433894 15550
60 2 1 3579987 16240
60 2 2 3525276 16031
60 2 3 3572077 15960
60 2 4 3540776 16020
60 2 5 3585308 16030
61 2 1 3645949 16600
61 2 2 3683669 16390
61 2 3 3663939 16401
61 2 4 3942954 19670
61 2 5 3846823 16720
62 2 1 3786832 16920
62 2 2 3777340 16890
62 2 3 3838352 16851
62 2 4 3764001 16781
62 2 5 3797710 16870
63 2 1 3868003 17380
63 2 2 3933004 17250
63 2 3 3880423 17171
63 2 4 3905084 17150
63 2 5 3862252 17131
64 2 1 4358692 21561
64 2 2 4087186 18000
64 2 3 4014586 17970
64 2 4 4011956 17950
64 2 5 4037985 18091
65 2 1 4103637 18411
65 2 2 4119207 18291
65 2 3 4140047 18230
65 2 4 4143448 18211
65 2 5 4111487 18171
66 2 1 4246230 18861
66 2 2 4257200 18721
66 2 3 4752459 18620
66 2 4 4211209 18690
66 2 5 4263130 18671
67 2 1 4358672 19231
67 2 2 4392982 18990
67 2 3 4344201 19050
67 2 4 4393162 19090
67 2 5 4340512 19091
68 2 1 4493944 19691
68 2 2 4465974 19471
68 2 3 4916632 23301
68 2 4 4568025 19561
68 2 5 4520985 19490
69 2 1 4608796 20221
69 2 2 4623607 20061
69 2 3 4592236 20041
69 2 4 4621957 20000
69 2 5 4604126 19980
70 2 1 4726579 20630
70 2 2 4728769 21030
70 2 3 5208128 20461
70 2 4 4734690 20560
70 2 5 4763979 20451
71 2 1 4900712 21180
71 2 2 4894522 20911
71 2 3 4854632 21031
71 2 4 5090674 21030
71 2 5 4845031 21011
72 2 1 5056225 21740
72 2 2 4998764 21510
72 2 3 5390650 21390
72 2 4 4970824 21490
72 2 5 5025424 21501
73 2 1 5135736 22090
73 2 2 5111595 21900
73 2 3 5102916 21991
73 2 4 5155336 21941
73 2 5 5126947 21930
74 2 1 5274999 22491
74 2 2 5671326 22540
74 2 3 5274619 22480
74 2 4 5237228 22491
74 2 5 5279739 22491
75 2 1 5385791 23050
75 2 2 5435222 22940
75 2 3 5540834 23021
75 2 4 5392912 23060
75 2 5 5523793 27430
76 2 1 5822679 23670
76 2 2 5608825 23810
76 2 3 5543784 23480
76 2 4 5734467 23540
76 2 5 5569115 23401
77 2 1 5674296 24181
77 2 2 5697047 24021
77 2 3 5662787 23870
77 2 4 6155065 23941
77 2 5 5643626 23861
78 2 1 5852529 24620
78 2 2 5832959 24590
78 2 3 5889041 24491
78 2 4 5791809 24351
78 2 5 5864200 24521
79 2 1 5983742 30171
79 2 2 6400860 25070
79 2 3 5947252 24971
79 2 4 5958182 25030
79 2 5 5912031 25011
80 2 1 6323168 25881
80 2 2 6496072 25970
80 2 3 6155185 25561
80 2 4 6526273 25500
80 2 5 6162255 25541
81 2 1 6249997 26341
81 2 2 6298038 26160
81 2 3 6269647 26240
81 2 4 6335078 26220
81 2 5 6261668 26130
82 2 1 6907000 32341
82 2 2 7075282 26561
82 2 3 6746847 26780
82 2 4 6670655 26701
82 2 5 6731496 26690
83 2 1 6811328 27540
83 2 2 6925350 27331
83 2 3 7071633 32620
83 2 4 7009392 27460
83 2 5 6872369 27351
84 2 1 7043492 28220
84 2 2 6974351 27880
84 2 3 7044032 27870
84 2 4 7009991 27801
84 2 5 7582252 33201
85 2 1 7533461 28661
85 2 2 7172905 28371
85 2 3 7144744 28500
85 2 4 7202605 28370
85 2 5 7142883 28490
86 2 1 7535281 34911
86 2 2 7598493 29050
86 2 3 7371588 28991
86 2 4 7340058 29020
86 2 5 7342757 28981
87 2 1 7480691 29830
87 2 2 7519201 29711
87 2 3 7836847 29661
87 2 4 7510591 29691
87 2 5 7458819 29610
88 2 1 7699155 30511
88 2 2 7585722 30170
88 2 3 7651043 30101
88 2 4 7601423 30321
88 2 5 7691054 30331
89 2 1 7747805 31031
89 2 2 7829167 30891
89 2 3 7796597 30861
89 2 4 7852307 30890
89 2 5 8266825 30950
90 2 1 7978789 31930
90 2 2 7948199 31621
90 2 3 8022000 31691
90 2 4 7927909 31690
90 2 5 7975639 31630
91 2 1 8597891 32381
91 2 2 8227844 32831
91 2 3 8094413 32241
91 2 4 8137803 32091
91 2 5 8094312 32061
92 2 1 8778554 32891
92 2 2 8234364 32811
92 2 3 8324257 32741
92 2 4 8273816 32671
92 2 5 8350877 32731
93 2 1 8435178 33511
93 2 2 8953158 33231
93 2 3 8407677 33311
93 2 4 8466419 33351
93 2 5 8428808 33191
94 2 1 8675493 34171
94 2 2 8777034 40441
94 2 3 8987148 34120
94 2 4 8586861 33911
94 2 5 8652872 33991
95 2 1 8792064 34800
95 2 2 8827166 34601
95 2 3 9254423 34480
95 2 4 8841146 34581
95 2 5 8770284 34590
96 2 1 9041240 36021
96 2 2 8933707 35771
96 2 3 9442607 35631
96 2 4 8953379 35691
96 2 5 9045630 35711
97 2 1 9148461 36161
97 2 2 9184822 35941
97 2 3 9596710 35901
97 2 4 9245683 35981
97 2 5 9143801 36011
98 2 1 9338755 36911
98 2 2 9272213 36631
98 2 3 9721622 36641
98 2 4 9308015 36731
98 2 5 9368706 36681
99 2 1 9497728 37540
99 2 2 9544519 37351
99 2 3 9888725 37370
99 2 4 9516459 37371
99 2 5 9473017 37191
100 2 1 9678152 38301
100 2 2 9661721 37921
100 2 3 10099689 37861
100 2 4 9658681 37951
100 2 5 9760713 37941
101 2 1 9882035 38821
101 2 2 9958107 38941
101 2 3 10274432 38550
101 2 4 9922356 38611
101 2 5 9838324 38621
102 2 1 10019767 39621
102 2 2 10417466 39271
102 2 3 10130810 39341
102 2 4 10047078 39471
102 2 5 10106289 39290
103 2 1 10230822 40260
103 2 2 10840513 39911
103 2 3 10243172 40071
103 2 4 10272033 39961
103 2 5 10211981 39811
104 2 1 10875744 41241
104 2 2 10438825 40690
104 2 3 10475017 40551
104 2 4 10371384 40620
104 2 5 10514687 48341
105 2 1 10931525 41591
105 2 2 10644739 41431
105 2 3 10629170 41511
105 2 4 10676270 41430
105 2 5 11082707 41370
106 2 1 10890114 42441
106 2 2 10850533 42180
106 2 3 10861094 42051
106 2 4 10932265 50230
106 2 5 11043867 42251
107 2 1 11013697 43511
107 2 2 11060307 42941
107 2 3 10929855 42851
107 2 4 11462215 42831
107 2 5 11007896 42951
108 2 1 11282922 43771
108 2 2 11170490 43601
108 2 3 11696669 43681
108 2 4 11174749 43621
108 2 5 11223140 43891
109 2 1 11348952 44601
109 2 2 11819341 44301
109 2 3 11341182 44371
109 2 4 11438524 44290
109 2 5 11428544 44251
110 2 1 11977775 45290
110 2 2 11565827 45641
110 2 3 11673239 45031
110 2 4 11547707 45201
110 2 5 12073056 45251
111 2 1 11733690 46251
111 2 2 11860892 45911
111 2 3 11696198 46251
111 2 4 12297400 45891
111 2 5 11785371 46211
112 2 1 12094177 46801
112 2 2 11598967 46251
112 2 3 11750751 46061
112 2 4 11512106 46070
112 2 5 11399093 46031
113 2 1 11569827 47181
113 2 2 12025816 47121
113 2 3 11573327 46871
113 2 4 11632348 47121
113 2 5 11597778 46770
114 2 1 12126196 48201
114 2 2 11802771 47611
114 2 3 11746370 47651
114 2 4 11826902 47611
114 2 5 12239769 47571
115 2 1 12533675 49331
115 2 2 12602035 48771
115 2 3 12313481 48391
115 2 4 12842241 48391
115 2 5 12358542 48331
116 2 1 12530494 49561
116 2 2 12489165 49081
116 2 3 13018875 49281
116 2 4 12501345 49251
116 2 5 12482524 49201
117 2 1 13182068 50761
117 2 2 12738139 50161
117 2 3 12757789 50341
117 2 4 12717718 50331
117 2 5 13282069 50341
118 2 1 12929612 51161
118 2 2 12930993 50921
118 2 3 12948713 50781
118 2 4 13371411 50871
118 2 5 12883551 50881
119 2 1 13144327 52031
119 2 2 13504123 51621
119 2 3 13095256 51681
119 2 4 13179107 51661
119 2 5 13185867 51661
120 2 1 13759567 52811
120 2 2 13279099 52761
120 2 3 13407161 52381
120 2 4 13826269 52291
120 2 5 13359440 52411
121 2 1 13592545 53981
121 2 2 13643255 53691
121 2 3 14006853 53361
121 2 4 13635096 53291
121 2 5 13547603 53341
122 2 1 14251978 54701
122 2 2 13862160 54551
122 2 3 13738947 54251
122 2 4 13702527 54471
122 2 5 14198525 54261
123 2 1 14038593 55621
123 2 2 14015203 55071
123 2 3 14360719 55041
123 2 4 14105104 63181
123 2 5 13990023 55171
124 2 1 14720635 56481
124 2 2 14203416 55831
124 2 3 14283288 55832
124 2 4 14249497 55931
124 2 5 14313279 55831
125 2 1 14436080 57161
125 2 2 14486042 56731
125 2 3 14873168 56681
125 2 4 14451881 56801
125 2 5 14450492 56691
126 2 1 15113803 57951
126 2 2 14653956 57581
126 2 3 14699845 57681
126 2 4 15146994 57621
126 2 5 14694925 57471
127 2 1 14856089 58782
127 2 2 15134314 69622
127 2 3 14998761 58671
127 2 4 14942041 58351
127 2 5 14884758 58321
128 2 1 15590892 60591
128 2 2 15082832 59941
128 2 3 15127634 59921
128 2 4 15540871 60452
128 2 5 15255476 60151
129 2 1 15338397 60391
129 2 2 15830817 59931
129 2 3 15344377 59961
129 2 4 15357268 59921
129 2 5 15848357 59932
130 2 1 15646444 61291
130 2 2 15585502 60801
130 2 3 15872338 60841
130 2 4 15528521 60842
130 2 5 15699134 61331
131 2 1 16275494 62161
131 2 2 16381998 61672
131 2 3 15816586 61631
131 2 4 16278635 62451
131 2 5 15818117 61701
132 2 1 16067861 63071
132 2 2 16647292 62851
132 2 3 16162413 62641
132 2 4 16059561 62561
132 2 5 16523940 62581
133 2 1 16302146 63841
133 2 2 16453929 83792
133 2 3 16551720 63522
133 2 4 16327386 63591
133 2 5 16634382 63602
134 2 1 16711873 64861
134 2 2 16469769 64851
134 2 3 17058210 64702
134 2 4 16574211 64382
134 2 5 16537040 64862
135 2 1 17225493 65931
135 2 2 16852166 65611
135 2 3 16800816 65392
135 2 4 17295424 65352
135 2 5 16791714 65361
136 2 1 17043709 66721
136 2 2 17405435 66261
136 2 3 17016928 66191
136 2 4 17524229 66371
136 2 5 17091860 66701
137 2 1 17288564 67661
137 2 2 17939407 67111
137 2 3 17267324 67402
137 2 4 17276403 67191
137 2 5 17774163 67191
138 2 1 17503408 68771
138 2 2 17696292 81131
138 2 3 17769173 68151
138 2 4 17501519 68151
138 2 5 18008227 68081
139 2 1 17813763 69471
139 2 2 17751923 68971
139 2 3 18256672 69001
139 2 4 17677181 68891
139 2 5 18127210 76242
140 2 1 18123740 70611
140 2 2 17832614 69811
140 2 3 18654680 69931
140 2 4 17999328 69982
140 2 5 18029488 69991
141 2 1 18743811 71331
141 2 2 18243102 70841
141 2 3 18689580 70971
141 2 4 18367984 70962
141 2 5 18186251 71041
142 2 1 19023727 72361
142 2 2 18404525 71861
142 2 3 19010187 71972
142 2 4 18484666 72011
142 2 5 18498848 71942
143 2 1 19202000 73741
143 2 2 18809833 72612
143 2 3 19190339 72931
143 2 4 19006306 73042
143 2 5 18688430 72841
144 2 1 19438454 74301
144 2 2 18974836 73781
144 2 3 19577937 73761
144 2 4 19016407 74011
144 2 5 19008416 73752
145 2 1 19706879 75222
145 2 2 19376013 74731
145 2 3 19661029 75382
145 2 4 19234540 74812
145 2 5 19255931 75121
146 2 1 20023076 76572
146 2 2 22654405 107452
146 2 3 20173538 75792
146 2 4 19547326 75861
146 2 5 20060486 75761
147 2 1 19772540 77212
147 2 2 19780661 77032
147 2 3 20304111 76872
147 2 4 19693429 76821
147 2 5 19799981 76652
148 2 1 20168128 78401
148 2 2 20392702 77922
148 2 3 20264560 77831
148 2 4 20028956 77662
148 2 5 20524204 77951
149 2 1 20412353 79352
149 2 2 20610586 78782
149 2 3 20336281 78881
149 2 4 20897192 78761
149 2 5 20286021 78722
150 2 1 20790130 89422
150 2 2 20820290 79871
150 2 3 20541355 79802
150 2 4 20987793 79872
150 2 5 20599136 79881
151 2 1 21291190 81652
151 2 2 20953233 80991
151 2 3 21037995 80762
151 2 4 21130046 81202
151 2 5 20848320 81032
152 2 1 21636276 82361
152 2 2 21100626 81972
152 2 3 21460092 81932
152 2 4 21109335 82181
152 2 5 21612476 81922
153 2 1 21407171 83381
153 2 2 22103563 83272
153 2 3 21273379 82871
153 2 4 21711047 82892
153 2 5 21433562 83182
154 2 1 21698917 84141
154 2 2 22072964 83912
154 2 3 21693467 83792
154 2 4 22554363 83971
154 2 5 21878600 83861
155 2 1 22457211 85761
155 2 2 21920051 84952
155 2 3 22434581 85022
155 2 4 21868410 84952
155 2 5 22528072 85161
156 2 1 22241277 86712
156 2 2 22537582 94422
156 2 3 22424090 86112
156 2 4 22570733 86042
156 2 5 22051874 85952
157 2 1 22777476 104492
157 2 2 22599174 87192
157 2 3 22627984 91051
157 2 4 23057282 87111
157 2 5 22354959 87201
158 2 1 23399008 88622
158 2 2 22888908 88602
158 2 3 23185425 88152
158 2 4 22670625 88181
158 2 5 23150633 88222
159 2 1 23004451 89602
159 2 2 23687774 89242
159 2 3 23150054 96712
159 2 4 23661354 89031
159 2 5 23006730 89522
160 2 1 23802206 92212
160 2 2 23435849 91652
160 2 3 23863697 91701
160 2 4 23401688 91572
160 2 5 23945559 91702
161 2 1 23640713 91802
161 2 2 24293135 91272
161 2 3 23545642 91782
161 2 4 23981119 91732
161 2 5 23590302 91362
162 2 1 24336347 92881
162 2 2 23854736 92452
162 2 3 24383178 92442
162 2 4 23875618 92822
162 2 5 24455608 92432
163 2 1 25049779 94612
163 2 2 25691722 93842
163 2 3 25021498 112123
163 2 4 24898947 93591
163 2 5 25313224 93641
164 2 1 25171262 95102
164 2 2 25722932 95101
164 2 3 25330024 94732
164 2 4 25516519 95591
164 2 5 24911396 94612
165 2 1 25855636 95991
165 2 2 25444246 95882
165 2 3 25326515 95772
165 2 4 25383295 95972
165 2 5 25890806 95851
166 2 1 26055678 116052
166 2 2 26067399 97402
166 2 3 25981367 97052
166 2 4 25720743 96852
166 2 5 26226761 96822
167 2 1 26027028 98512
167 2 2 26444116 97902
167 2 3 26014187 98282
167 2 4 26682291 98162
167 2 5 25840674 98122
168 2 1 26783443 99421
168 2 2 26686319 99382
168 2 3 26297383 99102
168 2 4 26835393 99302
168 2 5 26392835 99152
169 2 1 26980766 101132
169 2 2 26782832 100362
169 2 3 27071478 100292
169 2 4 26883373 100392
169 2 5 26644210 100452
170 2 1 27344742 102112
170 2 2 26903003 101602
170 2 3 27399154 102082
170 2 4 27311341 101872
170 2 5 27300682 101442
171 2 1 27533855 103312
171 2 2 27155469 102592
171 2 3 27616027 102662
171 2 4 27183190 103102
171 2 5 27547417 102712
172 2 1 27689519 110392
172 2 2 27944094 103832
172 2 3 28316861 103782
172 2 4 27507665 103832
172 2 5 27944204 103932
173 2 1 27807201 105512
173 2 2 28084886 105302
173 2 3 28289190 105312
173 2 4 27882823 105182
173 2 5 28220379 104902
174 2 1 28344661 106532
174 2 2 28610306 106152
174 2 3 28488585 106322
174 2 4 28005345 106302
174 2 5 28701888 106252
175 2 1 28423273 107552
175 2 2 29064524 107292
175 2 3 28881522 108532
175 2 4 28495044 107302
175 2 5 28890102 107172
176 2 1 28727959 109032
176 2 2 29212368 108552
176 2 3 29174617 108513
176 2 4 28673957 108712
176 2 5 29320060 108482
177 2 1 29247558 131542
177 2 2 29448432 109762
177 2 3 29583544 109602
177 2 4 29085765 109702
177 2 5 31360207 130883
178 2 1 30677816 111732
178 2 2 29367090 111062
178 2 3 29918071 111152
178 2 4 29725807 111052
178 2 5 29628325 111822
179 2 1 30127264 112662
179 2 2 29728947 112352
179 2 3 30093634 112093
179 2 4 29674076 112263
179 2 5 29610795 112322
180 2 1 30460261 113802
180 2 2 30450051 113243
180 2 3 30330928 114112
180 2 4 30435240 113232
180 2 5 30486081 113622
181 2 1 30275728 114842
181 2 2 30921500 114633
181 2 3 30440620 136812
181 2 4 30758067 114422
181 2 5 30805098 114622
182 2 1 30908939 116142
182 2 2 31225295 115683
182 2 3 31185814 115863
182 2 4 30665364 115692
182 2 5 31070972 115783
183 2 1 31923908 117452
183 2 2 31107703 118073
183 2 3 31391308 117032
183 2 4 31676363 117162
183 2 5 30972930 117002
184 2 1 31806706 119063
184 2 2 32202013 118662
184 2 3 31281826 118923
184 2 4 31784536 119082
184 2 5 31818706 118682
185 2 1 31578572 120092
185 2 2 32282586 119642
185 2 3 32251685 126792
185 2 4 31563192 119783
185 2 5 31934858 119793
186 2 1 32474809 121062
186 2 2 32112092 144132
186 2 3 32339787 120572
186 2 4 32540190 120972
186 2 5 32709293 121022
187 2 1 32368966 122862
187 2 2 32779515 121962
187 2 3 32797865 122082
187 2 4 32181343 122522
187 2 5 32700882 122182
188 2 1 33112870 124073
188 2 2 32618971 123412
188 2 3 33364426 123462
188 2 4 33093791 123402
188 2 5 32622592 123612
189 2 1 33467287 125303
189 2 2 33306144 124352
189 2 3 33539709 124753
189 2 4 33110471 124952
189 2 5 33145121 124912
190 2 1 34191381 126203
190 2 2 33299404 133793
190 2 3 33679151 125953
190 2 4 33690051 126173
190 2 5 33623840 125872
191 2 1 33611440 127682
191 2 2 34823893 126943
191 2 3 34067178 126983
191 2 4 33932586 126972
191 2 5 34202821 127153
192 2 1 33844864 130522
192 2 2 34534338 130752
192 2 3 34068038 130152
192 2 4 34451416 130172
192 2 5 34567668 130232
193 2 1 34479886 155143
193 2 2 34714540 129842
193 2 3 34759591 129662
193 2 4 34727431 129653
193 2 5 34358664 129772
194 2 1 35072318 131442
194 2 2 35122279 131132
194 2 3 35182019 131243
194 2 4 34828603 131342
194 2 5 35369243 130943
195 2 1 35281892 140383
195 2 2 35139998 132313
195 2 3 35167329 133282
195 2 4 35422664 132302
195 2 5 35676679 132482
196 2 1 35814601 134392
196 2 2 35309191 133843
196 2 3 35991275 134173
196 2 4 35836882 133812
196 2 5 35898182 133892
197 2 1 35781640 135402
197 2 2 36207138 135663
197 2 3 36265769 135162
197 2 4 36304221 134882
197 2 5 35666039 135152
198 2 1 36904522 136683
198 2 2 36696807 136422
198 2 3 36578986 136503
198 2 4 36492883 136732
198 2 5 36113018 137102
199 2 1 36784849 138223
199 2 2 37048064 137912
199 2 3 36869712 137843
199 2 4 36663227 137733
199 2 5 36772670 138043
200 2 1 37188657 139602
200 2 2 36882481 139552
200 2 3 37272878 139333
200 2 4 36811180 139003
200 2 5 37360090 139483
1 3 1 6240 2840
1 3 2 4680 2480
1 3 3 4510 2470
1 3 4 4570 2500
1 3 5 4540 2420
2 3 1 13890 2730
2 3 2 13491 2530
2 3 3 13190 2540
2 3 4 13101 2550
2 3 5 13010 2480
3 3 1 37270 2920
3 3 2 37830 2650
3 3 3 36410 2620
3 3 4 35881 2600
3 3 5 36831 2600
4 3 1 79431 3100
4 3 2 89122 3020
4 3 3 80622 2840
4 3 4 81392 2780
4 3 5 79661 2800
5 3 1 156753 3510
5 3 2 156353 3140
5 3 3 155293 3090
5 3 4 154513 3040
5 3 5 155922 2970
6 3 1 273975 3810
6 3 2 270275 3481
6 3 3 268215 3560
6 3 4 271795 3570
6 3 5 267095 3540
7 3 1 431658 4360
7 3 2 430818 4110
7 3 3 430788 4130
7 3 4 429258 4340
7 3 5 429348 4170
8 3 1 626692 5240
8 3 2 632062 4960
8 3 3 628122 4910
8 3 4 629932 4831
8 3 5 629102 5160
9 3 1 909777 6171
9 3 2 906037 5930
9 3 3 905977 5970
9 3 4 917068 5890
9 3 5 925207 6140
10 3 1 1229463 7510
10 3 2 1225013 7200
10 3 3 1373596 8930
10 3 4 1486448 8630
10 3 5 1300825 7220
11 3 1 1655201 9331
11 3 2 1677441 8780
11 3 3 1643241 8980
11 3 4 1670721 8881
11 3 5 1654160 8770
12 3 1 2127810 11121
12 3 2 2159360 10930
12 3 3 2127819 10650
12 3 4 2134380 10670
12 3 5 2159731 10640
13 3 1 2686100 13301
13 3 2 2723751 12960
13 3 3 2682600 12650
13 3 4 2683650 12931
13 3 5 2732091 12911
14 3 1 3350752 16471
14 3 2 3335223 16280
14 3 3 3415274 16330
14 3 4 3705209 16290
14 3 5 3406204 16330
15 3 1 4110367 18961
15 3 2 4121137 18360
15 3 3 4135518 18341
15 3 4 4107946 18370
15 3 5 4079107 18490
16 3 1 5041615 22110
16 3 2 4956963 21770
16 3 3 5018734 21920
16 3 4 4958003 21780
16 3 5 5410662 21681
17 3 1 5987622 27320
17 3 2 5957662 26691
17 3 3 5893410 26611
17 3 4 6010802 26571
17 3 5 5931222 26660
18 3 1 7282566 31461
18 3 2 7712784 31460
18 3 3 7168855 31070
18 3 4 7251836 31251
18 3 5 7177824 31260
19 3 1 8373957 36681
19 3 2 8534790 36590
19 3 3 8885606 36431
19 3 4 8557720 36410
19 3 5 8400067 36431
20 3 1 9772233 42391
20 3 2 10109869 42020
20 3 3 10237261 43571
20 3 4 9703202 41741
20 3 5 9853685 41961
21 3 1 11269042 48381
21 3 2 11443505 48021
21 3 3 11739370 48021
21 3 4 11271781 47981
21 3 5 11400754 47961
22 3 1 13199437 54931
22 3 2 13528403 54481
22 3 3 13319150 54611
22 3 4 13229578 54591
22 3 5 13404172 54551
23 3 1 15014962 62131
23 3 2 14991931 61991
23 3 3 15675224 62022
23 3 4 15002931 62002
23 3 5 15024651 61921
24 3 1 17812824 70381
24 3 2 17009499 70621
24 3 3 17169281 70131
24 3 4 17444597 70082
24 3 5 17026620 70061
25 3 1 19453044 78631
25 3 2 19787951 78451
25 3 3 19198530 78731
25 3 4 19843102 78451
25 3 5 19120449 78312
26 3 1 22095175 124073
26 3 2 21485413 87522
26 3 3 21503293 87642
26 3 4 21803928 87541
26 3 5 21828089 87512
27 3 1 24982168 97991
27 3 2 24613401 97592
27 3 3 24968508 97401
27 3 4 24933647 97652
27 3 5 25181012 97631
28 3 1 27710629 108522
28 3 2 27214590 108842
28 3 3 28097387 108262
28 3 4 27338482 118322
28 3 5 27807560 116102
29 3 1 30642844 120582
29 3 2 30747716 119962
29 3 3 30609494 119952
29 3 4 30440221 143292
29 3 5 30282528 120032
30 3 1 34219661 132963
30 3 2 33626701 132612
30 3 3 33295105 132323
30 3 4 33680160 132483
30 3 5 34386645 132382
31 3 1 36642977 146812
31 3 2 37212017 145723
31 3 3 36927802 145563
31 3 4 37527883 145983
31 3 5 37217488 145933
32 3 1 40161553 160313
32 3 2 40528290 160103
32 3 3 41281214 160143
32 3 4 40674653 160323
32 3 5 40641191 159803
33 3 1 45049005 175534
33 3 2 47023860 175933
33 3 3 46203017 175504
33 3 4 46293538 175743
33 3 5 46216016 175564
34 3 1 51684519 192554
34 3 2 50657339 191223
34 3 3 49998507 190863
34 3 4 49641900 196624
34 3 5 50301313 191414
35 3 1 57573300 249195
35 3 2 55419299 207364
35 3 3 53792958 207574
35 3 4 54867118 207904
35 3 5 54220316 215255
36 3 1 58712590 225554
36 3 2 58654710 225704
36 3 3 59954404 225454
36 3 4 58562647 225374
36 3 5 58568088 233994
37 3 1 63777085 251524
37 3 2 64228524 244845
37 3 3 63525431 244395
37 3 4 63925988 244724
37 3 5 63372788 244175
38 3 1 69412941 264185
38 3 2 68642046 264815
38 3 3 68553865 264335
38 3 4 68818640 264005
38 3 5 69530013 263645
39 3 1 74255512 286076
39 3 2 73672601 292236
39 3 3 74145180 285465
39 3 4 74722330 350187
39 3 5 73864424 292455
40 3 1 80111462 307526
40 3 2 79334067 307016
40 3 3 81026419 307036
40 3 4 79556141 307386
40 3 5 79188424 307216
41 3 1 85517333 330996
41 3 2 86512741 330626
41 3 3 85899490 330556
41 3 4 85648585 330746
41 3 5 85551694 343936
42 3 1 93913671 357367
42 3 2 94971880 455558
42 3 3 94943080 359596
42 3 4 94810847 358877
42 3 5 96411707 357877
43 3 1 102354158 386057
43 3 2 102714065 383917
43 3 3 101410861 383047
43 3 4 103348697 382847
43 3 5 101652955 384087
44 3 1 109641804 412278
44 3 2 108218398 411037
44 3 3 109631975 412488
44 3 4 108279209 410817
44 3 5 108434102 412368
45 3 1 115570816 442279
45 3 2 117262098 440438
45 3 3 115188679 446139
45 3 4 116333570 440158
45 3 5 115420804 439138
46 3 1 125742377 469479
46 3 2 122690780 469229
46 3 3 123048927 470139
46 3 4 123465734 470559
46 3 5 124726247 475238
47 3 1 130613509 499739
47 3 2 130939044 498720
47 3 3 130658829 594571
47 3 4 133024044 500480
47 3 5 130861662 515160
48 3 1 139938572 543220
48 3 2 139888942 539390
48 3 3 140994103 540710
48 3 4 138718280 539860
48 3 5 138843643 538930
49 3 1 147335272 567620
49 3 2 149828918 568761
49 3 3 147204879 568090
49 3 4 147093557 568681
49 3 5 147305780 568191
50 3 1 159247195 605631
50 3 2 156767679 603402
50 3 3 157015673 610682
50 3 4 156732028 607131
50 3 5 159262064 605051
51 3 1 165228747 646612
51 3 2 165573614 646742
51 3 3 165759277 644122
51 3 4 168419617 647773
51 3 5 170445675 658903
52 3 1 175204514 683923
52 3 2 175667303 681463
52 3 3 178163100 681143
52 3 4 174682404 686563
52 3 5 175292346 685853
53 3 1 185640560 935068
53 3 2 197997871 936738
53 3 3 191108152 744054
53 3 4 191009970 1089580
53 3 5 191196813 755594
54 3 1 206576142 791715
54 3 2 203779300 777385
54 3 3 197717066 966308
54 3 4 198829686 970658
54 3 5 200560159 776615
55 3 1 208667652 828935
55 3 2 210788681 829216
55 3 3 208791293 1009818
55 3 4 213083214 829806
55 3 5 209058008 822945
56 3 1 221594094 871496
56 3 2 219756409 878677
56 3 3 223646562 869857
56 3 4 220978832 868696
56 3 5 221351359 869027
57 3 1 231490659 927587
57 3 2 236067545 913607
57 3 3 231321305 1092131
57 3 4 233256212 912667
57 3 5 232189693 914367
58 3 1 248205472 994319
58 3 2 244234718 968378
58 3 3 243596545 1068360
58 3 4 243860061 961448
58 3 5 247669462 985659
59 3 1 256452787 1019170
59 3 2 257315803 1013619
59 3 3 256249173 1206752
59 3 4 261721766 1011229
59 3 5 256345554 1015159
60 3 1 270697974 1063030
60 3 2 268319779 1278515
60 3 3 272852684 1083620
60 3 4 268845328 1066450
60 3 5 269621414 1062800
61 3 1 282045567 1139451
61 3 2 286973959 1121931
61 3 3 282120008 1126931
61 3 4 285570192 1123061
61 3 5 282819311 1129892
62 3 1 301433349 1169952
62 3 2 296314695 1171362
62 3 3 295886785 1202273
62 3 4 297066219 1177282
62 3 5 301254757 1189493
63 3 1 311982597 1226363
63 3 2 311525040 1223943
63 3 3 311138371 1232603
63 3 4 315147607 1381336
63 3 5 311177313 1234763
64 3 1 326506990 1307834
64 3 2 328388286 1298084
64 3 3 331293889 1305775
64 3 4 327535430 1310924
64 3 5 326242744 1298834
65 3 1 340470122 1361716
65 3 2 345584668 1346886
65 3 3 341593243 1352526
65 3 4 341804737 1342205
65 3 5 340735587 1353025
66 3 1 360764612 1414017
66 3 2 357798597 1423226
66 3 3 354964223 1404496
66 3 4 356832698 1405086
66 3 5 363197998 1405737
67 3 1 375980398 1472878
67 3 2 379252908 1464528
67 3 3 378532925 1479708
67 3 4 388504082 1478168
67 3 5 379731517 1468487
68 3 1 402094546 1568839
68 3 2 401189419 1548479
68 3 3 407208993 1624321
68 3 4 400638359 1535659
68 3 5 401095517 1551289
69 3 1 418907472 1600330
69 3 2 423995557 1610830
69 3 3 417714269 1610941
69 3 4 418193328 1611041
69 3 5 419033414 1609759
70 3 1 442178398 1670691
70 3 2 435059595 1677381
70 3 3 436828708 1680851
70 3 4 434022086 1676702
70 3 5 442361681 1682762
71 3 1 452830578 1812774
71 3 2 453193344 1750723
71 3 3 452169596 1748393
71 3 4 460383420 1751033
71 3 5 456003137 1743233
72 3 1 472724410 1819914
72 3 2 472276492 1822504
72 3 3 482590876 2110910
72 3 4 475666875 1939077
72 3 5 472940165 1822374
73 3 1 492906319 1909535
73 3 2 494180943 1893646
73 3 3 492504861 1897436
73 3 4 492010242 1888585
73 3 5 492502052 1892076
74 3 1 518816035 1984878
74 3 2 508674845 1984357
74 3 3 512716940 1981548
74 3 4 513459214 1975198
74 3 5 520759060 1984487
75 3 1 531688555 2115430
75 3 2 527341494 2620809
75 3 3 531590015 2057309
75 3 4 540216576 2067959
75 3 5 531186296 2079229
76 3 1 553034516 2138591
76 3 2 547710316 2163730
76 3 3 561238930 2147700
76 3 4 553047837 2151860
76 3 5 553327081 2156931
77 3 1 572663275 2230982
77 3 2 578339510 2254542
77 3 3 575248972 2612009
77 3 4 574246184 2221942
77 3 5 576338743 2239722
78 3 1 605219035 2318254
78 3 2 592965045 2337263
78 3 3 596629384 2322673
78 3 4 595757388 2311353
78 3 5 605440478 2338184
79 3 1 618143657 2415885
79 3 2 614873225 2425246
79 3 3 618884571 2425336
79 3 4 628616233 2414995
79 3 5 617727979 2414886
80 3 1 642016744 2529007
80 3 2 636940159 2526608
80 3 3 652421229 2924076
80 3 4 641506565 2528567
80 3 5 642945192 2516507
81 3 1 665512045 2612199
81 3 2 671248072 2601039
81 3 3 665439864 2614759
81 3 4 667072674 2613759
81 3 5 665618406 2597078
82 3 1 701140853 2725921
82 3 2 687588789 2805323
82 3 3 691364099 2706801
82 3 4 691533102 2707410
82 3 5 702069980 2711571
83 3 1 715990351 2812933
83 3 2 710195112 2810473
83 3 3 716300866 2800702
83 3 4 753619076 2788442
83 3 5 718290704 2787653
84 3 1 741768714 2896924
84 3 2 735668490 2900424
84 3 3 753207269 2894615
84 3 4 741588210 2874804
84 3 5 741870496 2887144
85 3 1 775840273 2999356
85 3 2 782988937 3388533
85 3 3 772694014 2990495
85 3 4 770462722 3001546
85 3 5 768275492 2998026
86 3 1 811208086 3115268
86 3 2 799567107 3102728
86 3 3 798872104 3101508
86 3 4 797828605 3127189
86 3 5 808405553 3097909
87 3 1 822632640 3215220
87 3 2 825581466 3195410
87 3 3 821987428 3207851
87 3 4 835952120 3224451
87 3 5 825586036 3197070
88 3 1 853197363 3344283
88 3 2 852446809 3327812
88 3 3 866774367 3326062
88 3 4 851118884 3390453
88 3 5 853455568 3330563
89 3 1 881419393 3439855
89 3 2 895225931 3451285
89 3 3 881005004 3431084
89 3 4 880752469 3452124
89 3 5 884085783 3447065
90 3 1 925795974 4088917
90 3 2 915928990 3586297
90 3 3 910735322 3573707
90 3 4 910727061 3561947
90 3 5 924893947 3580307
91 3 1 941235724 3698709
91 3 2 942656710 4280731
91 3 3 940471059 3754320
91 3 4 954424022 3703559
91 3 5 942353235 4067756
92 3 1 972019591 3801191
92 3 2 970925141 4247350
92 3 3 986747997 3809971
92 3 4 971540101 3805841
92 3 5 971284878 3801641
93 3 1 1006619040 3913584
93 3 2 1018621954 3931444
93 3 3 1004907927 3936574
93 3 4 1003679045 4584816
93 3 5 1001053075 3940875
94 3 1 1050847138 4032226
94 3 2 1033883981 4063106
94 3 3 1034817859 4499054
94 3 4 1034785788 4123647
94 3 5 1051278757 4053486
95 3 1 1068378968 4174509
95 3 2 1067781666 4178458
95 3 3 1067073763 4177558
95 3 4 1084325447 4184318
95 3 5 1069923716 4197049
96 3 1 1102448386 4337132
96 3 2 1099868958 4356161
96 3 3 1117911046 4341741
96 3 4 1099764506 4343181
96 3 5 1102966026 4390933
97 3 1 1138293658 4481934
97 3 2 1153564715 4454903
97 3 3 1134334774 4495624
97 3 4 1135366864 4735979
97 3 5 1135007576 4890782
98 3 1 1191125079 4564095
98 3 2 1168514524 4577556
98 3 3 1172171573 4584186
98 3 4 1173470938 4561015
98 3 5 1188788825 4605847
99 3 1 1203750365 4722219
99 3 2 1204626142 4714629
99 3 3 1203900289 4746610
99 3 4 1228769214 4720089
99 3 5 1204256485 5007774
100 3 1 1242653515 4852851
100 3 2 1239482006 4874851
100 3 3 1260337327 5008935
100 3 4 1239588658 4850771
100 3 5 1244788295 4878292
101 3 1 1276224564 5024995
101 3 2 1301195482 5003704
101 3 3 1276398178 5006974
101 3 4 1313784369 5004174
101 3 5 1280456823 5027934
102 3 1 1339800456 5165057
102 3 2 1317537799 5200258
102 3 3 1317326885 5192057
102 3 4 1316259365 5165026
102 3 5 1339003421 5203408
103 3 1 1356594091 5337430
103 3 2 1358027428 5357351
103 3 3 1355148994 5301449
103 3 4 1378351869 5334430
103 3 5 1355137174 5338550
104 3 1 1396214315 5474193
104 3 2 1404246284 5492474
104 3 3 1422726851 5498934
104 3 4 1403161975 5597375
104 3 5 1405149022 5483243
105 3 1 1441341780 5630096
105 3 2 1467081433 5668526
105 3 3 1442021183 5643105
105 3 4 1444511901 5646056
105 3 5 1440278400 5632025
106 3 1 1507771116 5791039
106 3 2 1479537317 5822609
106 3 3 1483092283 5902790
106 3 4 1479911354 5768888
106 3 5 1506610614 5781629
107 3 1 1541813603 5956802
107 3 2 1539251976 5963582
107 3 3 1536744199 5950331
107 3 4 1564377677 5962712
107 3 5 1539329537 5950802
108 3 1 1583623698 6134845
108 3 2 1582036189 6808257
108 3 3 1604170613 6151716
108 3 4 1581246373 6127295
108 3 5 1586795888 6136545
109 3 1 1621445587 6793177
109 3 2 1653556119 6305348
109 3 3 1624330662 6272199
109 3 4 1622050359 6292037
109 3 5 1621918523 6301808
110 3 1 1693062320 6468301
110 3 2 1664109626 6457761
110 3 3 1665322829 6477742
110 3 4 1667554462 6475672
110 3 5 1691285127 6478211
111 3 1 1714697666 6712265
111 3 2 1714912870 7117673
111 3 3 1709705573 6647175
111 3 4 1735460216 6655784
111 3 5 1712998694 6651986
112 3 1 1757493678 7348668
112 3 2 1756560691 7021571
112 3 3 1784422914 6919600
112 3 4 1759332993 7811837
112 3 5 1757858905 7374508
113 3 1 1810052044 7022071
113 3 2 1833271350 7682744
113 3 3 1809305460 7033952
113 3 4 1805542119 7002421
113 3 5 1800222650 7009982
114 3 1 1883890669 7621053
114 3 2 1851851778 7199805
114 3 3 1854343075 7200965
114 3 4 1847908885 7207205
114 3 5 1880197840 7779646
115 3 1 1895844553 7852187
115 3 2 1897204398 7670994
115 3 3 1893648022 7805476
115 3 4 1926292265 7404819
115 3 5 1898963422 7381788
116 3 1 1954882480 7955379
116 3 2 1953982074 7587682
116 3 3 2009627376 8407278
116 3 4 1953099937 8024911
116 3 5 1954352670 7610193
117 3 1 1997627773 7786697
117 3 2 2031843692 7788307
117 3 3 1998646715 7780046
117 3 4 2000260819 7773156
117 3 5 1996033394 7767656
118 3 1 2083534564 8171655
118 3 2 2052911539 7989701
118 3 3 2049164835 7980039
118 3 4 2047229957 8022302
118 3 5 2081099797 8013670
119 3 1 2097120479 8496070
119 3 2 2101723832 8192055
119 3 3 2100298994 8195754
119 3 4 2139366858 8192375
119 3 5 2096426828 8450589
120 3 1 2158753438 8805727
120 3 2 2156408351 8934829
120 3 3 2189791880 8402948
120 3 4 2151325699 8455679
120 3 5 2154911171 8392338
121 3 1 2206282150 9016961
121 3 2 2244373352 8746066
121 3 3 2204910373 8603622
121 3 4 2210950933 8590972
121 3 5 2204849152 8586832
122 3 1 2298612656 9234055
122 3 2 2262262208 8799426
122 3 3 2261627666 8840136
122 3 4 2259368712 8855246
122 3 5 2299464912 9172333
123 3 1 2319104993 10110373
123 3 2 2317875189 9522080
123 3 3 2315473980 9293556
123 3 4 2354279494 9066262
123 3 5 2314046230 9045281
124 3 1 2375842163 9655043
124 3 2 2368870333 9275884
124 3 3 2412075613 9285496
124 3 4 2372591655 9267205
124 3 5 2375366690 9280615
125 3 1 2426886716 10400588
125 3 2 2467077455 10116382
125 3 3 2431582907 9494860
125 3 4 2430266270 9505599
125 3 5 2425467794 9517390
126 3 1 2525941082 10180093
126 3 2 2486510446 9728614
126 3 3 2488911542 9704213
126 3 4 2484510074 9696482
126 3 5 2522489298 10034169
127 3 1 2568961270 10428597
127 3 2 2548379429 10368886
127 3 3 2543163494 9935097
127 3 4 2585337150 9948077
127 3 5 2546344103 10317575
128 3 1 2608317654 11055540
128 3 2 2605260500 10579370
128 3 3 2646621921 10253654
128 3 4 2604794918 10246424
128 3 5 2609947988 10634960
129 3 1 2675705422 10870155
129 3 2 2721844695 10522048
129 3 3 2675805018 10409507
129 3 4 2677183663 10411637
129 3 5 2668540251 10424266
130 3 1 2780892895 11349675
130 3 2 2736412271 10665291
130 3 3 2740014770 10670172
130 3 4 2734911636 10672003
130 3 5 2783369003 11158091
131 3 1 2798577932 11745533
131 3 2 2800225111 10999377
131 3 3 2796198220 10968037
131 3 4 2845219657 10933727
131 3 5 2794862619 10923895
132 3 1 2863183107 11657390
132 3 2 2859990871 11605260
132 3 3 2909509035 11146141
132 3 4 2861988744 11196792
132 3 5 2862438420 11170341
133 3 1 2927044933 12406466
133 3 2 2975626950 11644299
133 3 3 2946143434 13456506
133 3 4 2929558944 11821893
133 3 5 2922838299 11428525
134 3 1 3036045439 12167690
134 3 2 2992004366 11677311
134 3 3 2994279008 12090598
134 3 4 2988192245 11814513
134 3 5 3039962882 11700300
135 3 1 3082745082 12531637
135 3 2 3096270464 11935116
135 3 3 3077735635 11979746
135 3 4 3130581123 11936415
135 3 5 3075415314 11932264
136 3 1 3148720832 13375813
136 3 2 3156077943 12219890
136 3 3 3197434413 12255071
136 3 4 3149176469 12229030
136 3 5 3152707696 12223230
137 3 1 3211641750 13461745
137 3 2 3267959653 12987365
137 3 3 3214187873 12645938
137 3 4 3215263100 12475256
137 3 5 3212573303 12468385
138 3 1 3337308499 13588408
138 3 2 3285556868 12729830
138 3 3 3282366902 12753321
138 3 4 3280537242 12749181
138 3 5 3332882165 12780531
139 3 1 3356895472 13909473
139 3 2 3357631862 13458264
139 3 3 3352002257 13013655
139 3 4 3408955240 13046236
139 3 5 3351551490 13033084
140 3 1 3426283621 13883132
140 3 2 3424358668 13803961
140 3 3 3481766199 13307440
140 3 4 3422770559 13314420
140 3 5 3428066739 13663547
141 3 1 3525590774 14144217
141 3 2 3555851541 13588576
141 3 3 3498977403 13601375
141 3 4 3507478785 13613537
141 3 5 3498858112 13630287
142 3 1 3627056645 14854040
142 3 2 3569926312 14357291
142 3 3 3573252933 13903692
142 3 4 3568714431 14358301
142 3 5 3636797805 13917222
143 3 1 3649402827 14751868
143 3 2 3652547665 14165436
143 3 3 3644521633 14184497
143 3 4 3706471508 14508953
143 3 5 3647681456 14536543
144 3 1 3721060663 15081444
144 3 2 3723198030 14987182
144 3 3 3782948001 14798819
144 3 4 3719762674 14578965
144 3 5 3724578552 15039504
145 3 1 3797706704 15640575
145 3 2 3860676395 14788398
145 3 3 3805368623 14812508
145 3 4 3799866491 14981662
145 3 5 3796379359 14802629
146 3 1 3939465191 15655155
146 3 2 3879305585 15076023
146 3 3 3881629325 15126244
146 3 4 3873541963 15550712
146 3 5 3936306559 15468501
147 3 1 3961286381 16003171
147 3 2 3963172151 15394359
147 3 3 3988370828 15420109
147 3 4 4017813765 15428111
147 3 5 3953409758 15434780
148 3 1 4046195357 16797096
148 3 2 4030002066 15734905
148 3 3 4100269728 15741655
148 3 4 4034652148 16301716
148 3 5 4036230884 16137433
149 3 1 4111588463 17062202
149 3 2 4181075827 18273364
149 3 3 4121067986 18265244
149 3 4 4116659086 18244005
149 3 5 4114974279 18240444
150 3 1 4267795259 18936757
150 3 2 4201901716 19232123
150 3 3 4210840885 19243373
150 3 4 4199165354 19208212
150 3 5 4274757794 18854786
151 3 1 4287729341 19890266
151 3 2 4286954001 19409736
151 3 3 4285933287 19746322
151 3 4 4384799667 19394286
151 3 5 4292887491 19400216
152 3 1 4372039360 19215522
152 3 2 4371437613 19571918
152 3 3 4435583069 19224672
152 3 4 4371219769 19671831
152 3 5 4373823886 19210502
153 3 1 4449379023 20625569
153 3 2 4532308462 20514077
153 3 3 4455991811 20519567
153 3 4 4462256918 20577318
153 3 5 4448481126 20540327
154 3 1 4622069399 20386845
154 3 2 4545148716 20355434
154 3 3 4552514564 20470006
154 3 4 4537720174 20333733
154 3 5 4623308773 20565857
155 3 1 4629160201 20677119
155 3 2 4629996493 20525637
155 3 3 4625691655 20189379
155 3 4 4703694266 20650709
155 3 5 4632772403 20599958
156 3 1 4723249975 21660218
156 3 2 4720326125 21867172
156 3 3 4790648288 21814992
156 3 4 4721793314 21633568
156 3 5 4748257331 21776010
157 3 1 4809866733 21436984
157 3 2 4888907394 21499405
157 3 3 4814810671 21459045
157 3 4 4813532132 21876212
157 3 5 4812007528 22248129
158 3 1 4973673150 22572055
158 3 2 4902585205 22113446
158 3 3 4897922772 22792520
158 3 4 4904108306 22346120
158 3 5 4978187160 22814640
159 3 1 4996833075 22674036
159 3 2 4996208099 23118986
159 3 3 4996187584 22937532
159 3 4 5069720757 22952933
159 3 5 5001079741 22940181
160 3 1 5087910888 23857809
160 3 2 5086535258 23465042
160 3 3 5171952328 23463251
160 3 4 5087704353 23858879
160 3 5 5088553936 23133915
161 3 1 5206767125 23701626
161 3 2 5252506993 23611855
161 3 3 5183232316 23930661
161 3 4 5179715794 23198306
161 3 5 5181635958 23905890
162 3 1 5352574869 24138654
162 3 2 5276926912 24459660
162 3 3 5263137824 24765316
162 3 4 5366735270 23908510
162 3 5 5273251882 24342528
163 3 1 5365478199 24751395
163 3 2 5465052739 23921259
163 3 3 5372901845 24519551
163 3 4 5365998060 24258675
163 3 5 5454664179 24624033
164 3 1 5471434908 24887067
164 3 2 5457307494 25277944
164 3 3 5564784343 24762005
164 3 4 5462038228 24810346
164 3 5 5467545972 24693404
165 3 1 5662426467 25970008
165 3 2 5570476070 25776545
165 3 3 5596496956 25793835
165 3 4 5649856087 25087521
165 3 5 5571811708 25938618
166 3 1 5662080426 26604380
166 3 2 5759287426 26284344
166 3 3 5673188954 26448926
166 3 4 5670432369 26154090
166 3 5 5762253016 26470287
167 3 1 5774691652 27298663
167 3 2 5763624978 27360464
167 3 3 5866729910 26964527
167 3 4 5769946825 26848674
167 3 5 5770545094 26852864
168 3 1 5972451728 26986327
168 3 2 5880845021 27371724
168 3 3 5861371527 26963976
168 3 4 5971913521 27337653
168 3 5 5879323137 26692381
169 3 1 6039943530 27687840
169 3 2 6135629428 27655469
169 3 3 6070494410 27778412
169 3 4 6033459920 27227621
169 3 5 6072994864 27677029
170 3 1 6143269976 28358292
170 3 2 6140247757 28300861
170 3 3 6181780980 28737900
170 3 4 6145574566 28536975
170 3 5 6141486546 28490705
171 3 1 6282917999 28925073
171 3 2 6248770035 28103327
171 3 3 6246976179 28128017
171 3 4 6287054225 28425423
171 3 5 6253603333 28065317
172 3 1 6354659934 28703748
172 3 2 6431238516 28075076
172 3 3 6363558322 28378743
172 3 4 6345271161 28479813
172 3 5 6392293249 28483944
173 3 1 6468939743 29142037
173 3 2 6461424158 28732709
173 3 3 6505467089 29392751
173 3 4 6464067358 28735409
173 3 5 6460687782 29211977
174 3 1 6616732052 30011612
174 3 2 6582769353 29940702
174 3 3 6574252080 30098494
174 3 4 6619019915 29899040
174 3 5 6566530223 29534334
175 3 1 6686165335 29866360
175 3 2 6720475120 29579424
175 3 3 6684450492 29791669
175 3 4 6684783229 30213317
175 3 5 6757329763 29859609
176 3 1 6804605916 30488361
176 3 2 6797366098 30409890
176 3 3 6846361183 30733506
176 3 4 6802353612 30493711
176 3 5 6795471083 30307037
177 3 1 6967143858 30138114
177 3 2 6926254808 30821368
177 3 3 6918645403 30568543
177 3 4 6957326652 30554853
177 3 5 6924452966 30487401
178 3 1 7024590446 31328018
178 3 2 7081295808 30757407
178 3 3 7041145994 31266436
178 3 4 7074727354 30797397
178 3 5 7089476177 30671685
179 3 1 7181372108 31576841
179 3 2 7195776425 32110591
179 3 3 7221709980 32310386
179 3 4 7172781799 32163674
179 3 5 7164809938 31972239
180 3 1 7335792877 32851266
180 3 2 7290394294 32777285
180 3 3 7288799904 32806805
180 3 4 7338930892 32912097
180 3 5 7293851205 32816785
181 3 1 7410643151 32525209
181 3 2 7454022799 32806545
181 3 3 7413634712 32655702
181 3 4 7429729491 32704843
181 3 5 7458566181 33088911
182 3 1 7527793372 33997547
182 3 2 7526967179 33671262
182 3 3 7574344442 33812813
182 3 4 7528508382 33208602
182 3 5 7519111466 33404576
183 3 1 7704850674 34451845
183 3 2 7655088438 34450086
183 3 3 7650375412 34156410
183 3 4 7692292582 34733940
183 3 5 7652026049 34091169
184 3 1 7777101912 34605098
184 3 2 7833580379 34204241
184 3 3 7782387908 34646459
184 3 4 7782721028 34815342
184 3 5 7856375413 34847264
185 3 1 7903650065 35593837
185 3 2 7894668387 35457505
185 3 3 7954242063 35616328
185 3 4 7900325360 35445714
185 3 5 7896424180 35407574
186 3 1 8085739554 35731040
186 3 2 8026661274 36080816
186 3 3 8030399999 35526196
186 3 4 8081978243 35420954
186 3 5 8030521438 35497355
187 3 1 8148329353 35944724
187 3 2 8210124521 36373502
187 3 3 8155431405 36404542
187 3 4 8176784615 36342442
187 3 5 8208975230 36030635
188 3 1 8285205774 36410093
188 3 2 8288963629 36784009
188 3 3 8343143114 36535134
188 3 4 8291537577 36505034
188 3 5 8280415100 36452213
189 3 1 8477729285 39886539
189 3 2 8417836990 37416191
189 3 3 8417998838 37574444
189 3 4 8462509649 37305109
189 3 5 8419257941 36890861
190 3 1 8546643677 38247447
190 3 2 8598918095 38351290
190 3 3 8584858503 38162035
190 3 4 8548728271 38326199
190 3 5 8609734625 39069943
191 3 1 8673418730 39469910
191 3 2 8680150333 39327507
191 3 3 8734889718 39471390
191 3 4 8683340955 39046342
191 3 5 8682853170 39526441
192 3 1 8874027838 39327097
192 3 2 8821487944 39678724
192 3 3 8816581426 39548161
192 3 4 8871301711 38916919
192 3 5 8818249879 39257736
193 3 1 8947859206 39771246
193 3 2 9012305376 39346937
193 3 3 8949955828 39597562
193 3 4 8947575448 39559641
193 3 5 9017429320 39605273
194 3 1 9085849505 40399367
194 3 2 9079515311 40737313
194 3 3 9153789447 40540881
194 3 4 9090388499 40355157
194 3 5 9083164168 40366376
195 3 1 9293270715 41648631
195 3 2 9269322425 41364566
195 3 3 9235724653 41348926
195 3 4 9285520745 41229563
195 3 5 9229529028 41334495
196 3 1 9373438606 41321715
196 3 2 9429574129 41526088
196 3 3 9368263191 41487978
196 3 4 9365552765 41671051
196 3 5 9438187332 42068249
197 3 1 9516861977 42576329
197 3 2 9516088078 42952966
197 3 3 9581750648 42796664
197 3 4 9505862135 42753972
197 3 5 9533307562 42815524
198 3 1 9712217920 43046867
198 3 2 9660019125 43261912
198 3 3 9651014891 42607279
198 3 4 9716828547 42703481
198 3 5 9654050551 43008676
199 3 1 9799570718 43857082
199 3 2 9861719402 44052976
199 3 3 9800229814 43286301
199 3 4 9798321110 43765760
199 3 5 9865520814 44068506
200 3 1 9942473283 45259148
200 3 2 9972101395 45031294
200 3 3 10012060935 45234847
200 3 4 9950607172 44893151
200 3 5 9945884918 45319428
