1 2 1 222004 46441
1 2 2 12411 7090
1 2 3 9600 5680
1 2 4 9600 5640
1 2 5 9740 5650
2 2 1 22610 7350
2 2 2 18700 5720
2 2 3 17830 5370
2 2 4 17881 5440
2 2 5 17351 5260
3 2 1 33831 6660
3 2 2 30390 5740
3 2 3 29630 5280
3 2 4 28500 5440
3 2 5 28811 5370
4 2 1 54341 6810
4 2 2 44391 5610
4 2 3 45761 5381
4 2 4 45841 5250
4 2 5 44511 5280
5 2 1 72961 7051
5 2 2 71351 5931
5 2 3 65841 5760
5 2 4 63811 5660
5 2 5 66192 5490
6 2 1 97072 6641
6 2 2 91431 6110
6 2 3 89072 5830
6 2 4 88802 5840
6 2 5 88731 5881
7 2 1 122442 7030
7 2 2 121452 6420
7 2 3 115812 5890
7 2 4 116002 5920
7 2 5 113303 5820
8 2 1 158993 22740
8 2 2 152763 6381
8 2 3 150993 5970
8 2 4 148653 5930
8 2 5 149542 5890
9 2 1 193184 7860
9 2 2 184993 6270
9 2 3 181953 6460
9 2 4 180223 6100
9 2 5 186333 7301
10 2 1 257295 7780
10 2 2 240614 7620
10 2 3 224494 6460
10 2 4 224004 6250
10 2 5 223294 6400
11 2 1 291655 8191
11 2 2 272825 6650
11 2 3 289005 7220
11 2 4 278015 6630
11 2 5 275415 6490
12 2 1 336176 8900
12 2 2 325806 6951
12 2 3 320856 6880
12 2 4 326016 8090
12 2 5 335017 6870
13 2 1 380067 8090
13 2 2 377407 7150
13 2 3 377188 7040
13 2 4 390018 8190
13 2 5 329787 6190
14 2 1 390658 8010
14 2 2 378198 6580
14 2 3 379717 6511
14 2 4 379737 6440
14 2 5 377268 6600
15 2 1 453939 8210
15 2 2 440418 7040
15 2 3 462829 9040
15 2 4 528320 5620
15 2 5 212485 3190
16 2 1 237265 4010
16 2 2 231464 3460
16 2 3 228544 3380
16 2 4 229975 3430
16 2 5 230884 3480
17 2 1 262395 3960
17 2 2 259095 3430
17 2 3 257024 3560
17 2 4 258915 3510
17 2 5 261155 3500
18 2 1 297585 4210
18 2 2 292065 3940
18 2 3 286626 3610
18 2 4 288555 3630
18 2 5 287995 3700
19 2 1 323266 4390
19 2 2 320986 3850
19 2 3 318606 3800
19 2 4 318156 3790
19 2 5 322506 3800
20 2 1 352566 4440
20 2 2 355436 4050
20 2 3 356327 4500
20 2 4 352077 3910
20 2 5 431788 4700
21 2 1 486399 5830
21 2 2 479199 5480
21 2 3 509640 5340
21 2 4 412247 4510
21 2 5 400337 4510
22 2 1 440269 5040
22 2 2 446018 4940
22 2 3 437638 4830
22 2 4 432588 4820
22 2 5 438469 4720
23 2 1 484059 5331
23 2 2 477239 5290
23 2 3 476119 4950
23 2 4 481229 4930
23 2 5 484409 5150
24 2 1 519910 5540
24 2 2 521440 5200
24 2 3 516220 5430
24 2 4 522020 5090
24 2 5 518210 5170
25 2 1 570761 5690
25 2 2 571350 5640
25 2 3 560871 5420
25 2 4 564691 5360
25 2 5 560331 5400
26 2 1 611842 6010
26 2 2 611291 5730
26 2 3 604711 5550
26 2 4 611372 5680
26 2 5 607851 5570
27 2 1 649072 6321
27 2 2 652152 5891
27 2 3 654412 5851
27 2 4 653852 5751
27 2 5 661362 5861
28 2 1 704333 6320
28 2 2 694513 6090
28 2 3 701143 6010
28 2 4 704444 6070
28 2 5 710834 6250
29 2 1 765005 6640
29 2 2 751295 6310
29 2 3 747565 6350
29 2 4 758055 6360
29 2 5 765875 7050
30 2 1 824525 7230
30 2 2 929737 7680
30 2 3 969008 7830
30 2 4 966199 7750
30 2 5 958408 6970
31 2 1 879607 7270
31 2 2 873206 6761
31 2 3 867906 6911
31 2 4 876557 7300
31 2 5 859146 6860
32 2 1 926038 7480
32 2 2 943147 7360
32 2 3 948038 7620
32 2 4 940097 7450
32 2 5 939518 7380
33 2 1 1000198 7720
33 2 2 1013749 7660
33 2 3 1003669 7570
33 2 4 1011289 7590
33 2 5 1002039 7520
34 2 1 1084630 8580
34 2 2 1051190 7810
34 2 3 1056750 7810
34 2 4 1068810 8520
34 2 5 1073520 8031
35 2 1 1129502 8340
35 2 2 1127982 8030
35 2 3 1128741 8190
35 2 4 1127181 8450
35 2 5 1136951 8211
36 2 1 1205733 8710
36 2 2 1193202 8410
36 2 3 1192083 8330
36 2 4 1178692 8250
36 2 5 1195362 8611
37 2 1 1269494 8780
37 2 2 1259884 8610
37 2 3 1261724 8841
37 2 4 1258174 8700
37 2 5 1241423 8600
38 2 1 1330836 9470
38 2 2 1330035 8990
38 2 3 1318925 9840
38 2 4 1337835 11261
38 2 5 1611161 10610
39 2 1 1543779 9671
39 2 2 1400696 9270
39 2 3 1398386 9330
39 2 4 1399017 9430
39 2 5 1385867 9390
40 2 1 1470198 9700
40 2 2 1461197 9780
40 2 3 1456628 9630
40 2 4 1477598 9661
40 2 5 1458418 9600
41 2 1 1610380 10450
41 2 2 1571260 10080
41 2 3 1578279 9960
41 2 4 1588790 10211
41 2 5 1592510 9930
42 2 1 1652412 10460
42 2 2 1658771 10531
42 2 3 1653101 10221
42 2 4 1640201 10571
42 2 5 1652122 10170
43 2 1 1774523 11100
43 2 2 1743673 10611
43 2 3 1738883 10570
43 2 4 1743673 10810
43 2 5 1713932 10580
44 2 1 1815425 11550
44 2 2 1818794 11020
44 2 3 1820174 11201
44 2 4 2145841 13031
44 2 5 1914086 11160
45 2 1 1875245 11840
45 2 2 1908586 11780
45 2 3 1892136 11390
45 2 4 1891376 11560
45 2 5 1879225 11501
46 2 1 1996728 12300
46 2 2 1956767 11740
46 2 3 1986508 11990
46 2 4 2004268 11730
46 2 5 1998487 12070
47 2 1 2058439 12260
47 2 2 2061759 12210
47 2 3 2043168 12070
47 2 4 2070630 12170
47 2 5 2066890 12100
48 2 1 2156701 14620
48 2 2 2142960 12420
48 2 3 2159991 12760
48 2 4 2128351 13260
48 2 5 2144680 12370
49 2 1 2470736 15860
49 2 2 2492667 12801
49 2 3 2239652 13010
49 2 4 2248003 13070
49 2 5 2204632 13380
50 2 1 2342655 13650
50 2 2 2335944 13200
50 2 3 2335574 13451
50 2 4 2333215 13270
50 2 5 2344994 13460
51 2 1 2430176 14111
51 2 2 2422807 13700
51 2 3 2441876 13780
51 2 4 2426156 13860
51 2 5 2422896 13560
52 2 1 2523798 14400
52 2 2 2493607 14111
52 2 3 2532068 14220
52 2 4 2520948 14080
52 2 5 2518428 14060
53 2 1 3167641 17520
53 2 2 2611769 14620
53 2 3 2587128 16430
53 2 4 2595259 14331
53 2 5 2617280 14650
54 2 1 2705721 15321
54 2 2 2689042 14900
54 2 3 2706971 15180
54 2 4 2701542 15080
54 2 5 2695841 14860
55 2 1 2828934 15950
55 2 2 2820064 15530
55 2 3 2804523 15500
55 2 4 2789403 15341
55 2 5 2797343 15551
56 2 1 2922365 16220
56 2 2 2916526 15840
56 2 3 3374424 15950
56 2 4 2903805 15931
56 2 5 2928606 16000
57 2 1 2975006 18340
57 2 2 3013457 16091
57 2 3 3009927 16701
57 2 4 2999087 16280
57 2 5 3013557 16410
58 2 1 3276402 17101
58 2 2 3059348 16521
58 2 3 3208921 16911
58 2 4 3224141 16860
58 2 5 3210371 17070
59 2 1 3307063 20280
59 2 2 3444676 20461
59 2 3 3607008 17260
59 2 4 3297613 17280
59 2 5 3332003 17330
60 2 1 3501427 18550
60 2 2 3422975 17780
60 2 3 3424304 17710
60 2 4 3413145 18060
60 2 5 3412804 17610
61 2 1 3555058 18550
61 2 2 3964485 18691
61 2 3 3531938 20770
61 2 4 3550417 18321
61 2 5 3507636 18391
62 2 1 4084547 19120
62 2 2 3656389 18931
62 2 3 3651579 19720
62 2 4 3632419 19321
62 2 5 3636169 18860
63 2 1 3725941 19500
63 2 2 3769852 19360
63 2 3 3771071 19340
63 2 4 3751001 19160
63 2 5 3754261 19190
64 2 1 3885634 20990
64 2 2 3829172 20851
64 2 3 4355812 20620
64 2 4 3874353 20631
64 2 5 3886363 20800
65 2 1 4019906 20891
65 2 2 4006686 20581
65 2 3 3959444 20510
65 2 4 4014086 20811
65 2 5 4016416 20380
66 2 1 4116128 21330
66 2 2 4116538 21160
66 2 3 4123109 21130
66 2 4 4096458 30731
66 2 5 4535656 21090
67 2 1 4244020 21630
67 2 2 4235131 21310
67 2 3 4224140 21401
67 2 4 4229030 21341
67 2 5 4221689 21580
68 2 1 4353793 23401
68 2 2 4361572 21930
68 2 3 4341232 21910
68 2 4 4367613 22000
68 2 5 4479915 26180
69 2 1 4869722 22581
69 2 2 4489545 22430
69 2 3 4476746 22310
69 2 4 4455344 22560
69 2 5 4482185 22310
70 2 1 4681609 23121
70 2 2 4615007 22830
70 2 3 4641748 22950
70 2 4 4660398 23021
70 2 5 4751330 27280
71 2 1 5065446 23781
71 2 2 4744169 23460
71 2 3 4749511 23650
71 2 4 4755360 23450
71 2 5 4771971 23450
72 2 1 4859932 24341
72 2 2 4883862 27741
72 2 3 4874483 24030
72 2 4 4823141 24091
72 2 5 5370251 24360
73 2 1 5021906 24841
73 2 2 4998964 24530
73 2 3 4993625 24601
73 2 4 5013625 45561
73 2 5 4967744 24601
74 2 1 5118807 25380
74 2 2 5143978 28881
74 2 3 5132117 25241
74 2 4 5120917 25131
74 2 5 5119637 25110
75 2 1 5248660 25920
75 2 2 5254620 25791
75 2 3 5329101 25860
75 2 4 5296500 25920
75 2 5 5250000 25980
76 2 1 5390182 26630
76 2 2 5371712 26441
76 2 3 5878571 26320
76 2 4 5429233 27761
76 2 5 5406612 26270
77 2 1 5520665 27190
77 2 2 5547584 27070
77 2 3 5506944 27191
77 2 4 5535775 26961
77 2 5 5528845 26911
78 2 1 5689378 28090
78 2 2 6207838 27790
78 2 3 5678048 27790
78 2 4 5645396 27680
78 2 5 5679528 27821
79 2 1 5865602 29980
79 2 2 5843271 28321
79 2 3 5817780 28491
79 2 4 5960963 33761
79 2 5 6064306 28350
80 2 1 5973383 28990
80 2 2 5972933 28690
80 2 3 5973593 29471
80 2 4 5972973 28810
80 2 5 5967444 28761
81 2 1 6082795 30010
81 2 2 6493543 48151
81 2 3 6146457 29480
81 2 4 6086525 29490
81 2 5 6090515 36740
82 2 1 6609035 30720
82 2 2 6106476 30070
82 2 3 6442912 30341
82 2 4 6460073 30271
82 2 5 6951162 35061
83 2 1 6562964 31081
83 2 2 6588085 30870
83 2 3 6534504 30931
83 2 4 6564195 30911
83 2 5 6614706 35601
84 2 1 6729117 31961
84 2 2 7214126 31650
84 2 3 6713417 31591
84 2 4 6672507 31601
84 2 5 6717907 31631
85 2 1 6928331 32671
85 2 2 6908441 32561
85 2 3 6976573 38971
85 2 4 7224997 32560
85 2 5 6867000 32670
86 2 1 7069804 34041
86 2 2 7067804 33161
86 2 3 7034673 33151
86 2 4 7052693 33170
86 2 5 7544893 33040
87 2 1 7156636 34101
87 2 2 7226497 38431
87 2 3 7219136 33640
87 2 4 7214847 35231
87 2 5 7204736 33560
88 2 1 7552274 41091
88 2 2 7568283 34290
88 2 3 7372990 34381
88 2 4 7386730 34351
88 2 5 7363879 34380
89 2 1 7525333 35291
89 2 2 7516422 35060
89 2 3 7971911 34990
89 2 4 7520603 35231
89 2 5 7555354 34951
90 2 1 7684035 36110
90 2 2 8528922 35711
90 2 3 8162594 43051
90 2 4 8037182 41240
90 2 5 7664615 35800
91 2 1 7939721 37021
91 2 2 7864499 36670
91 2 3 7872900 36841
91 2 4 7892459 36820
91 2 5 8205156 36881
92 2 1 8040283 37501
92 2 2 8081713 37341
92 2 3 8035732 43150
92 2 4 8052783 37411
92 2 5 8394100 44661
93 2 1 8219016 38151
93 2 2 8227636 37861
93 2 3 8231746 43851
93 2 4 8225706 37771
93 2 5 8196446 37841
94 2 1 8875808 38861
94 2 2 8295938 38581
94 2 3 8354098 38601
94 2 4 8396319 38521
94 2 5 8357559 38371
95 2 1 8708985 47231
95 2 2 8752626 39201
95 2 3 8442970 41080
95 2 4 8500112 39331
95 2 5 8574122 39371
96 2 1 8712505 50001
96 2 2 9046451 42081
96 2 3 8691085 41991
96 2 4 8628754 44081
96 2 5 8701755 46991
97 2 1 8906609 41010
97 2 2 9381858 41021
97 2 3 8848828 40651
97 2 4 8886968 40701
97 2 5 8798507 40761
98 2 1 9050882 41991
98 2 2 9436039 41870
98 2 3 9043042 41931
98 2 4 9016221 41641
98 2 5 9051912 41621
99 2 1 9210315 42781
99 2 2 9508140 50751
99 2 3 9397228 42551
99 2 4 9255665 42691
99 2 5 9252665 42490
100 2 1 9451769 43250
100 2 2 9681174 51651
100 2 3 9485790 50161
100 2 4 9492119 45141
100 2 5 9432329 43001
101 2 1 9607913 44411
101 2 2 9982860 44371
101 2 3 9501270 44391
101 2 4 9606223 44361
101 2 5 9670924 44291
102 2 1 9772605 44951
102 2 2 10275855 44960
102 2 3 9783415 44801
102 2 4 9700244 47111
102 2 5 9769265 44971
103 2 1 10019520 45681
103 2 2 10457859 45481
103 2 3 9917188 45590
103 2 4 9966729 45591
103 2 5 9887228 45551
104 2 1 10567430 46520
104 2 2 10188503 46491
104 2 3 10145002 46321
104 2 4 10161403 46451
104 2 5 10165282 53891
105 2 1 10716164 49861
105 2 2 10369526 47021
105 2 3 10419857 47001
105 2 4 10392428 47171
105 2 5 10575330 56391
106 2 1 10680103 48921
106 2 2 10505999 48791
106 2 3 10567461 48661
106 2 4 10580690 56581
106 2 5 11000138 55091
107 2 1 10781034 49191
107 2 2 10773405 48931
107 2 3 10640311 57152
107 2 4 11115121 48881
107 2 5 10781004 48841
108 2 1 10936958 49921
108 2 2 10898927 49621
108 2 3 11351774 49661
108 2 4 10804556 49451
108 2 5 10922786 49891
109 2 1 11146871 50751
109 2 2 11178992 60181
109 2 3 11467578 50581
109 2 4 11108910 50431
109 2 5 11007529 50571
110 2 1 11323445 51491
110 2 2 11830544 51511
110 2 3 11303274 54011
110 2 4 11342825 51520
110 2 5 11290254 51111
111 2 1 11932437 53181
111 2 2 11561929 52941
111 2 3 11598579 52861
111 2 4 11523658 52841
111 2 5 12022537 52731
112 2 1 11731073 53221
112 2 2 11648541 53001
112 2 3 11723502 53061
112 2 4 12281152 53011
112 2 5 11709492 58862
113 2 1 11872655 54601
113 2 2 11908896 54281
113 2 3 12317894 54301
113 2 4 11926396 54781
113 2 5 11983637 54161
114 2 1 12267983 65691
114 2 2 12473106 55151
114 2 3 12127660 54911
114 2 4 12037768 54931
114 2 5 12602259 55011
115 2 1 13150109 56401
115 2 2 12146460 55661
115 2 3 12726631 56031
115 2 4 13148849 56141
115 2 5 12614729 56351
116 2 1 12888525 56821
116 2 2 12990116 63061
116 2 3 14167969 57351
116 2 4 13171730 56561
116 2 5 12913335 56491
117 2 1 13483036 57741
117 2 2 13091167 57751
117 2 3 13144759 57351
117 2 4 13110629 60481
117 2 5 13564556 57681
118 2 1 13282052 58762
118 2 2 13178370 58421
118 2 3 13288951 58471
118 2 4 13358303 58482
118 2 5 13295672 58531
119 2 1 13472896 59681
119 2 2 13998386 59492
119 2 3 13390624 69832
119 2 4 13516726 59641
119 2 5 14018525 59461
120 2 1 13827313 61371
120 2 2 13780331 61081
120 2 3 14232910 63462
120 2 4 13661909 61242
120 2 5 13803732 61182
121 2 1 14027527 62091
121 2 2 14349832 70271
121 2 3 13988295 67582
121 2 4 13989135 62001
121 2 5 14218701 64611
122 2 1 14255270 63111
122 2 2 14303442 63121
122 2 3 14731139 62841
122 2 4 14254961 63171
122 2 5 14219289 62671
123 2 1 14360542 63732
123 2 2 14935833 63701
123 2 3 14522585 63592
123 2 4 14489375 63682
123 2 5 14979324 63841
124 2 1 14708909 65011
124 2 2 14564316 64861
124 2 3 15193448 64761
124 2 4 14716059 64971
124 2 5 14663288 64801
125 2 1 15358971 65681
125 2 2 14885842 65521
125 2 3 14776670 65361
125 2 4 15347591 76151
125 2 5 14962213 65381
126 2 1 15164987 67671
126 2 2 15670417 67292
126 2 3 15052995 67491
126 2 4 14941763 67261
126 2 5 15627826 67312
127 2 1 15422534 67591
127 2 2 15310620 67221
127 2 3 15819950 67251
127 2 4 15341001 67082
127 2 5 15211968 67211
128 2 1 16000614 72281
128 2 2 15633877 71761
128 2 3 15579185 71991
128 2 4 16044234 71961
128 2 5 15593485 76431
129 2 1 15832860 71271
129 2 2 16430952 71011
129 2 3 15942752 70951
129 2 4 15886751 70881
129 2 5 16333010 71132
130 2 1 16131056 70682
130 2 2 16033714 70272
130 2 3 16611675 70312
130 2 4 16184227 70141
130 2 5 16129705 70221
131 2 1 16836509 71252
131 2 2 16355950 71152
131 2 3 16293569 71061
131 2 4 16856369 71202
131 2 5 16465332 71132
132 2 1 16808779 87631
132 2 2 16955351 72731
132 2 3 16690737 72772
132 2 4 16953921 72811
132 2 5 16558874 72771
133 2 1 16881930 73851
133 2 2 17286738 85621
133 2 3 16811749 73321
133 2 4 16822199 73441
133 2 5 17563222 73721
134 2 1 17036713 74922
134 2 2 17080794 74591
134 2 3 17468441 78721
134 2 4 17000283 74602
134 2 5 17550173 74912
135 2 1 17174836 75702
135 2 2 17316088 75342
135 2 3 17896479 75421
135 2 4 17255887 75352
135 2 5 17247917 75781
136 2 1 17972951 77262
136 2 2 17355039 76861
136 2 3 17857899 76971
136 2 4 17558903 77351
136 2 5 17456621 77082
137 2 1 18107703 77791
137 2 2 17687915 77472
137 2 3 17835668 92412
137 2 4 17933840 77532
137 2 5 17792607 77591
138 2 1 18321937 78932
138 2 2 17966741 78721
138 2 3 17933550 78682
138 2 4 18310237 78672
138 2 5 17938791 81912
139 2 1 18789516 86191
139 2 2 18216935 86392
139 2 3 18572512 83782
139 2 4 18753366 79842
139 2 5 18096404 79832
140 2 1 19073882 81072
140 2 2 18679994 80801
140 2 3 18599743 81242
140 2 4 19085942 80791
140 2 5 18600883 90372
141 2 1 19212465 82372
141 2 2 18823336 86802
141 2 3 18918268 86211
141 2 4 19299416 82351
141 2 5 18843157 82031
142 2 1 19635172 97131
142 2 2 18979400 82962
142 2 3 19090662 82921
142 2 4 19160893 83161
142 2 5 19117263 82971
143 2 1 19652243 85621
143 2 2 19319546 85472
143 2 3 19636362 108582
143 2 4 19316306 93572
143 2 5 19412998 92321
144 2 1 19981048 85802
144 2 2 19611711 85402
144 2 3 20074690 85411
144 2 4 19443929 85642
144 2 5 19597462 88052
145 2 1 20404617 87672
145 2 2 19869317 87241
145 2 3 20337505 87132
145 2 4 19900137 92402
145 2 5 20221393 87272
146 2 1 20114362 92702
146 2 2 20338996 104832
146 2 3 20287685 87702
146 2 4 20127162 87982
146 2 5 20543150 87831
147 2 1 20197832 93782
147 2 2 21024098 89052
147 2 3 20473048 88851
147 2 4 20770274 89262
147 2 5 20352856 89121
148 2 1 20615421 90062
148 2 2 21096240 97822
148 2 3 20665342 90122
148 2 4 21200512 89871
148 2 5 20610721 89712
149 2 1 21254563 91672
149 2 2 20927827 91691
149 2 3 21218012 91251
149 2 4 22075458 120112
149 2 5 23571087 91222
150 2 1 21141440 93652
150 2 2 21122450 93272
150 2 3 21679821 99562
150 2 4 21303754 93431
150 2 5 21600700 93181
151 2 1 21530518 93701
151 2 2 21992466 100122
151 2 3 21516648 93592
151 2 4 21886175 93751
151 2 5 21278884 98072
152 2 1 22263812 100462
152 2 2 21779894 95461
152 2 3 22131789 96272
152 2 4 21687261 105102
152 2 5 22065858 113742
153 2 1 21918705 99352
153 2 2 21937926 100802
153 2 3 22459355 96012
153 2 4 21968056 102992
153 2 5 22526837 96052
154 2 1 22246633 97542
154 2 2 22515917 96892
154 2 3 22247131 96822
154 2 4 22871824 97081
154 2 5 22213921 96832
155 2 1 23016707 98732
155 2 2 22568668 98512
155 2 3 22891724 101862
155 2 4 22572968 98782
155 2 5 23166869 98302
156 2 1 22827953 99602
156 2 2 23396123 99922
156 2 3 22724950 99572
156 2 4 23054967 99351
156 2 5 25570105 119243
157 2 1 24334751 101332
157 2 2 23128598 101182
157 2 3 23441295 101012
157 2 4 23101387 101222
157 2 5 23407873 101132
158 2 1 23341683 102322
158 2 2 23924813 101862
158 2 3 23359723 102142
158 2 4 23693679 102492
158 2 5 23327492 101942
159 2 1 23840743 103742
159 2 2 23627468 103532
159 2 3 24316431 103302
159 2 4 23630698 103272
159 2 5 24120327 103492
160 2 1 23955624 110432
160 2 2 24155587 110612
160 2 3 23941944 110682
160 2 4 24106917 110092
160 2 5 23955104 110342
161 2 1 24700578 105752
161 2 2 24200518 105712
161 2 3 24489144 105952
161 2 4 24703558 136053
161 2 5 24352252 105903
162 2 1 25042485 107092
162 2 2 24471174 106922
162 2 3 25012454 107172
162 2 4 24364742 106862
162 2 5 25079555 106822
163 2 1 26357850 109512
163 2 2 24693948 108572
163 2 3 25163887 109072
163 2 4 25747518 109392
163 2 5 24988703 109152
164 2 1 25885071 109092
164 2 2 25513183 114942
164 2 3 25929672 109272
164 2 4 25821530 109132
164 2 5 25388582 109872
165 2 1 26023333 111942
165 2 2 25703488 110792
165 2 3 26197836 110682
165 2 4 25722567 117722
165 2 5 26110355 110802
166 2 1 26033163 112522
166 2 2 26243817 112462
166 2 3 26438231 112242
166 2 4 26100365 112432
166 2 5 26479642 120612
167 2 1 26248157 113662
167 2 2 26776898 113342
167 2 3 26062644 113202
167 2 4 26786107 113222
167 2 5 26829679 124992
168 2 1 26496983 115522
168 2 2 26851808 115362
168 2 3 26530873 115552
168 2 4 26898981 115193
168 2 5 26650965 114742
169 2 1 27629734 116912
169 2 2 27528352 116642
169 2 3 27040473 116392
169 2 4 27447791 116432
169 2 5 26862269 116542
170 2 1 27766556 117882
170 2 2 27399280 117613
170 2 3 27656854 117562
170 2 4 27796557 117072
170 2 5 27344749 117362
171 2 1 27810217 119702
171 2 2 27611234 123433
171 2 3 28204235 119302
171 2 4 28171324 119403
171 2 5 27582323 119262
172 2 1 28416558 120212
172 2 2 27635015 119963
172 2 3 28298627 120163
172 2 4 28520360 120052
172 2 5 27886108 120122
173 2 1 28696874 122782
173 2 2 28160073 121632
173 2 3 28407169 129132
173 2 4 28544501 121492
173 2 5 28287027 121703
174 2 1 28913128 123572
174 2 2 28432940 123233
174 2 3 28977559 134583
174 2 4 28714904 133272
174 2 5 28578502 126672
175 2 1 29449428 124552
175 2 2 28772076 130612
175 2 3 28749464 125042
175 2 4 29157452 125033
175 2 5 28555161 124593
176 2 1 29618891 125313
176 2 2 29784455 130562
176 2 3 29057030 125252
176 2 4 29477548 125352
176 2 5 29561530 166504
177 2 1 29149263 127092
177 2 2 29697822 126783
177 2 3 29499400 127002
177 2 4 29739224 127192
177 2 5 29911367 126732
178 2 1 29639352 130042
178 2 2 29936087 135253
178 2 3 30069230 130052
178 2 4 29742453 137123
178 2 5 30099081 129842
179 2 1 30421397 169543
179 2 2 30116291 135383
179 2 3 32712200 129893
179 2 4 32569957 140303
179 2 5 32541117 154653
180 2 1 31338994 131002
180 2 2 30746652 145393
180 2 3 30274794 130893
180 2 4 30531959 131852
180 2 5 30669442 170473
181 2 1 30774834 134582
181 2 2 31128430 134553
181 2 3 30815544 160603
181 2 4 30783443 134513
181 2 5 30777863 134523
182 2 1 31222222 175564
182 2 2 31509827 134243
182 2 3 31586159 133802
182 2 4 31441436 160303
182 2 5 31173091 133952
183 2 1 31774463 136172
183 2 2 31731072 135942
183 2 3 31535938 135843
183 2 4 31938426 135853
183 2 5 32087348 136703
184 2 1 31753002 138342
184 2 2 32017306 137883
184 2 3 32108049 144452
184 2 4 31891985 144893
184 2 5 32243952 137492
185 2 1 32490375 139763
185 2 2 32044977 139273
185 2 3 32214471 140382
185 2 4 32536497 139813
185 2 5 32191050 149263
186 2 1 32948425 139953
186 2 2 32757281 146212
186 2 3 32750631 145943
186 2 4 32115128 140153
186 2 5 32944925 139822
187 2 1 33433824 141642
187 2 2 32652729 141552
187 2 3 33092737 148543
187 2 4 33307621 141383
187 2 5 32433345 141262
188 2 1 33035486 143473
188 2 2 33613618 150343
188 2 3 33555306 143102
188 2 4 33086127 143183
188 2 5 33604657 143583
189 2 1 33532486 150972
189 2 2 33371692 145503
189 2 3 34122678 145512
189 2 4 33885032 145203
189 2 5 33866873 150632
190 2 1 33860741 145913
190 2 2 34146027 146333
190 2 3 34228039 146523
190 2 4 34206439 174833
190 2 5 34209528 146323
191 2 1 35514173 147863
191 2 2 34644127 147783
191 2 3 33823511 147722
191 2 4 34695178 147513
191 2 5 34644367 147303
192 2 1 35383281 158643
192 2 2 34446333 158123
192 2 3 34836140 161373
192 2 4 34825660 159503
192 2 5 34862531 158343
193 2 1 34959733 151533
193 2 2 35146396 151803
193 2 3 35239048 151313
193 2 4 35164737 151853
193 2 5 34568105 151543
194 2 1 35578654 151933
194 2 2 35723277 151923
194 2 3 35629165 151903
194 2 4 35144606 152013
194 2 5 35660446 152083
195 2 1 35591914 154003
195 2 2 35938771 153743
195 2 3 35591474 153693
195 2 4 35925311 161803
195 2 5 36006843 154163
196 2 1 36093065 155333
196 2 2 35872680 170563
196 2 3 35848010 155553
196 2 4 36394370 162363
196 2 5 36165396 155813
197 2 1 36444171 157083
197 2 2 36158805 175834
197 2 3 36256357 164803
197 2 4 36693516 156703
197 2 5 36691065 156753
198 2 1 37035053 157813
198 2 2 36642635 157803
198 2 3 38754654 158403
198 2 4 36722196 163293
198 2 5 37217356 157453
199 2 1 37193875 159583
199 2 2 36996281 159313
199 2 3 37435980 159733
199 2 4 37610473 166573
199 2 5 37078773 159623
200 2 1 37548772 193363
200 2 2 37683804 162113
200 2 3 37765836 161873
200 2 4 37776146 162093
200 2 5 37822087 161763
1 3 1 7130 3160
1 3 2 4461 2160
1 3 3 3980 2080
1 3 4 3950 2150
1 3 5 3930 2060
2 3 1 14350 2510
2 3 2 12981 2250
2 3 3 13150 2140
2 3 4 13481 2100
2 3 5 12810 2180
3 3 1 38011 2790
3 3 2 36881 2440
3 3 3 35851 2390
3 3 4 35441 2300
3 3 5 35581 2250
4 3 1 79262 3110
4 3 2 78381 2690
4 3 3 77191 2660
4 3 4 77122 2570
4 3 5 77921 2600
5 3 1 150713 3440
5 3 2 150283 2960
5 3 3 150053 3020
5 3 4 156103 3280
5 3 5 149313 2970
6 3 1 258175 4060
6 3 2 258215 3500
6 3 3 258335 3480
6 3 4 257495 3460
6 3 5 256885 3600
7 3 1 414838 4910
7 3 2 410468 4250
7 3 3 411697 4220
7 3 4 415188 4260
7 3 5 413638 4200
8 3 1 624062 5980
8 3 2 600381 5500
8 3 3 607142 5270
8 3 4 602401 5271
8 3 5 601521 5610
9 3 1 889586 7341
9 3 2 873886 6780
9 3 3 869686 6510
9 3 4 869156 6470
9 3 5 868906 6411
10 3 1 1216463 8850
10 3 2 1170472 7930
10 3 3 1167542 7820
10 3 4 1178762 8950
10 3 5 1174602 7841
11 3 1 1619131 11390
11 3 2 1588710 10850
11 3 3 1593170 10680
11 3 4 1579360 10860
11 3 5 1601280 11660
12 3 1 2062389 13770
12 3 2 2073349 13491
12 3 3 2033398 13010
12 3 4 2272253 15750
12 3 5 2323545 14650
13 3 1 2646650 16430
13 3 2 2555989 15890
13 3 3 2569889 15910
13 3 4 2558758 15600
13 3 5 2571239 15901
14 3 1 3329973 19751
14 3 2 3286522 19521
14 3 3 3247102 19050
14 3 4 3273282 19451
14 3 5 3247921 19150
15 3 1 4021646 23810
15 3 2 3976506 22700
15 3 3 3996736 22791
15 3 4 4294761 27260
15 3 5 4195410 22870
16 3 1 4884403 30160
16 3 2 4835141 30091
16 3 3 4797191 29551
16 3 4 4834391 29820
16 3 5 4800261 30341
17 3 1 5798830 32090
17 3 2 5735649 31881
17 3 3 5720158 31500
17 3 4 6233079 32000
17 3 5 5762229 31551
18 3 1 7039494 37921
18 3 2 6929961 36881
18 3 3 6884141 36781
18 3 4 6919691 36920
18 3 5 6901960 49241
19 3 1 8737856 43091
19 3 2 8098183 42731
19 3 3 8089733 42371
19 3 4 8071933 42610
19 3 5 8079353 42701
20 3 1 9840596 49811
20 3 2 9427868 49331
20 3 3 9352877 50691
20 3 4 9368017 48921
20 3 5 9358317 48721
21 3 1 11355605 57501
21 3 2 10738374 56302
21 3 3 10873046 56511
21 3 4 10816285 62722
21 3 5 10911987 67592
22 3 1 13000406 64731
22 3 2 12676881 63981
22 3 3 12691370 65762
22 3 4 13193060 64212
22 3 5 12732851 63611
23 3 1 14537685 72881
23 3 2 14403383 78051
23 3 3 14922273 74521
23 3 4 14440454 72221
23 3 5 14524805 72761
24 3 1 16978632 89551
24 3 2 16233557 89141
24 3 3 16225347 89471
24 3 4 16744597 89572
24 3 5 16358650 89582
25 3 1 19202094 97022
25 3 2 18321177 91262
25 3 3 18314887 91792
25 3 4 18750555 91622
25 3 5 18353187 96402
26 3 1 21027309 102452
26 3 2 20628811 101582
26 3 3 20575120 102652
26 3 4 21071049 101942
26 3 5 20469859 101662
27 3 1 24321191 121422
27 3 2 24963813 114292
27 3 3 25525154 114563
27 3 4 25130667 115912
27 3 5 25337741 114502
28 3 1 28136883 127522
28 3 2 27813517 128452
28 3 3 28211265 127172
28 3 4 27885708 126882
28 3 5 28164554 127673
29 3 1 31245503 141613
29 3 2 30676132 148043
29 3 3 31168621 140703
29 3 4 31270542 141823
29 3 5 30919086 141912
30 3 1 34301870 159693
30 3 2 34240240 155963
30 3 3 33766930 155513
30 3 4 34387352 154473
30 3 5 34167568 155743
31 3 1 38046662 171744
31 3 2 37654184 171604
31 3 3 37343917 171654
31 3 4 37736706 170533
31 3 5 37822127 176673
32 3 1 41419105 219724
32 3 2 41533817 218944
32 3 3 41078380 219255
32 3 4 40916685 218144
32 3 5 41392485 220685
33 3 1 45318569 211954
33 3 2 45082505 213054
33 3 3 45524653 206474
33 3 4 45066535 206183
33 3 5 45182536 210804
34 3 1 50982717 223254
34 3 2 48225844 222445
34 3 3 50045938 223014
34 3 4 50440756 222234
34 3 5 50341695 266085
35 3 1 54877370 257445
35 3 2 54496013 248845
35 3 3 54720568 244485
35 3 4 54448742 244235
35 3 5 54976552 247475
36 3 1 59222133 263235
36 3 2 59015639 263905
36 3 3 58785105 262395
36 3 4 58834695 263595
36 3 5 59269144 262715
37 3 1 63890841 285556
37 3 2 63450072 285525
37 3 3 63809390 295846
37 3 4 63457873 290615
37 3 5 63324941 289165
38 3 1 68642021 311846
38 3 2 72776130 318346
38 3 3 68560700 311266
38 3 4 68325826 311206
38 3 5 68546089 310026
39 3 1 73766858 342406
39 3 2 74119475 347547
39 3 3 73790259 335107
39 3 4 74585324 336266
39 3 5 74025573 336356
40 3 1 79321414 393057
40 3 2 79956385 399217
40 3 3 79938536 391037
40 3 4 79972925 394517
40 3 5 79841464 386728
41 3 1 86140023 388178
41 3 2 85533922 386707
41 3 3 85765376 392018
41 3 4 85071473 394617
41 3 5 86023120 387877
42 3 1 92172478 416738
42 3 2 92025374 420168
42 3 3 92034175 416118
42 3 4 92129126 416738
42 3 5 92107107 412847
43 3 1 102518323 452028
43 3 2 97405807 451178
43 3 3 100611977 450348
43 3 4 101129697 446769
43 3 5 100446094 444639
44 3 1 108039878 482079
44 3 2 108802743 483600
44 3 3 109240691 493379
44 3 4 108412775 482739
44 3 5 108470647 490900
45 3 1 115529529 523270
45 3 2 114448219 522280
45 3 3 115578410 526330
45 3 4 114891848 522390
45 3 5 114357798 521100
46 3 1 122955471 547911
46 3 2 122761607 570320
46 3 3 122110575 551310
46 3 4 123373799 565501
46 3 5 126996007 548130
47 3 1 129734630 609131
47 3 2 130388832 586641
47 3 3 130917172 583121
47 3 4 130639236 587391
47 3 5 131437651 722704
48 3 1 140632986 974539
48 3 2 138569567 796245
48 3 3 138499936 791325
48 3 4 139011175 803745
48 3 5 139256750 790145
49 3 1 148289751 792325
49 3 2 147279882 665513
49 3 3 147057528 671023
49 3 4 147354083 664153
49 3 5 149258310 666593
50 3 1 155963007 705144
50 3 2 157339282 721114
50 3 3 156422486 705014
50 3 4 156261372 701473
50 3 5 156531977 715364
51 3 1 164346186 746905
51 3 2 164767634 748254
51 3 3 165472917 753014
51 3 4 165346875 759134
51 3 5 164767103 748434
52 3 1 174550469 798545
52 3 2 175486556 789385
52 3 3 173456618 792235
52 3 4 175375125 787425
52 3 5 173993738 812385
53 3 1 184481638 844636
53 3 2 184414656 838696
53 3 3 184728353 838895
53 3 4 184670111 844736
53 3 5 185560868 1224514
54 3 1 200629303 872166
54 3 2 201453848 884667
54 3 3 196236440 880767
54 3 4 196716959 874546
54 3 5 195202910 872197
55 3 1 209221836 948908
55 3 2 212089140 936538
55 3 3 211129853 937208
55 3 4 211241924 945158
55 3 5 211495889 941058
56 3 1 222466877 1027490
56 3 2 223419485 1020750
56 3 3 222482418 1033209
56 3 4 222800004 1026549
56 3 5 222678972 1029209
57 3 1 234206590 1046030
57 3 2 234283462 1039520
57 3 3 235623916 1043020
57 3 4 234414223 1049510
57 3 5 242551368 1249874
58 3 1 268493500 1110801
58 3 2 244285011 1090391
58 3 3 245578975 1088740
58 3 4 247519603 1114101
58 3 5 246134106 1112261
59 3 1 258680463 1263245
59 3 2 257213666 1169192
59 3 3 258929998 1386786
59 3 4 258213886 1185813
59 3 5 259253355 1289474
60 3 1 269838906 1214973
60 3 2 270615811 1241624
60 3 3 270069490 1236853
60 3 4 269285605 1254034
60 3 5 270248683 1439797
61 3 1 285920709 1264554
61 3 2 284477753 1282315
61 3 3 283823831 1264214
61 3 4 290097509 1282885
61 3 5 284736217 1269004
62 3 1 297359647 1352646
62 3 2 299503447 1588451
62 3 3 300341943 1339755
62 3 4 297080872 1326275
62 3 5 296944569 1340386
63 3 1 311389433 1428477
63 3 2 309584459 1422647
63 3 3 313249558 1416637
63 3 4 311379583 1412387
63 3 5 310734240 1428537
64 3 1 326067581 1963517
64 3 2 327144602 1989047
64 3 3 325586832 1979877
64 3 4 328234053 1980268
64 3 5 326083361 1957797
65 3 1 339977925 1571190
65 3 2 339592577 1539550
65 3 3 342134496 1579800
65 3 4 340442124 2046329
65 3 5 341112387 1557179
66 3 1 356255323 1615621
66 3 2 354722155 1614320
66 3 3 355001560 1627611
66 3 4 356574740 1625371
66 3 5 354698014 1613811
67 3 1 373977729 1678312
67 3 2 366182371 1704782
67 3 3 367273313 1696052
67 3 4 366262803 1708772
67 3 5 365703563 1702732
68 3 1 388365493 1825015
68 3 2 387649738 1785764
68 3 3 385973207 1773034
68 3 4 387053216 1763694
68 3 5 387026257 1788824
69 3 1 402336947 1891616
69 3 2 398010285 1862585
69 3 3 405485898 1887685
69 3 4 403025031 2228872
69 3 5 402832357 1858355
70 3 1 419387090 1985448
70 3 2 419010703 1978908
70 3 3 420466561 1959477
70 3 4 424219041 1957038
70 3 5 421533871 1966577
71 3 1 437647396 2151841
71 3 2 432646682 2037999
71 3 3 438583184 2015188
71 3 4 438361680 2037358
71 3 5 437421333 2017319
72 3 1 459413209 2491116
72 3 2 452457538 2184732
72 3 3 459428880 2210153
72 3 4 456294260 2186131
72 3 5 464901433 2607569
73 3 1 475386312 2237123
73 3 2 470856366 2231573
73 3 3 474369053 2216702
73 3 4 475493883 2220952
73 3 5 473544347 2228722
74 3 1 493953935 2300693
74 3 2 491069489 2298224
74 3 3 493788211 2288774
74 3 4 493885623 2403026
74 3 5 492216721 2283413
75 3 1 514234618 2596178
75 3 2 508524561 2450486
75 3 3 517468080 2449026
75 3 4 510562018 2478657
75 3 5 513399913 2655780
76 3 1 534845800 2526078
76 3 2 525706326 2500058
76 3 3 536481900 2511827
76 3 4 531935155 2488197
76 3 5 540601819 2690231
77 3 1 554101715 2614999
77 3 2 546886957 2614009
77 3 3 558928136 2609699
77 3 4 554461421 2609089
77 3 5 554779387 2896134
78 3 1 571172658 2773053
78 3 2 569302742 2782183
78 3 3 575369817 2757252
78 3 4 582614885 2757192
78 3 5 571468234 2770002
79 3 1 597672571 2972776
79 3 2 591683067 2893335
79 3 3 597700521 2901915
79 3 4 598809552 2897055
79 3 5 601118496 3197181
80 3 1 621864549 3432515
80 3 2 618749950 3506167
80 3 3 623203014 3502597
80 3 4 623127913 3512247
80 3 5 623214475 3549398
81 3 1 646419075 3181320
81 3 2 636386995 3088918
81 3 3 643150122 3378664
81 3 4 644008269 3104148
81 3 5 642612142 3348264
82 3 1 665485786 3260142
82 3 2 661050822 3190610
82 3 3 665587578 3206230
82 3 4 670149354 3184250
82 3 5 665141160 3233540
83 3 1 691530469 3427425
83 3 2 683779134 3303083
83 3 3 694204170 3386974
83 3 4 690228876 3289212
83 3 5 694659239 3303313
84 3 1 713978666 3397904
84 3 2 708187396 3423205
84 3 3 714311882 3384265
84 3 4 716857200 3508427
84 3 5 713697710 3484336
85 3 1 753425523 3964765
85 3 2 740986377 3574398
85 3 3 739385938 3573347
85 3 4 739275735 3588188
85 3 5 742498996 3569087
86 3 1 768570180 4050437
86 3 2 765146715 3963636
86 3 3 764579915 3672179
86 3 4 769670711 3693030
86 3 5 764373891 3636898
87 3 1 791473585 3823142
87 3 2 788289334 4126388
87 3 3 790419035 3884323
87 3 4 791981974 3834873
87 3 5 791188889 3828893
88 3 1 820188369 4604537
88 3 2 820199670 4609217
88 3 3 821267359 4591886
88 3 4 823615114 4648888
88 3 5 822753178 5052736
89 3 1 849567996 4529746
89 3 2 848159259 4153509
89 3 3 846651610 4186129
89 3 4 853092933 4195170
89 3 5 846133881 4175869
90 3 1 876739152 4332262
90 3 2 884726613 4362262
90 3 3 883869756 4232540
90 3 4 885213753 4213020
90 3 5 885792652 4244290
91 3 1 915742141 4466245
91 3 2 916436204 4469064
91 3 3 914808764 4446113
91 3 4 911851457 4429174
91 3 5 923267374 4471465
92 3 1 943591878 4565597
92 3 2 945333182 4575177
92 3 3 945862211 4516176
92 3 4 943173340 4657178
92 3 5 947070305 4469614
93 3 1 974896433 4969184
93 3 2 973839292 5001905
93 3 3 973231740 5276630
93 3 4 974251460 5025585
93 3 5 973081338 5124037
94 3 1 1006313068 4844152
94 3 2 1014125695 5247319
94 3 3 1001884055 4830572
94 3 4 1001152060 4851252
94 3 5 1001043578 4819571
95 3 1 1034565654 5335502
95 3 2 1034048283 4958904
95 3 3 1035633163 4913304
95 3 4 1033570635 4957714
95 3 5 1036267886 5258430
96 3 1 1072090615 6815190
96 3 2 1071291070 6794259
96 3 3 1069649029 6841439
96 3 4 1077302923 7311128
96 3 5 1068859324 6792578
97 3 1 1101550854 5315020
97 3 2 1097027988 5286130
97 3 3 1097342884 5292600
97 3 4 1123323326 5273900
97 3 5 1101226588 5305980
98 3 1 1133114702 5443243
98 3 2 1135434059 5503064
98 3 3 1137642758 5532125
98 3 4 1132762675 5487675
98 3 5 1135202492 5511844
99 3 1 1174530438 5719878
99 3 2 1164326934 6247529
99 3 3 1165195401 5706918
99 3 4 1164014828 6318939
99 3 5 1164996057 5890012
100 3 1 1198349499 5801190
100 3 2 1199445880 5841491
100 3 3 1206368502 5803190
100 3 4 1201112781 5810070
100 3 5 1200813626 6227578
101 3 1 1240223523 6035134
101 3 2 1235975673 5969603
101 3 3 1245799489 6001014
101 3 4 1234623277 6034785
101 3 5 1237297937 6302370
102 3 1 1275252668 6627635
102 3 2 1270863094 6175437
102 3 3 1269681101 6143128
102 3 4 1272513966 6191727
102 3 5 1273496994 6187368
103 3 1 1310843391 6392031
103 3 2 1312642327 6353671
103 3 3 1315045991 6659617
103 3 4 1314027812 6398001
103 3 5 1319110699 6361840
104 3 1 1350524445 7356149
104 3 2 1352116814 7417480
104 3 3 1349704029 7372320
104 3 4 1352501993 7798958
104 3 5 1350060355 7363289
105 3 1 1389491153 7330729
105 3 2 1385623010 7090115
105 3 3 1386993516 6956672
105 3 4 1399888891 6947071
105 3 5 1384042080 6980143
106 3 1 1425390205 8864058
106 3 2 1429452151 7327879
106 3 3 1424755283 6894730
106 3 4 1427989203 6900760
106 3 5 1422042751 6911481
107 3 1 1480493069 7061994
107 3 2 1480066002 7551523
107 3 3 1476375241 7103585
107 3 4 1489566052 7090854
107 3 5 1479076642 7534203
108 3 1 1521096818 7277088
108 3 2 1521075629 7258028
108 3 3 1532900233 7292498
108 3 4 1519845785 7249038
108 3 5 1518405398 7269967
109 3 1 1562387713 7438781
109 3 2 1560977595 7518512
109 3 3 1561085997 7484302
109 3 4 1566740705 7962362
109 3 5 1567385546 7537043
110 3 1 1616056110 7676736
110 3 2 1598206861 8001021
110 3 3 1606109622 7957520
110 3 4 1605130493 7806738
110 3 5 1613034022 8017412
111 3 1 1648641838 8004901
111 3 2 1638304142 8012712
111 3 3 1644626152 8081983
111 3 4 1661232556 8010802
111 3 5 1644953148 8191435
112 3 1 1698491673 9823866
112 3 2 1701272585 9933598
112 3 3 1696017386 9538861
112 3 4 1697611787 9501580
112 3 5 1701390378 9485460
113 3 1 1735512155 8407769
113 3 2 1733510767 8866708
113 3 3 1733251652 8401579
113 3 4 1731860336 8433299
113 3 5 1734007017 8391399
114 3 1 1781850504 8617023
114 3 2 1779632121 8564202
114 3 3 1805616185 8610203
114 3 4 1770142872 8871949
114 3 5 1779816015 8655244
115 3 1 1824872679 9189274
115 3 2 1828776495 8796831
115 3 3 1826752713 8766192
115 3 4 1830485034 8754951
115 3 5 1824404845 8810463
116 3 1 1871544508 9527245
116 3 2 1875880211 9028497
116 3 3 1873103243 9041057
116 3 4 1885928292 9574677
116 3 5 1872180313 9067378
117 3 1 1909135797 9730609
117 3 2 1918209979 9336022
117 3 3 1918224791 9630408
117 3 4 1923436871 9201270
117 3 5 1929368384 9316942
118 3 1 1973097084 9734940
118 3 2 1971646361 9650048
118 3 3 1977199657 9557466
118 3 4 1969027610 9633038
118 3 5 1967309681 9622948
119 3 1 2030836927 9676389
119 3 2 2016757231 9752730
119 3 3 2004133062 9755110
119 3 4 2020851863 9708219
119 3 5 2014275696 9761400
120 3 1 2074308708 11703257
120 3 2 2074173280 11619814
120 3 3 2059760618 11725257
120 3 4 2077874715 12070383
120 3 5 2079225144 12009981
121 3 1 2124008465 10940202
121 3 2 2109024652 10406812
121 3 3 2114964825 10462753
121 3 4 2120942550 10836560
121 3 5 2116676455 10432083
122 3 1 2167699382 10602037
122 3 2 2173464001 10614506
122 3 3 2175536285 10681918
122 3 4 2169787522 10598996
122 3 5 2215680115 10585626
123 3 1 2217688975 11450212
123 3 2 2225756408 11265049
123 3 3 2228201128 10978904
123 3 4 2237632296 10786190
123 3 5 2221952160 10782289
124 3 1 2269480604 11443222
124 3 2 2273300269 11438261
124 3 3 2297756676 11876140
124 3 4 2274082631 11754407
124 3 5 2279733179 11468032
125 3 1 2331664776 11401182
125 3 2 2339923012 11764238
125 3 3 2329310600 11600595
125 3 4 2330699850 11700437
125 3 5 2336721355 11359610
126 3 1 2407495721 12877309
126 3 2 2382791597 13183194
126 3 3 2387449168 12944489
126 3 4 2388118685 13195345
126 3 5 2407159312 13046412
127 3 1 2444406647 11817929
127 3 2 2425404188 11873239
127 3 3 2441985390 11804959
127 3 4 2469158948 11848310
127 3 5 2444338392 11810120
128 3 1 2508072819 16057078
128 3 2 2506462253 16049687
128 3 3 2507416316 15956296
128 3 4 2504421545 16029957
128 3 5 2512281784 15925185
129 3 1 2570937687 12633364
129 3 2 2561721901 12680885
129 3 3 2557242403 12570533
129 3 4 2556282908 12738937
129 3 5 2556448756 12628665
130 3 1 2626758786 13591963
130 3 2 2615360719 13202616
130 3 3 2634352916 13174565
130 3 4 2602718963 13143875
130 3 5 2616865650 13166505
131 3 1 2675830670 13148414
131 3 2 2683838324 13318937
131 3 3 2683925230 12879039
131 3 4 2676289733 12904019
131 3 5 2673930934 12906250
132 3 1 2738347555 13944379
132 3 2 2740984189 13370378
132 3 3 2760342243 13586163
132 3 4 2758786830 13672325
132 3 5 2738628490 13931459
133 3 1 2785924524 14803795
133 3 2 2800858296 14670263
133 3 3 2800100257 14096972
133 3 4 2800629313 14160534
133 3 5 2811827535 14595431
134 3 1 2864066671 14270076
134 3 2 2865596485 13890418
134 3 3 2866338353 13836397
134 3 4 2860216634 14330577
134 3 5 2858313113 13898919
135 3 1 2976988166 14633883
135 3 2 2956067542 14138613
135 3 3 2941541968 14286436
135 3 4 2951448778 14359117
135 3 5 2955133660 14036122
136 3 1 3027844859 17228452
136 3 2 3030133116 16991706
136 3 3 3018157979 16576248
136 3 4 3034531709 17123510
136 3 5 3035707676 17211721
137 3 1 3095004505 16251443
137 3 2 3071226448 14658114
137 3 3 3087323723 14765895
137 3 4 3088085852 14788716
137 3 5 3089047385 15269535
138 3 1 3153333328 16048839
138 3 2 3163465553 16328394
138 3 3 3154943020 16235013
138 3 4 3155480774 15583500
138 3 5 3179776243 16295064
139 3 1 3218669093 17016568
139 3 2 3228339068 15522789
139 3 3 3256546300 16363725
139 3 4 3247779830 15993289
139 3 5 3222101027 15446968
140 3 1 3277571167 17413955
140 3 2 3284228168 15792934
140 3 3 3311757536 15717553
140 3 4 3288632581 16442296
140 3 5 3287301091 16142301
141 3 1 3365257942 17427355
141 3 2 3364659586 16641030
141 3 3 3361641306 16828054
141 3 4 3360216364 16874925
141 3 5 3370975170 16786444
142 3 1 3454907502 17398905
142 3 2 3422938701 17237942
142 3 3 3432324622 16937396
142 3 4 3428579667 17189661
142 3 5 3457063184 17355374
143 3 1 3503892034 17788302
143 3 2 3485447166 17442005
143 3 3 3492283008 17215021
143 3 4 3534734017 17093669
143 3 5 3499321490 17244132
144 3 1 3592968076 21116224
144 3 2 3608105835 20142166
144 3 3 3598292057 20260378
144 3 4 3600575416 20266898
144 3 5 3603799991 20612565
145 3 1 3661937203 18101388
145 3 2 3653695585 17761023
145 3 3 3651151482 17816334
145 3 4 3645068075 17917565
145 3 5 3649668187 17822823
146 3 1 3727114150 18652949
146 3 2 3720533112 18822142
146 3 3 3778897559 18687709
146 3 4 3701754153 18242731
146 3 5 3723440064 18716790
147 3 1 3803919244 18946684
147 3 2 3802752879 18476596
147 3 3 3816683805 18744981
147 3 4 3801438185 18924454
147 3 5 3800100456 19070667
148 3 1 3875359530 19226050
148 3 2 3872762106 18982285
148 3 3 3884285338 18624989
148 3 4 3904325478 19235090
148 3 5 3875292121 19019346
149 3 1 3929460671 19622617
149 3 2 3946145079 18690210
149 3 3 3953201087 19176539
149 3 4 3952354826 18693410
149 3 5 3965223822 19072588
150 3 1 4038020812 19726179
150 3 2 4032824279 19284831
150 3 3 4036068327 19744940
150 3 4 4034359280 19519805
150 3 5 4026223573 19169370
151 3 1 4148423158 20671488
151 3 2 4107548416 19766391
151 3 3 4098106857 19770900
151 3 4 4107538659 20058675
151 3 5 4111780724 19934943
152 3 1 4201928459 23256846
152 3 2 4206963509 22867129
152 3 3 4205030729 22907359
152 3 4 4204811661 22731737
152 3 5 4217651506 22804447
153 3 1 4279920870 21330340
153 3 2 4250106667 20932533
153 3 3 4272879108 20786130
153 3 4 4272722842 20465034
153 3 5 4273070373 20431073
154 3 1 4351223435 21759718
154 3 2 4362192806 21379752
154 3 3 4355769551 21011854
154 3 4 4352852782 21027355
154 3 5 4389306702 21202717
155 3 1 4435894241 22642275
155 3 2 4448273150 22013213
155 3 3 4448228184 22000923
155 3 4 4479193451 21772399
155 3 5 4438553223 21636827
156 3 1 4504157191 22273639
156 3 2 4522756214 22086695
156 3 3 4589641636 22196086
156 3 4 4522499542 21894582
156 3 5 4522947005 22013803
157 3 1 4627226138 23702365
157 3 2 4605491095 22100525
157 3 3 4610952603 22334960
157 3 4 4610926039 22151516
157 3 5 4635516395 22332979
158 3 1 4738329362 23786227
158 3 2 4696903130 22664386
158 3 3 4698748450 22696656
158 3 4 4701257762 23246857
158 3 5 4732376872 23415250
159 3 1 4784403055 24545651
159 3 2 4757152269 23757546
159 3 3 4781029242 23448440
159 3 4 4821521488 23426820
159 3 5 4784465356 23576923
160 3 1 4893272977 30187658
160 3 2 4884450277 29312510
160 3 3 4888092990 29635797
160 3 4 4889654945 29651348
160 3 5 4892534374 29144118
161 3 1 4975440319 27666670
161 3 2 4972158932 25462879
161 3 3 4993181053 27408106
161 3 4 4977587575 27878164
161 3 5 4970736841 27859144
162 3 1 5067827472 28963605
162 3 2 5061226083 29357662
162 3 3 5101224220 29265350
162 3 4 5036829975 28693360
162 3 5 5061074696 28858052
163 3 1 5158129336 29500964
163 3 2 5152011026 29610667
163 3 3 5190780881 29642828
163 3 4 5131150194 29197089
163 3 5 5155258613 29159708
164 3 1 5251780373 28410185
164 3 2 5256063888 28185341
164 3 3 5283067192 28233361
164 3 4 5213644372 28366723
164 3 5 5230397191 28479046
165 3 1 5333622479 29493624
165 3 2 5332276409 29940493
165 3 3 5381564571 29653568
165 3 4 5303856952 29787371
165 3 5 5332684080 29411243
166 3 1 5454336125 30350731
166 3 2 5429044825 30029565
166 3 3 5472927945 30564214
166 3 4 5403929951 30278010
166 3 5 5432714807 30435274
167 3 1 5527620878 30420453
167 3 2 5531474686 30215800
167 3 3 5565396590 29439914
167 3 4 5515157929 30134066
167 3 5 5526707882 29961465
168 3 1 5657387647 36595089
168 3 2 5648401762 36192751
168 3 3 5686409293 36290133
168 3 4 5632328879 36371786
168 3 5 5641453325 36321734
169 3 1 5788734584 30887582
169 3 2 5819175922 30871391
169 3 3 5836669587 30290281
169 3 4 5768366234 30291812
169 3 5 5787118412 30798610
170 3 1 5899948702 31790569
170 3 2 5896217777 30999824
170 3 3 5939538077 31533034
170 3 4 5865436366 31535464
170 3 5 5890862229 31096786
171 3 1 6000546720 33079033
171 3 2 5995491470 33074244
171 3 3 6045085969 33347788
171 3 4 5970054959 33331709
171 3 5 5995496844 33266687
172 3 1 6100869214 32586195
172 3 2 6099273488 32404001
172 3 3 6143367563 32448742
172 3 4 6080309519 33150896
172 3 5 6093387380 32467232
173 3 1 6214155921 38874063
173 3 2 6210631069 33936619
173 3 3 6247536768 33689695
173 3 4 6184880462 33699895
173 3 5 6200419659 33857488
174 3 1 6319418197 34543450
174 3 2 6319497362 35065661
174 3 3 6354931915 34246155
174 3 4 6294641272 34914809
174 3 5 6302293969 35045730
175 3 1 6417386695 34542671
175 3 2 6415874451 33979681
175 3 3 6465798716 34501801
175 3 4 6387601994 34194205
175 3 5 6416128997 33634074
176 3 1 6542037135 39787501
176 3 2 6544222799 40222869
176 3 3 6595867378 39783930
176 3 4 6519356110 39710099
176 3 5 6576384259 40112747
177 3 1 6638349412 37175091
177 3 2 6639856364 36896846
177 3 3 6684933579 36632191
177 3 4 6610621070 36684203
177 3 5 6626477822 36708362
178 3 1 6742046566 37204952
178 3 2 6747985393 36657022
178 3 3 6789074011 36899916
178 3 4 6719856069 37238893
178 3 5 6748693047 37264533
179 3 1 6858422710 37272383
179 3 2 6857861024 37432156
179 3 3 6947980678 36978037
179 3 4 6828715610 37202063
179 3 5 6848562968 37095610
180 3 1 6978879391 37105140
180 3 2 6972025635 36974248
180 3 3 7023789845 37167791
180 3 4 6947115763 37039050
180 3 5 6978503727 37176292
181 3 1 7084326058 39823082
181 3 2 7089976348 39790480
181 3 3 7142131467 39808812
181 3 4 7056552264 39741530
181 3 5 7075806530 39437894
182 3 1 7204544714 38607668
182 3 2 7208948870 38694730
182 3 3 7252301301 38842123
182 3 4 7173045739 39072708
182 3 5 7232229369 39183180
183 3 1 7322242311 38838773
183 3 2 7312880628 38647550
183 3 3 7358554953 39137888
183 3 4 7288975782 38792083
183 3 5 7318198046 39195789
184 3 1 7463603936 48083688
184 3 2 7467143714 47990096
184 3 3 7522517593 48062777
184 3 4 7432496077 47771302
184 3 5 7461293594 47736622
185 3 1 7545785001 41097296
185 3 2 7557723139 40920783
185 3 3 7640174239 40985254
185 3 4 7521695345 41307380
185 3 5 7542808046 41386412
186 3 1 7677128065 41878070
186 3 2 7677280082 42472182
186 3 3 7728751485 41671097
186 3 4 7645692289 42213437
186 3 5 7669503953 41833580
187 3 1 7799234764 42314089
187 3 2 7798885480 42502783
187 3 3 7852579736 42338060
187 3 4 7764076668 42614835
187 3 5 7794093468 41834930
188 3 1 7928263304 42776838
188 3 2 7917698646 42225457
188 3 3 8012726995 42665827
188 3 4 7889066721 42813669
188 3 5 7918249624 42892269
189 3 1 8045757055 43295997
189 3 2 8050607860 43239887
189 3 3 8105320316 43583564
189 3 4 8011788511 43771316
189 3 5 8049710410 43499362
190 3 1 8181877038 44884538
190 3 2 8174518901 44617943
190 3 3 8231744754 44408079
190 3 4 8145267783 44625814
190 3 5 8171235606 44179585
191 3 1 8305160378 45862356
191 3 2 8300638415 45871407
191 3 3 8385959559 46373256
191 3 4 8279739164 45345937
191 3 5 8295702999 45916858
192 3 1 8456680472 67889522
192 3 2 8458050349 67644068
192 3 3 8512400168 67134209
192 3 4 8417108539 67633328
192 3 5 8445890785 67438754
193 3 1 8559114317 45406567
193 3 2 8559031537 45737564
193 3 3 8646597524 45493709
193 3 4 8528727298 45630482
193 3 5 8565437934 45356047
194 3 1 8698969498 47012968
194 3 2 8690710344 46851975
194 3 3 8759279042 47242943
194 3 4 8659636841 46625571
194 3 5 8693422422 46226733
195 3 1 8830388471 48088109
195 3 2 8827955526 48228321
195 3 3 8885486346 48020808
195 3 4 8787543737 47950876
195 3 5 8820884137 47899055
196 3 1 8961303104 49945035
196 3 2 8993209198 50484425
196 3 3 9026892886 50264809
196 3 4 8922027216 50135887
196 3 5 8964079053 50144327
197 3 1 9105038858 50499524
197 3 2 9104189233 50176659
197 3 3 9161273353 50515195
197 3 4 9055799551 50046656
197 3 5 9097246086 50874831
198 3 1 9240159739 52705065
198 3 2 9223722060 51388230
198 3 3 9300550682 51513350
198 3 4 9194031955 51979728
198 3 5 9261048773 51802334
199 3 1 9371736493 55371684
199 3 2 9376176811 55336093
199 3 3 9449932753 56236750
199 3 4 9331190283 55224169
199 3 5 9358789691 55427302
200 3 1 9544705337 94896576
200 3 2 9545313357 94806003
200 3 3 9605600582 93337311
200 3 4 9539285350 94440252
200 3 5 9539830127 94441032
