1 2 1 358187 88092
1 2 2 18010 8041
1 2 3 13650 6950
1 2 4 12720 6420
1 2 5 12591 5830
2 2 1 43751 9460
2 2 2 36501 7040
2 2 3 36061 7240
2 2 4 34870 6441
2 2 5 35821 6290
3 2 1 115573 7850
3 2 2 90202 7331
3 2 3 87451 8570
3 2 4 86722 6450
3 2 5 88041 6881
4 2 1 186434 6890
4 2 2 158303 5770
4 2 3 154473 5870
4 2 4 154943 5570
4 2 5 155752 5820
5 2 1 258215 6680
5 2 2 242274 6030
5 2 3 238234 5680
5 2 4 233884 5790
5 2 5 235164 5870
6 2 1 400377 6720
6 2 2 373087 6290
6 2 3 366707 6060
6 2 4 377307 6680
6 2 5 365327 7220
7 2 1 513610 4070
7 2 2 287226 3570
7 2 3 302856 4000
7 2 4 252495 2840
7 2 5 233285 2810
8 2 1 329627 3180
8 2 2 314126 2890
8 2 3 310246 2850
8 2 4 308636 2880
8 2 5 310115 2860
9 2 1 437008 3600
9 2 2 404567 3200
9 2 3 398297 2971
9 2 4 397377 2930
9 2 5 395487 2900
10 2 1 533980 3460
10 2 2 514510 3040
10 2 3 504230 3060
10 2 4 509960 3470
10 2 5 502810 3070
11 2 1 706104 3650
11 2 2 679213 3340
11 2 3 667102 3130
11 2 4 661342 3190
11 2 5 660692 3401
12 2 1 820245 4041
12 2 2 795025 3450
12 2 3 781635 3250
12 2 4 871416 3860
12 2 5 926457 4211
13 2 1 1138161 5440
13 2 2 955978 3580
13 2 3 903427 3410
13 2 4 898687 3680
13 2 5 889807 3390
14 2 1 1106911 4040
14 2 2 1080111 3550
14 2 3 1183393 4440
14 2 4 1234444 3490
14 2 5 1044240 3570
15 2 1 1292814 4220
15 2 2 1262264 3630
15 2 3 1244673 3550
15 2 4 1238913 3800
15 2 5 1225863 3590
16 2 1 1737593 4261
16 2 2 1714992 4230
16 2 3 1686712 3800
16 2 4 1675952 3910
16 2 5 1667672 3780
17 2 1 1723703 4280
17 2 2 1709812 4100
17 2 3 1687082 4030
17 2 4 1680741 4080
17 2 5 1666681 3940
18 2 1 1912516 4640
18 2 2 1885686 4010
18 2 3 1873436 4240
18 2 4 1863695 4131
18 2 5 1853495 4250
19 2 1 2059899 4610
19 2 2 2040078 4470
19 2 3 2018239 4140
19 2 4 2026389 4740
19 2 5 2004418 4150
20 2 1 2328374 5101
20 2 2 2298454 4310
20 2 3 2300764 4690
20 2 4 2270863 4260
20 2 5 2273103 4390
21 2 1 2736992 5120
21 2 2 2700990 4440
21 2 3 2685401 4600
21 2 4 2684861 4830
21 2 5 2668361 4580
22 2 1 2926875 5390
22 2 2 2911085 4940
22 2 3 2893475 4960
22 2 4 2887515 4910
22 2 5 2882385 4870
23 2 1 3399535 5590
23 2 2 3369294 5330
23 2 3 3361924 5480
23 2 4 3343883 5130
23 2 5 3327943 4940
24 2 1 3644859 6020
24 2 2 3612659 5750
24 2 3 3593688 5720
24 2 4 3586188 5700
24 2 5 3579678 5620
25 2 1 3927655 6140
25 2 2 3887224 6200
25 2 3 3871693 5660
25 2 4 3861853 5520
25 2 5 3872074 5670
26 2 1 4361163 6120
26 2 2 4361782 5950
26 2 3 4345092 6120
26 2 4 4311972 6060
26 2 5 4311402 5830
27 2 1 5186689 6570
27 2 2 5137927 6120
27 2 3 5164789 6450
27 2 4 5155429 6320
27 2 5 5135467 6370
28 2 1 4913714 6550
28 2 2 4877543 6130
28 2 3 4879943 6030
28 2 4 4864602 6091
28 2 5 4860832 6210
29 2 1 5416714 6551
29 2 2 5391262 6340
29 2 3 5381372 6380
29 2 4 5367133 6210
29 2 5 5368582 6300
30 2 1 5843380 7010
30 2 2 5834731 6740
30 2 3 5812430 6600
30 2 4 5809231 6860
30 2 5 5804211 6600
31 2 1 6010124 7380
31 2 2 5975664 6830
31 2 3 5960803 6810
31 2 4 5941713 6920
31 2 5 5941143 6680
32 2 1 6526905 7331
32 2 2 6495343 7010
32 2 3 6482243 6890
32 2 4 6491344 7000
32 2 5 6472953 7010
33 2 1 7557634 7741
33 2 2 7523403 7581
33 2 3 7522752 7580
33 2 4 7523133 8340
33 2 5 7527543 7670
34 2 1 7665366 7920
34 2 2 7654936 7840
34 2 3 7665055 8240
34 2 4 7662986 7970
34 2 5 7671376 7980
35 2 1 8606595 8470
35 2 2 8568183 8350
35 2 3 8548443 8260
35 2 4 8569643 8220
35 2 5 8547863 8250
36 2 1 8473171 8931
36 2 2 8460961 8480
36 2 3 8434620 8431
36 2 4 8439711 8460
36 2 5 8447130 8490
37 2 1 9168625 8930
37 2 2 9055622 8370
37 2 3 9085534 8700
37 2 4 9063762 8270
37 2 5 9082094 8420
38 2 1 9687614 9130
38 2 2 9645684 8520
38 2 3 9628213 8780
38 2 4 9633383 8791
38 2 5 9654293 8610
39 2 1 10226314 9110
39 2 2 10202885 8760
39 2 3 10198474 8680
39 2 4 10174004 8711
39 2 5 10200963 8640
40 2 1 10545491 9310
40 2 2 10533020 9120
40 2 3 10512780 9020
40 2 4 10507670 9060
40 2 5 10508260 9100
41 2 1 11342216 9760
41 2 2 11313265 9410
41 2 3 11335965 9670
41 2 4 11361676 10080
41 2 5 11351275 9630
42 2 1 11776074 9971
42 2 2 11750983 9741
42 2 3 11798884 10680
42 2 4 11752334 10150
42 2 5 11831505 10141
43 2 1 12023348 10320
43 2 2 12030238 9930
43 2 3 12009349 10210
43 2 4 12006869 10020
43 2 5 12004998 9830
44 2 1 12821474 10311
44 2 2 12806053 10130
44 2 3 12788682 10170
44 2 4 12808634 10561
44 2 5 12800843 10070
45 2 1 14121818 10840
45 2 2 14079717 10721
45 2 3 14129368 10490
45 2 4 14158610 11231
45 2 5 14148629 10700
46 2 1 15625567 11810
46 2 2 15601666 11121
46 2 3 15617097 11341
46 2 4 15611597 11330
46 2 5 15671298 11580
47 2 1 15214129 11970
47 2 2 15176889 11770
47 2 3 15155598 11871
47 2 4 15186449 11800
47 2 5 15170538 11730
48 2 1 16321290 12230
48 2 2 16318710 12010
48 2 3 16339231 12081
48 2 4 16308981 12120
48 2 5 16282880 11931
49 2 1 16871251 12760
49 2 2 16901462 12330
49 2 3 16835950 12331
49 2 4 16829710 12400
49 2 5 17011814 12640
50 2 1 18049274 13310
50 2 2 17925731 13960
50 2 3 17948801 12681
50 2 4 17928491 12671
50 2 5 17983373 12700
51 2 1 18575033 13511
51 2 2 18539433 15140
51 2 3 18552503 13100
51 2 4 18603734 13021
51 2 5 18590274 13410
52 2 1 20007091 13840
52 2 2 19930769 13100
52 2 3 19813377 12791
52 2 4 19842187 12890
52 2 5 19938500 13460
53 2 1 20374578 14370
53 2 2 20240966 13720
53 2 3 20237235 14630
53 2 4 20129763 13130
53 2 5 20138814 13230
54 2 1 20226805 13910
54 2 2 20211935 13480
54 2 3 20185194 13830
54 2 4 20202524 13850
54 2 5 20198974 13610
55 2 1 21070941 14270
55 2 2 21049989 13931
55 2 3 21164053 14731
55 2 4 21125962 14160
55 2 5 21122052 14370
56 2 1 21943608 14631
56 2 2 21887835 14791
56 2 3 21895526 14730
56 2 4 21864116 14311
56 2 5 21845586 14670
57 2 1 23042368 15260
57 2 2 23020248 14730
57 2 3 22974117 14750
57 2 4 22961277 14840
57 2 5 22999228 14790
58 2 1 22958997 16170
58 2 2 22905256 15440
58 2 3 22804404 15270
58 2 4 22804794 15070
58 2 5 22803704 15070
59 2 1 24636009 15760
59 2 2 24561936 15490
59 2 3 24577418 15880
59 2 4 24676078 16290
59 2 5 24583228 15730
60 2 1 25391353 16790
60 2 2 25273730 16020
60 2 3 25246271 15900
60 2 4 25228580 17740
60 2 5 25371233 16990
61 2 1 25730459 16740
61 2 2 25842082 17230
61 2 3 25787601 16600
61 2 4 25708900 16340
61 2 5 25717270 16340
62 2 1 27119595 17220
62 2 2 27074345 16690
62 2 3 27082235 16790
62 2 4 27071925 16900
62 2 5 27083525 16640
63 2 1 28664855 18630
63 2 2 29480771 17470
63 2 3 28550552 18601
63 2 4 28456691 17320
63 2 5 28702166 19711
64 2 1 28116795 18090
64 2 2 28074645 17670
64 2 3 28081934 17911
64 2 4 28059714 17981
64 2 5 28057913 17631
65 2 1 30921128 19000
65 2 2 30835097 18670
65 2 3 30746105 18071
65 2 4 30886077 18960
65 2 5 31068961 18801
66 2 1 31958918 19441
66 2 2 31932327 19230
66 2 3 31969107 19110
66 2 4 31944207 19250
66 2 5 31913887 19130
67 2 1 33909125 20040
67 2 2 33995537 19520
67 2 3 33929666 19650
67 2 4 34011787 19801
67 2 5 33885524 19450
68 2 1 34561137 20430
68 2 2 34663239 19980
68 2 3 34453075 20580
68 2 4 34475146 20031
68 2 5 34521707 20520
69 2 1 35556256 20751
69 2 2 35516215 20611
69 2 3 35501795 20750
69 2 4 35882293 24421
69 2 5 37990603 20571
70 2 1 39360459 21370
70 2 2 37088406 21121
70 2 3 37455412 22350
70 2 4 36731099 21920
70 2 5 36697167 21010
71 2 1 35872853 24061
71 2 2 35944103 22050
71 2 3 35894032 21620
71 2 4 35938804 22101
71 2 5 35820411 21541
72 2 1 41317646 22800
72 2 2 41178154 22730
72 2 3 41229954 22050
72 2 4 41147353 26091
72 2 5 41239465 22211
73 2 1 37696627 23110
73 2 2 37483733 22270
73 2 3 37331320 21841
73 2 4 37315989 21930
73 2 5 37318360 22261
74 2 1 41378227 23150
74 2 2 41337357 22410
74 2 3 41325575 22581
74 2 4 41551960 22430
74 2 5 41679413 23480
75 2 1 41077350 23840
75 2 2 41015341 23210
75 2 3 41100012 23140
75 2 4 40881337 22940
75 2 5 40918579 23161
76 2 1 42933157 23781
76 2 2 43366915 24651
76 2 3 43048729 23751
76 2 4 43058569 23750
76 2 5 42875645 23521
77 2 1 42813645 24780
77 2 2 43123220 24901
77 2 3 42998458 24221
77 2 4 43187330 24600
77 2 5 42844576 25821
78 2 1 44531787 24981
78 2 2 44490436 24541
78 2 3 44551467 24500
78 2 4 44542377 24690
78 2 5 44550287 24680
79 2 1 45556847 25470
79 2 2 45942903 25910
79 2 3 45758001 25751
79 2 4 45506045 25191
79 2 5 45499246 25161
80 2 1 45547886 26201
80 2 2 45497125 25651
80 2 3 45505456 25971
80 2 4 45465924 25540
80 2 5 45514946 25650
81 2 1 48590684 26830
81 2 2 48607334 26311
81 2 3 48809928 26990
81 2 4 48678327 26540
81 2 5 48847479 27110
82 2 1 50189084 27271
82 2 2 50193575 28981
82 2 3 50172245 26901
82 2 4 50189584 26740
82 2 5 50227475 26690
83 2 1 51509670 27601
83 2 2 51528410 27481
83 2 3 51490849 28390
83 2 4 52191453 27501
83 2 5 51464439 27640
84 2 1 51875437 28791
84 2 2 51827966 28061
84 2 3 51822925 27890
84 2 4 51832646 28150
84 2 5 52426937 41691
85 2 1 56649987 30120
85 2 2 53599100 29710
85 2 3 53639269 28410
85 2 4 53522908 28641
85 2 5 53451227 28480
86 2 1 55953283 29831
86 2 2 55902424 29040
86 2 3 56237389 29090
86 2 4 55936275 29220
86 2 5 55889673 28991
87 2 1 57081305 30020
87 2 2 58105715 29710
87 2 3 57590875 30700
87 2 4 57478584 29981
87 2 5 57390181 29780
88 2 1 56404092 31081
88 2 2 56222390 30181
88 2 3 56304661 31191
88 2 4 56240050 30551
88 2 5 56266150 30121
89 2 1 58089084 31030
89 2 2 58010153 30841
89 2 3 58050295 30740
89 2 4 58400391 32021
89 2 5 58227096 31280
90 2 1 59926550 31951
90 2 2 59971221 32661
90 2 3 60342157 32420
90 2 4 60101223 32171
90 2 5 59857128 31611
91 2 1 62595651 32610
91 2 2 62857636 33041
91 2 3 62941387 33210
91 2 4 62759123 32581
91 2 5 62485799 31991
92 2 1 60833747 33411
92 2 2 61187134 33431
92 2 3 60773415 33020
92 2 4 60665464 32751
92 2 5 60679984 33131
93 2 1 66333432 34351
93 2 2 65952024 34190
93 2 3 66488124 34111
93 2 4 66783370 33821
93 2 5 67095057 34180
94 2 1 70159414 36071
94 2 2 70199745 34891
94 2 3 70212815 34771
94 2 4 70076672 34530
94 2 5 69982041 34771
95 2 1 71012041 36051
95 2 2 71084602 35281
95 2 3 71050022 35261
95 2 4 71134113 35611
95 2 5 71205714 35350
96 2 1 72400716 36400
96 2 2 72263085 36421
96 2 3 72325355 40451
96 2 4 72485509 36091
96 2 5 72294705 36051
97 2 1 73581309 37000
97 2 2 73504769 36811
97 2 3 73659561 36631
97 2 4 73585180 37771
97 2 5 73611360 36371
98 2 1 76872292 37660
98 2 2 76913813 37931
98 2 3 76862821 39090
98 2 4 76708819 37601
98 2 5 76777861 37951
99 2 1 74920574 39071
99 2 2 74826223 38260
99 2 3 74659990 38170
99 2 4 74673210 38201
99 2 5 74949695 38601
100 2 1 76910793 38941
100 2 2 76847682 38631
100 2 3 76833391 38700
100 2 4 77081216 38621
100 2 5 76932394 43441
101 2 1 78054104 40521
101 2 2 78011044 39201
101 2 3 78053344 39231
101 2 4 78158397 39391
101 2 5 77929681 39290
102 2 1 81903378 40500
102 2 2 82091091 40300
102 2 3 82014260 41270
102 2 4 81814656 40070
102 2 5 82000769 40121
103 2 1 82032500 40891
103 2 2 81270197 40811
103 2 3 81225964 40371
103 2 4 81510721 40931
103 2 5 81188094 40241
104 2 1 89396410 41761
104 2 2 89022703 41071
104 2 3 89331859 41591
104 2 4 89631135 42171
104 2 5 88852219 41180
105 2 1 89866189 43371
105 2 2 89785767 42961
105 2 3 89798407 42491
105 2 4 89691855 41511
105 2 5 89783127 41751
106 2 1 87726398 43671
106 2 2 87721938 42470
106 2 3 87754119 42151
106 2 4 87815070 42091
106 2 5 88370600 43511
107 2 1 84411926 43861
107 2 2 83230984 44041
107 2 3 82743604 43831
107 2 4 82788784 43031
107 2 5 83305095 43911
108 2 1 89817868 44800
108 2 2 89856548 44600
108 2 3 89110934 44001
108 2 4 89465531 44111
108 2 5 89162406 43621
109 2 1 90869069 45301
109 2 2 90832188 44591
109 2 3 91501310 45601
109 2 4 91035931 49901
109 2 5 91348558 44941
110 2 1 91178765 45851
110 2 2 91013391 45821
110 2 3 91081682 45751
110 2 4 91065652 45211
110 2 5 90989950 45111
111 2 1 94544298 46281
111 2 2 94523398 47601
111 2 3 95029007 46791
111 2 4 94827364 46501
111 2 5 94965576 46671
112 2 1 96009407 48731
112 2 2 96296481 57922
112 2 3 98354010 47091
112 2 4 95954564 46601
112 2 5 95902014 46761
113 2 1 97767129 48651
113 2 2 97666218 47751
113 2 3 97047345 47930
113 2 4 97139028 48131
113 2 5 97426493 47751
114 2 1 98323340 48481
114 2 2 98840950 49661
114 2 3 100868248 48751
114 2 4 98288969 48361
114 2 5 98325130 49491
115 2 1 106903273 51271
115 2 2 106339183 49451
115 2 3 106768920 49621
115 2 4 106464274 49251
115 2 5 106010496 49231
116 2 1 104355425 50551
116 2 2 104213602 49541
116 2 3 104399786 50371
116 2 4 104222073 49711
116 2 5 104142981 49811
117 2 1 102657282 51601
117 2 2 102264384 50621
117 2 3 102334096 53261
117 2 4 102530050 51351
117 2 5 102371147 50471
118 2 1 122162754 52531
118 2 2 122398098 57931
118 2 3 123082550 52141
118 2 4 122434698 52251
118 2 5 122187564 56681
119 2 1 108683987 52481
119 2 2 108546055 53801
119 2 3 109079104 52911
119 2 4 108607736 53121
119 2 5 108385790 52171
120 2 1 109691537 54461
120 2 2 109593575 54421
120 2 3 109549113 53641
120 2 4 109941261 54291
120 2 5 109538294 53241
121 2 1 113035241 54961
121 2 2 113016439 53741
121 2 3 113655182 55441
121 2 4 113313774 54611
121 2 5 112917508 54161
122 2 1 113357275 56421
122 2 2 113773714 55581
122 2 3 113814024 55171
122 2 4 113297965 54661
122 2 5 114478866 57081
123 2 1 115339035 55861
123 2 2 115026258 55951
123 2 3 115028478 56071
123 2 4 115038178 55831
123 2 5 115092649 55992
124 2 1 110815838 56581
124 2 2 111058662 57221
124 2 3 110319539 56731
124 2 4 109736188 56631
124 2 5 110718475 60001
125 2 1 119404111 58401
125 2 2 119376320 57601
125 2 3 119268478 57771
125 2 4 119262548 57191
125 2 5 119294389 57351
126 2 1 121662964 58641
126 2 2 122240644 58151
126 2 3 121745746 58081
126 2 4 121688055 59701
126 2 5 121933169 58701
127 2 1 123646581 59641
127 2 2 124169432 59711
127 2 3 124905276 72222
127 2 4 124193912 60441
127 2 5 123657422 59121
128 2 1 129232787 61431
128 2 2 129815759 61391
128 2 3 129221887 60951
128 2 4 128934332 61521
128 2 5 128990944 61371
129 2 1 128969012 61671
129 2 2 129830810 60931
129 2 3 128468502 62061
129 2 4 128407603 60921
129 2 5 128188207 61241
130 2 1 132018541 62381
130 2 2 131912138 62401
130 2 3 134904537 61821
130 2 4 132894347 61791
130 2 5 132887387 64561
131 2 1 152058072 64362
131 2 2 151718666 63252
131 2 3 151239426 64121
131 2 4 150902070 62862
131 2 5 151932300 64601
132 2 1 148475514 65331
132 2 2 147869352 64111
132 2 3 147915613 64011
132 2 4 147930153 64621
132 2 5 147830172 64491
133 2 1 145485317 65111
133 2 2 145295103 65151
133 2 3 145954836 65782
133 2 4 145687390 64622
133 2 5 145402546 65611
134 2 1 160072724 66752
134 2 2 160145085 66471
134 2 3 160137356 66381
134 2 4 160057294 66071
134 2 5 160288318 66381
135 2 1 151855308 67891
135 2 2 151210576 66871
135 2 3 151785587 68942
135 2 4 151205636 67361
135 2 5 151318618 67321
136 2 1 146645758 67971
136 2 2 147097748 67672
136 2 3 146441504 67851
136 2 4 146547637 67991
136 2 5 146294462 68601
137 2 1 152138923 68791
137 2 2 155441846 68591
137 2 3 152225786 69301
137 2 4 151715635 69601
137 2 5 152144444 69872
138 2 1 158177048 70011
138 2 2 158399283 70402
138 2 3 158216849 69832
138 2 4 158421233 70612
138 2 5 158250680 69982
139 2 1 158359802 71011
139 2 2 158395223 70611
139 2 3 158534575 72671
139 2 4 158153897 70491
139 2 5 158277970 70651
140 2 1 171105374 72962
140 2 2 170892920 71412
140 2 3 170721896 71561
140 2 4 170797318 71451
140 2 5 170838600 73101
141 2 1 160398300 72611
141 2 2 159747338 72191
141 2 3 159715448 73101
141 2 4 159586385 72242
141 2 5 160036134 72751
142 2 1 159696208 74072
142 2 2 159572495 73192
142 2 3 159555014 73192
142 2 4 159962833 74332
142 2 5 159796489 75621
143 2 1 160935341 75392
143 2 2 160865820 74772
143 2 3 162214695 74501
143 2 4 163748224 74851
143 2 5 160885111 74352
144 2 1 173269925 75761
144 2 2 173603523 76822
144 2 3 173240464 75921
144 2 4 173541530 76652
144 2 5 172942419 76642
145 2 1 169833560 77061
145 2 2 169222828 76292
145 2 3 169294110 76882
145 2 4 169042464 77061
145 2 5 170702536 92152
146 2 1 171063953 77682
146 2 2 170852279 77371
146 2 3 170762047 77631
146 2 4 171292997 77352
146 2 5 171163306 78191
147 2 1 192325897 81142
147 2 2 191058324 78762
147 2 3 190559253 77652
147 2 4 190378979 78361
147 2 5 191750017 77982
148 2 1 169360789 81082
148 2 2 167327612 78611
148 2 3 167254052 79112
148 2 4 168290719 79201
148 2 5 167068076 80542
149 2 1 173999990 81452
149 2 2 173752776 80122
149 2 3 174620281 80701
149 2 4 174805584 84251
149 2 5 172842397 80102
150 2 1 185804895 81661
150 2 2 185605190 81292
150 2 3 185613410 80762
150 2 4 185610290 83752
150 2 5 185656891 80911
151 2 1 186253882 83342
151 2 2 186286843 81972
151 2 3 186391775 82792
151 2 4 187334813 83171
151 2 5 186561858 82062
152 2 1 188401493 83332
152 2 2 188068087 83141
152 2 3 189400122 89032
152 2 4 189539494 84232
152 2 5 188080587 84512
153 2 1 187743731 84591
153 2 2 187634249 84492
153 2 3 187507996 83271
153 2 4 187891654 84932
153 2 5 187492356 83692
154 2 1 191302549 87512
154 2 2 191525922 85742
154 2 3 191563633 85891
154 2 4 192053323 85541
154 2 5 190185037 85512
155 2 1 198145158 87182
155 2 2 195146801 86192
155 2 3 195068219 87581
155 2 4 195091580 87102
155 2 5 195400295 85982
156 2 1 194784345 87352
156 2 2 194932967 89051
156 2 3 194813895 88802
156 2 4 194855276 87961
156 2 5 194853275 88251
157 2 1 199036105 89022
157 2 2 199160768 88632
157 2 3 200694916 89012
157 2 4 200809859 88622
157 2 5 199167418 88062
158 2 1 196780393 90542
158 2 2 196634549 88912
158 2 3 196485367 90031
158 2 4 196530567 89282
158 2 5 196412675 88982
159 2 1 218286512 90721
159 2 2 218313621 90572
159 2 3 220122796 91852
159 2 4 219239660 90391
159 2 5 218723380 91111
160 2 1 201340319 93672
160 2 2 201343529 92172
160 2 3 201379979 91292
160 2 4 201353709 92172
160 2 5 201338789 91841
161 2 1 206698061 93162
161 2 2 206005538 93692
161 2 3 206581949 93371
161 2 4 206980026 93852
161 2 5 207034467 92942
162 2 1 212408250 93982
162 2 2 212023022 93752
162 2 3 212261097 94382
162 2 4 212090243 95392
162 2 5 211944991 96141
163 2 1 209982963 95102
163 2 2 210118186 95402
163 2 3 209744628 94102
163 2 4 211773198 95302
163 2 5 209807729 98362
164 2 1 199067566 97052
164 2 2 198270110 96902
164 2 3 198301541 99262
164 2 4 199369261 96632
164 2 5 197960475 95281
165 2 1 220317639 98102
165 2 2 216617490 96962
165 2 3 216048188 96712
165 2 4 216095069 97022
165 2 5 216195821 101742
166 2 1 224144563 100112
166 2 2 223358788 98302
166 2 3 222930588 99922
166 2 4 222631574 98152
166 2 5 223251736 100702
167 2 1 221470192 100102
167 2 2 220483003 99042
167 2 3 220440581 98592
167 2 4 219949363 98632
167 2 5 220028134 99342
168 2 1 229507115 101922
168 2 2 229043865 100822
168 2 3 230521933 102852
168 2 4 230452283 103042
168 2 5 229405573 100262
169 2 1 218502515 101752
169 2 2 218090967 102472
169 2 3 218222990 102662
169 2 4 218136398 101142
169 2 5 217914254 101862
170 2 1 238772621 104322
170 2 2 235209803 102452
170 2 3 234796535 102632
170 2 4 234668393 105372
170 2 5 235823055 103771
171 2 1 230855870 104252
171 2 2 230661046 103842
171 2 3 230754498 104222
171 2 4 230783478 103622
171 2 5 230563915 105002
172 2 1 239902472 105952
172 2 2 239810560 105512
172 2 3 239965853 105952
172 2 4 239738379 105332
172 2 5 239701138 106972
173 2 1 244289746 107962
173 2 2 244161653 106042
173 2 3 244438098 106082
173 2 4 244254415 106212
173 2 5 244299845 107432
174 2 1 247581068 108502
174 2 2 246680161 108132
174 2 3 245340746 107552
174 2 4 244876126 108102
174 2 5 244802986 107952
175 2 1 253150423 111052
175 2 2 252069023 109392
175 2 3 251551874 109662
175 2 4 251536623 107902
175 2 5 251917631 109982
176 2 1 254337137 110012
176 2 2 254075211 110022
176 2 3 254546481 111442
176 2 4 254043561 112302
176 2 5 254361287 109642
177 2 1 253209014 111062
177 2 2 253603253 111502
177 2 3 253644824 111063
177 2 4 253375608 111292
177 2 5 253181374 110812
178 2 1 256069060 119932
178 2 2 253868377 111872
178 2 3 253426299 112072
178 2 4 253588031 114293
178 2 5 253338588 113163
179 2 1 251934491 113142
179 2 2 252554833 114272
179 2 3 252062823 119933
179 2 4 251874519 119193
179 2 5 252246177 114872
180 2 1 246208272 115692
180 2 2 248488815 116462
180 2 3 246562709 115122
180 2 4 246983787 114392
180 2 5 246444817 114452
181 2 1 264702863 119283
181 2 2 264095652 115912
181 2 3 262849708 116382
181 2 4 264213745 115963
181 2 5 264587781 116833
182 2 1 273554401 120662
182 2 2 271475503 118122
182 2 3 270860641 116812
182 2 4 270220897 117563
182 2 5 271469133 117562
183 2 1 269606657 118863
183 2 2 269356901 119452
183 2 3 269327522 118052
183 2 4 269306902 118292
183 2 5 269277180 118273
184 2 1 278029647 120332
184 2 2 280429802 120322
184 2 3 278137989 119332
184 2 4 278004366 119892
184 2 5 278580777 119893
185 2 1 275356096 122092
185 2 2 275590970 121353
185 2 3 275730013 121612
185 2 4 277501117 125272
185 2 5 276495427 120812
186 2 1 278161739 122952
186 2 2 278209981 124892
186 2 3 279296931 160223
186 2 4 280220898 122543
186 2 5 278908153 122473
187 2 1 308258022 124552
187 2 2 306451327 124823
187 2 3 306683602 128162
187 2 4 306418866 123702
187 2 5 308195531 122663
188 2 1 298159780 126622
188 2 2 300601747 128822
188 2 3 302912479 125723
188 2 4 300330871 125612
188 2 5 301625855 125243
189 2 1 310796250 130142
189 2 2 313371318 127283
189 2 3 310244820 127562
189 2 4 311047345 151203
189 2 5 310459284 128122
190 2 1 312041764 129652
190 2 2 311476693 128722
190 2 3 311178267 128582
190 2 4 312438961 128342
190 2 5 311713977 127733
191 2 1 307800184 156443
191 2 2 325373937 132463
191 2 3 301990643 133232
191 2 4 302592784 130622
191 2 5 301445591 130103
192 2 1 320635307 131693
192 2 2 320990964 132323
192 2 3 320461023 131672
192 2 4 320349482 132352
192 2 5 321410001 133723
193 2 1 324089532 133923
193 2 2 322976242 135302
193 2 3 322922350 132253
193 2 4 325287106 133883
193 2 5 323263757 133053
194 2 1 316167181 133872
194 2 2 316069730 134643
194 2 3 315285235 133322
194 2 4 315665162 133973
194 2 5 316597541 138722
195 2 1 318660399 135283
195 2 2 318361773 136422
195 2 3 318274962 135933
195 2 4 321644066 135903
195 2 5 318555057 135913
196 2 1 326596450 137893
196 2 2 326003789 138713
196 2 3 325918928 137692
196 2 4 326749773 135982
196 2 5 326392066 136662
197 2 1 336375246 138003
197 2 2 336041051 140102
197 2 3 336475918 139452
197 2 4 336449827 138803
197 2 5 336618401 140752
198 2 1 334170894 140762
198 2 2 334574422 141343
198 2 3 334079472 139593
198 2 4 333608194 138893
198 2 5 333436449 139383
199 2 1 328725421 141373
199 2 2 328033017 140813
199 2 3 328087209 147463
199 2 4 327973597 142143
199 2 5 328587578 143923
200 2 1 343281898 142352
200 2 2 342995422 142292
200 2 3 342914240 143213
200 2 4 343582033 143213
200 2 5 343149965 142692
1 3 1 11410 3761
1 3 2 5780 2580
1 3 3 5560 2570
1 3 4 5440 2530
1 3 5 5360 2420
2 3 1 38601 2820
2 3 2 36621 2610
2 3 3 35701 2650
2 3 4 35551 2590
2 3 5 35461 2600
3 3 1 167453 3010
3 3 2 158173 2770
3 3 3 155883 2730
3 3 4 156473 2690
3 3 5 154993 2740
4 3 1 414668 3350
4 3 2 406657 3350
4 3 3 393977 2930
4 3 4 392577 2900
4 3 5 393058 2840
5 3 1 910768 3710
5 3 2 883907 3370
5 3 3 874717 3620
5 3 4 862277 3200
5 3 5 856746 3250
6 3 1 1677682 4170
6 3 2 1662691 3990
6 3 3 1644321 3870
6 3 4 1641352 4030
6 3 5 1628041 3740
7 3 1 2676671 5130
7 3 2 2645060 4410
7 3 3 2630650 4590
7 3 4 2628600 4690
7 3 5 2615909 4480
8 3 1 4238581 5960
8 3 2 4216461 5480
8 3 3 4200970 5580
8 3 4 4190469 5670
8 3 5 4196540 5630
9 3 1 6076815 6940
9 3 2 6064334 6780
9 3 3 6045726 6690
9 3 4 6047035 6730
9 3 5 6036795 6670
10 3 1 8863319 8190
10 3 2 8838328 7970
10 3 3 8824077 7861
10 3 4 8827738 7890
10 3 5 8833958 8020
11 3 1 12000529 9740
11 3 2 11963747 9460
11 3 3 11962638 9450
11 3 4 11944827 9400
11 3 5 11981349 9790
12 3 1 16521534 11770
12 3 2 16527214 11321
12 3 3 16489153 11271
12 3 4 16504913 11200
12 3 5 16491434 11220
13 3 1 20798356 13860
13 3 2 20776386 13480
13 3 3 20770665 13600
13 3 4 20803065 13400
13 3 5 20767925 13450
14 3 1 25982935 16190
14 3 2 25975624 16291
14 3 3 25984153 16300
14 3 4 25985695 15920
14 3 5 25949183 15860
15 3 1 33878475 19230
15 3 2 33874655 18990
15 3 3 33894305 18891
15 3 4 33894924 18881
15 3 5 33879304 18850
16 3 1 40733125 24031
16 3 2 40662904 22390
16 3 3 40685273 22410
16 3 4 40658053 22450
16 3 5 40669313 22381
17 3 1 49446960 27721
17 3 2 49474111 27351
17 3 3 49474211 27390
17 3 4 49484250 27430
17 3 5 49452331 27341
18 3 1 59128864 33551
18 3 2 59129324 31861
18 3 3 59142525 31820
18 3 4 59106404 31891
18 3 5 59179665 32061
19 3 1 72793105 38211
19 3 2 75468685 37331
19 3 3 72797034 37411
19 3 4 72834804 37251
19 3 5 72742214 37221
20 3 1 82506498 43261
20 3 2 82452067 42541
20 3 3 82563480 43341
20 3 4 82514999 42441
20 3 5 82426777 42621
21 3 1 96805340 49981
21 3 2 96869752 49081
21 3 3 96853832 49451
21 3 4 96837071 49131
21 3 5 96828791 48741
22 3 1 113359905 56101
22 3 2 113332875 55751
22 3 3 113282914 55781
22 3 4 113295505 55421
22 3 5 113299744 55941
23 3 1 132885697 63391
23 3 2 132464448 62431
23 3 3 132726584 62811
23 3 4 132574731 63121
23 3 5 132558131 64742
24 3 1 155550767 72201
24 3 2 154688661 72691
24 3 3 154891215 70781
24 3 4 154758262 70641
24 3 5 154788503 72121
25 3 1 177481345 80022
25 3 2 177219829 79091
25 3 3 177302201 80721
25 3 4 177249850 80652
25 3 5 177301841 79592
26 3 1 191073443 90192
26 3 2 191055673 89481
26 3 3 190822719 91462
26 3 4 190881879 89432
26 3 5 190899199 89352
27 3 1 219830470 100171
27 3 2 219322530 101422
27 3 3 219209048 98552
27 3 4 219316470 99362
27 3 5 219278430 98752
28 3 1 238714958 110572
28 3 2 238703099 110422
28 3 3 238748259 109732
28 3 4 238552556 109902
28 3 5 238611147 112722
29 3 1 275201373 122413
29 3 2 275052030 121852
29 3 3 274834066 123752
29 3 4 275332515 121303
29 3 5 274886686 121182
30 3 1 333125144 140683
30 3 2 326457477 134983
30 3 3 328410685 137212
30 3 4 328137698 135983
30 3 5 331283239 137483
31 3 1 346827125 151873
31 3 2 344848896 150073
31 3 3 344859587 148993
31 3 4 344269825 151003
31 3 5 345115712 149983
32 3 1 384479410 166934
32 3 2 382847929 164063
32 3 3 383740356 164073
32 3 4 381001835 163163
32 3 5 381782819 165303
33 3 1 421059835 183964
33 3 2 416920727 178683
33 3 3 416437708 176873
33 3 4 416807155 177394
33 3 5 416811435 176513
34 3 1 455590622 196684
34 3 2 449842903 194633
34 3 3 448400436 197314
34 3 4 450706609 198634
34 3 5 448686961 196534
35 3 1 505089993 214265
35 3 2 503419042 215354
35 3 3 501813780 212834
35 3 4 501810801 212444
35 3 5 504552944 213434
36 3 1 551323012 234144
36 3 2 550620038 231154
36 3 3 552986464 236815
36 3 4 551777172 232134
36 3 5 550888263 231864
37 3 1 584920141 255565
37 3 2 587675764 257825
37 3 3 586375769 253164
37 3 4 585273067 254665
37 3 5 584839969 253105
38 3 1 684699518 282365
38 3 2 688567432 280165
38 3 3 687948529 278685
38 3 4 688608772 282296
38 3 5 689134783 279625
39 3 1 715696156 303756
39 3 2 718839966 312046
39 3 3 716539374 305186
39 3 4 715605945 306196
39 3 5 715303300 311716
40 3 1 798607403 343197
40 3 2 798221906 338456
40 3 3 800810205 338877
40 3 4 800264005 336766
40 3 5 799348507 332737
41 3 1 847657896 358627
41 3 2 839555891 360586
41 3 3 840247815 360427
41 3 4 841030570 425328
41 3 5 841546021 361687
42 3 1 909839927 393957
42 3 2 903167172 395428
42 3 3 907834409 392028
42 3 4 906887492 391408
42 3 5 909204866 387178
43 3 1 954785712 417488
43 3 2 948170397 419868
43 3 3 947480193 486600
43 3 4 947233739 413718
43 3 5 947308520 420598
44 3 1 1025140250 444109
44 3 2 1028290869 448839
44 3 3 1023592870 440429
44 3 4 1027600957 441298
44 3 5 1024770802 444459
45 3 1 1121051932 475349
45 3 2 1117966844 489299
45 3 3 1118176708 487899
45 3 4 1116679510 481089
45 3 5 1122388118 483969
46 3 1 1178488685 516380
46 3 2 1183234795 514900
46 3 3 1182219635 507870
46 3 4 1178443904 514269
46 3 5 1179356771 505170
47 3 1 1403932890 548731
47 3 2 1401169918 545811
47 3 3 1436061771 545461
47 3 4 1400805720 543800
47 3 5 1405020561 543291
48 3 1 1392699167 577971
48 3 2 1393627354 593001
48 3 3 1395322055 591091
48 3 4 1394899948 575560
48 3 5 1398741452 570161
49 3 1 1537700152 613611
49 3 2 1534249867 628062
49 3 3 1541085757 608651
49 3 4 1539990526 610061
49 3 5 1534702565 610501
50 3 1 1623792619 644942
50 3 2 1630776181 645722
50 3 3 1620262741 642282
50 3 4 1619580989 643363
50 3 5 1618864884 642352
51 3 1 1688433547 683403
51 3 2 1680787551 703574
51 3 3 1687055941 687683
51 3 4 1676656652 687183
51 3 5 1685005621 684743
52 3 1 1719602299 718704
52 3 2 1710028427 708564
52 3 3 1711734269 724374
52 3 4 1724584993 719304
52 3 5 1719909654 724874
53 3 1 1897421599 772295
53 3 2 1896098583 785195
53 3 3 1895126675 775105
53 3 4 1899790573 775324
53 3 5 1897851046 770984
54 3 1 1950897444 805365
54 3 2 1957269415 789515
54 3 3 1951171509 811105
54 3 4 1952955952 803875
54 3 5 1953392861 820246
55 3 1 2118238154 857627
55 3 2 2112764591 846316
55 3 3 2122933966 852706
55 3 4 2113104223 844566
55 3 5 2128171932 851896
56 3 1 2258923557 899607
56 3 2 2265314339 902617
56 3 3 2269273003 903907
56 3 4 2263146317 902247
56 3 5 2260932265 910658
57 3 1 2364452463 966498
57 3 2 2361777491 949228
57 3 3 2360711551 965908
57 3 4 2360589409 943328
57 3 5 2356493621 938047
58 3 1 2539926736 1029850
58 3 2 2531975375 1026569
58 3 3 2536843808 995679
58 3 4 2535055944 1028570
58 3 5 2541663799 1016300
59 3 1 2664801350 1040320
59 3 2 2682225530 1039099
59 3 3 2674950751 1028030
59 3 4 2673775759 1038389
59 3 5 2700916105 1024590
60 3 1 2984939372 1086271
60 3 2 2990533029 1080780
60 3 3 2988048541 1075470
60 3 4 2991278233 1088091
60 3 5 2993402873 1085450
61 3 1 3175236938 1133092
61 3 2 3187030162 1129461
61 3 3 3180517728 1128821
61 3 4 3183393642 1157992
61 3 5 3180718551 1134951
62 3 1 3320180011 1367857
62 3 2 3335942480 1192963
62 3 3 3319893195 1196833
62 3 4 3325527582 1191982
62 3 5 3330728141 1215093
63 3 1 3560864584 1254874
63 3 2 3559047658 1266544
63 3 3 3558040890 1249924
63 3 4 3559895634 1253934
63 3 5 3564295817 1256634
64 3 1 3411554425 1341276
64 3 2 3421114086 1335555
64 3 3 3425265145 1342386
64 3 4 3421317069 1335925
64 3 5 3407526706 1318025
65 3 1 3747763742 1379626
65 3 2 3727339413 1369106
65 3 3 3754512259 1411227
65 3 4 3725154391 1405137
65 3 5 3738529534 1358626
66 3 1 4176241613 1455927
66 3 2 4153162843 1423327
66 3 3 4154511819 1615191
66 3 4 4158080275 1781514
66 3 5 4169015553 1419137
67 3 1 4098131446 1491648
67 3 2 4101424869 1514789
67 3 3 4109341738 1509749
67 3 4 4093558998 1495499
67 3 5 4113988035 1500208
68 3 1 4233854374 1559470
68 3 2 4235727387 1566990
68 3 3 4241673280 1572800
68 3 4 4235464041 1561929
68 3 5 4232644378 1636391
69 3 1 4551912084 1625581
69 3 2 4559158841 1637262
69 3 3 4572043006 1623701
69 3 4 4563230338 1612860
69 3 5 4563149016 1615300
70 3 1 4751357961 1754163
70 3 2 4736511860 1711962
70 3 3 4730968224 1705052
70 3 4 4746536208 1687752
70 3 5 4780144226 1718943
71 3 1 4835870065 1836375
71 3 2 4839521384 1776004
71 3 3 4842301016 1854125
71 3 4 4835554167 1794684
71 3 5 4853308224 1764434
72 3 1 5583428447 1864225
72 3 2 5617277079 1897665
72 3 3 5593097759 1866195
72 3 4 5569217894 1852766
72 3 5 5596689405 2059290
73 3 1 5306570343 1922107
73 3 2 5306463519 1925806
73 3 3 5304366310 1979498
73 3 4 5317167363 2178382
73 3 5 5311448574 1971517
74 3 1 5713568053 1992768
74 3 2 5688787092 1986637
74 3 3 5692850559 1995738
74 3 4 5685622829 1993698
74 3 5 5689347620 1988998
75 3 1 5886356312 2071530
75 3 2 5916265601 2094950
75 3 3 5931091401 2083350
75 3 4 5912989062 2105520
75 3 5 5873607976 2147481
76 3 1 6592459703 2154491
76 3 2 6583202587 2208633
76 3 3 6593722111 2217753
76 3 4 6567459019 2188593
76 3 5 6536788192 2167382
77 3 1 6756066829 2255583
77 3 2 6750767559 2243783
77 3 3 6751719110 2270564
77 3 4 6792985695 2262103
77 3 5 6786263409 2463627
78 3 1 6825211860 2334785
78 3 2 6848219934 2332024
78 3 3 6839704344 2384566
78 3 4 6856921318 2327125
78 3 5 6827575008 2341065
79 3 1 7173161944 2419947
79 3 2 7183306091 2432417
79 3 3 7133424367 2444977
79 3 4 7147349227 2432617
79 3 5 7177584081 2413756
80 3 1 7236537564 2524608
80 3 2 7249521197 2561979
80 3 3 7240544838 2748452
80 3 4 7230228524 2524449
80 3 5 7220647284 2572710
81 3 1 7847868930 2631100
81 3 2 7979009744 2607780
81 3 3 7885722840 2612400
81 3 4 8047491961 2602740
81 3 5 7829669200 2595169
82 3 1 8051696086 2707602
82 3 2 8189099830 2707652
82 3 3 8121538428 2698102
82 3 4 8142452401 2692291
82 3 5 8099106814 2702662
83 3 1 8373813566 2798804
83 3 2 8363724246 2799984
83 3 3 8415741894 2867416
83 3 4 8305508157 2801493
83 3 5 8374226607 2870195
84 3 1 8555927587 3164501
84 3 2 8522390828 2953996
84 3 3 8476746508 2971197
84 3 4 8574863270 2969448
84 3 5 8531657857 2906076
85 3 1 9321337073 3000098
85 3 2 9313621198 3019708
85 3 3 9332102962 3048289
85 3 4 9312970690 3011337
85 3 5 9305172184 3052718
86 3 1 8880888316 3357604
86 3 2 8899496406 3122760
86 3 3 9028466696 3145801
86 3 4 8966007297 3174841
86 3 5 8980114122 3116720
87 3 1 9764929374 3497557
87 3 2 9919143072 3264483
87 3 3 9905363773 3278762
87 3 4 9875450514 3252452
87 3 5 9940185525 3220111
88 3 1 9904693200 3329674
88 3 2 9928846265 3562608
88 3 3 9915283632 3363354
88 3 4 9931404004 3581029
88 3 5 9772313872 3328453
89 3 1 10017815404 3485128
89 3 2 9997372739 3533667
89 3 3 9999866793 3716721
89 3 4 9990972189 3504017
89 3 5 9999263965 3525307
90 3 1 10617798985 3843653
90 3 2 10644072212 3584599
90 3 3 10608489248 3834683
90 3 4 10660818032 3825623
90 3 5 10638424671 3814703
91 3 1 11337897172 3892815
91 3 2 11366126865 3945756
91 3 3 11316308240 3965006
91 3 4 11352993764 3745071
91 3 5 11314484936 3892964
92 3 1 11404027930 3807663
92 3 2 11355097693 3802293
92 3 3 11365254853 4211760
92 3 4 11388968612 3831313
92 3 5 11362204259 3801362
93 3 1 12201871816 4133199
93 3 2 12206217584 4159609
93 3 3 12204671751 4135139
93 3 4 12218168025 3926675
93 3 5 12194228465 3964476
94 3 1 12557733250 4161840
94 3 2 12407842031 4077627
94 3 3 12521889181 4058648
94 3 4 12559332773 4063997
94 3 5 12590224219 4089778
95 3 1 12507502001 4415234
95 3 2 12500785602 4211481
95 3 3 12384550635 4425184
95 3 4 12512271668 4194780
95 3 5 12498633937 4188410
96 3 1 13379270882 4374954
96 3 2 13416618732 4750820
96 3 3 13298455571 4339983
96 3 4 13317217376 4372434
96 3 5 13305526223 4645108
97 3 1 14628829896 4476295
97 3 2 14607974476 4695239
97 3 3 14557328470 4689059
97 3 4 14505687955 4477934
97 3 5 14503057233 4664019
98 3 1 14362891994 4847733
98 3 2 14342272521 4840102
98 3 3 14328772454 4971864
98 3 4 14319528888 4888722
98 3 5 14310241542 4852743
99 3 1 14802167138 4740761
99 3 2 14864594408 5033016
99 3 3 14865149048 4781481
99 3 4 14813714311 4771321
99 3 5 14824760132 4775921
100 3 1 15931081813 4887243
100 3 2 15980323881 4918304
100 3 3 15986236064 5307621
100 3 4 16018964815 5098797
100 3 5 16072336415 4880502
101 3 1 15884065384 5007846
101 3 2 15794967940 5031855
101 3 3 15779575009 5025865
101 3 4 15796888461 5007686
101 3 5 15783687742 5030156
102 3 1 16543356011 5215438
102 3 2 16512320995 5174748
102 3 3 16605464610 5186579
102 3 4 16559423956 5371613
102 3 5 16523464955 5178188
103 3 1 17313533223 5360401
103 3 2 17377785896 5334132
103 3 3 17352882947 5353102
103 3 4 17307648970 5347802
103 3 5 17391640082 5317271
104 3 1 16632397650 5681368
104 3 2 16620395036 5534915
104 3 3 16604947787 5489364
104 3 4 16550033038 5542846
104 3 5 16619631227 5756849
105 3 1 18079285552 5644337
105 3 2 18048705746 5829311
105 3 3 18033168015 6064636
105 3 4 18031293503 5644978
105 3 5 18054643593 5847731
106 3 1 18492095430 6055466
106 3 2 18389207618 5823961
106 3 3 18352939064 5827332
106 3 4 18431513165 6064575
106 3 5 18397087535 5813181
107 3 1 18587560725 6153688
107 3 2 18577381416 6189108
107 3 3 18775053514 5946712
107 3 4 18711484871 5944812
107 3 5 18707261706 6147267
108 3 1 19845843070 6482854
108 3 2 19846271375 6137476
108 3 3 19816870892 6099425
108 3 4 19803154408 6315879
108 3 5 19542052539 6362901
109 3 1 19938088267 6516904
109 3 2 19923528861 6548745
109 3 3 19980322901 6301479
109 3 4 19991921673 6303199
109 3 5 20040323093 6523704
110 3 1 20413178927 6690937
110 3 2 20461280189 6744238
110 3 3 20414182664 6492214
110 3 4 20411422170 6700077
110 3 5 20371606671 6619925
111 3 1 21681260102 6650046
111 3 2 21667730592 6648926
111 3 3 21646103388 6662116
111 3 4 21700256692 6795320
111 3 5 21704572540 6639006
112 3 1 21425724238 6896211
112 3 2 21382723994 6896410
112 3 3 21358575536 7208526
112 3 4 21360971261 7023144
112 3 5 21415174468 7452181
113 3 1 21476747975 6997913
113 3 2 21485313916 6990873
113 3 3 21493107031 7000273
113 3 4 21549994218 6994883
113 3 5 21476253903 7150546
114 3 1 22847083444 7494913
114 3 2 22804746226 7503543
114 3 3 22737662137 7359981
114 3 4 22750861602 7204357
114 3 5 22835355011 7178936
115 3 1 23382526299 7362450
115 3 2 23771317208 7560683
115 3 3 23783721607 7757657
115 3 4 23781058638 7407821
115 3 5 23756822210 7366940
116 3 1 24542435307 7562233
116 3 2 24544025529 7556143
116 3 3 24543650903 7558734
116 3 4 24544708393 7565944
116 3 5 24528372093 7545153
117 3 1 23454107762 8011602
117 3 2 23405774911 7998573
117 3 3 23394803600 8015192
117 3 4 23376770685 8007733
117 3 5 23411342670 8182306
118 3 1 25481347042 7960762
118 3 2 25527173179 8398130
118 3 3 25472407217 8183135
118 3 4 25531021048 8186175
118 3 5 25512876210 7973962
119 3 1 27394813570 8165965
119 3 2 27389173777 8152055
119 3 3 27391376848 8162124
119 3 4 27382260801 8164215
119 3 5 27433902108 8155664
120 3 1 26333431870 8609803
120 3 2 26324903883 8653405
120 3 3 26336718962 8401299
120 3 4 26345650534 8755266
120 3 5 26330271579 8646375
121 3 1 30005020804 8584862
121 3 2 30093576762 8630224
121 3 3 30154098957 8615033
121 3 4 29975034148 8749716
121 3 5 30104405040 9051272
122 3 1 30691711258 8838398
122 3 2 30623441374 9036162
122 3 3 30661633484 9084433
122 3 4 30658117300 9096183
122 3 5 30628422248 8979211
123 3 1 30852746805 9061052
123 3 2 30903873680 9200435
123 3 3 30664011932 10250645
123 3 4 30806838601 9038852
123 3 5 30804011450 9042572
124 3 1 30269244657 9227295
124 3 2 30306710482 9248736
124 3 3 30329963566 9250036
124 3 4 30253274039 9241466
124 3 5 30323313972 10956078
125 3 1 32709123873 9459180
125 3 2 32600805852 9671857
125 3 3 32680892645 9736618
125 3 4 32741027355 9697677
125 3 5 32582744997 9852620
126 3 1 35574191204 9950302
126 3 2 35622178088 9745948
126 3 3 35537438325 9726917
126 3 4 35615396005 9914470
126 3 5 35666368995 9705067
127 3 1 33510584290 10129195
127 3 2 33561155520 10178865
127 3 3 33546307342 9921100
127 3 4 33515087712 10169505
127 3 5 33577716188 9914050
128 3 1 33459230753 10812777
128 3 2 33638249440 10267316
128 3 3 33562199539 10598653
128 3 4 33455093987 10589593
128 3 5 33426433842 10362398
129 3 1 33942440990 10409079
129 3 2 33977715746 10394659
129 3 3 33863577077 10409869
129 3 4 33934387132 10398079
129 3 5 33941012381 10415159
130 3 1 35235119463 10641863
130 3 2 35151536218 10903809
130 3 3 35188214428 10654985
130 3 4 35237916793 10829447
130 3 5 35272168152 10892948
131 3 1 37018952542 10874348
131 3 2 37027411982 10917419
131 3 3 36979650406 10872128
131 3 4 36925904523 10885407
131 3 5 36969180159 10887007
132 3 1 37803444422 11352877
132 3 2 37854953150 11489089
132 3 3 37764645410 11354747
132 3 4 37701659646 11514390
132 3 5 37819050276 11463538
133 3 1 38283136056 11632922
133 3 2 38288993958 11621002
133 3 3 38298937010 11623061
133 3 4 38268086798 11784125
133 3 5 38288976715 11622962
134 3 1 38688506111 11880037
134 3 2 38652030318 11866786
134 3 3 38651205580 11883086
134 3 4 38677553812 11895077
134 3 5 38559931141 11875167
135 3 1 38400790753 12125871
135 3 2 38448970176 12547920
135 3 3 38418819961 12291975
135 3 4 38365320861 11904297
135 3 5 38464802836 12104670
136 3 1 39508651992 12184582
136 3 2 39557355192 12192533
136 3 3 39450074218 12188517
136 3 4 39531388001 12200898
136 3 5 39727125910 12781069
137 3 1 40483684670 12424393
137 3 2 40422845328 12422423
137 3 3 40432311958 12440894
137 3 4 40373833242 12641128
137 3 5 40404372272 12664029
138 3 1 41834476267 12944214
138 3 2 41929974245 13122977
138 3 3 41931500453 12738390
138 3 4 41796581576 12938484
138 3 5 41893840244 12879084
139 3 1 42901868676 13371252
139 3 2 42876926997 12995985
139 3 3 42884764389 13379423
139 3 4 42909873142 13390293
139 3 5 42846682203 13158769
140 3 1 43498103150 13273872
140 3 2 43475047825 13288702
140 3 3 43533267887 13270491
140 3 4 43790765272 13294711
140 3 5 43562390707 13287452
141 3 1 44857468711 13804572
141 3 2 44830009084 13570917
141 3 3 44880799979 13558527
141 3 4 44886869858 13939124
141 3 5 45083922195 13739801
142 3 1 47025395381 14314892
142 3 2 47034517852 14076567
142 3 3 47049879679 14072866
142 3 4 47063969201 14239010
142 3 5 47142517366 14093517
143 3 1 45310196234 14525696
143 3 2 45402668039 14374133
143 3 3 45350957971 14379673
143 3 4 45378065792 14356353
143 3 5 45366486753 14362123
144 3 1 47027612419 14790830
144 3 2 47021419828 14823761
144 3 3 46976616287 14688939
144 3 4 47090084607 14796821
144 3 5 47010708340 14594367
145 3 1 48161074038 14948604
145 3 2 48965595724 15086407
145 3 3 48843110841 15478424
145 3 4 48913953076 15089675
145 3 5 48898708857 15328249
146 3 1 50424929956 15401272
146 3 2 50378930360 15291661
146 3 3 50371451614 15249061
146 3 4 50404262774 15240261
146 3 5 50272985141 15205321
147 3 1 50429574458 15566899
147 3 2 50414892870 15762843
147 3 3 50400544636 15604820
147 3 4 50409076366 15764193
147 3 5 50465874808 15926357
148 3 1 53081696072 15646732
148 3 2 53055168869 15826126
148 3 3 53138833943 15657714
148 3 4 53042733124 15651583
148 3 5 52961591631 15660453
149 3 1 52668844393 16482750
149 3 2 52546060407 15982490
149 3 3 52483096336 15994431
149 3 4 52251604771 15991640
149 3 5 52418750243 16005231
150 3 1 54051608449 16673584
150 3 2 54019219627 16518091
150 3 3 54074519412 16482350
150 3 4 54113780502 16626004
150 3 5 54049450805 16863738
151 3 1 55582566073 16581632
151 3 2 55603701827 16739736
151 3 3 55646126634 16747565
151 3 4 55598756339 16633884
151 3 5 55683142378 16607034
152 3 1 57432686786 17025211
152 3 2 57475783567 17013181
152 3 3 57477065229 17014181
152 3 4 57527589323 17328527
152 3 5 57437049059 17001631
153 3 1 60715939566 17355547
153 3 2 60715391317 17309753
153 3 3 60704068623 17453567
153 3 4 60751154138 17314882
153 3 5 60699950458 17707189
154 3 1 60561151262 17641008
154 3 2 60527868649 17739329
154 3 3 60600689371 17843971
154 3 4 60820222481 18381511
154 3 5 60648135837 17674387
155 3 1 66474845764 18286989
155 3 2 66430364145 18039294
155 3 3 66594328262 18116384
155 3 4 66553047139 18189106
155 3 5 66361806063 18488901
156 3 1 64613298706 18604714
156 3 2 64738117608 18346138
156 3 3 64661355167 18323678
156 3 4 64640513155 18420650
156 3 5 64739069300 18338717
157 3 1 65872608307 18694835
157 3 2 66074441059 18948060
157 3 3 65985973356 18878558
157 3 4 65914715654 18703455
157 3 5 66047534230 18726025
158 3 1 68310314196 19033891
158 3 2 67941514361 19595971
158 3 3 68373358243 19086012
158 3 4 68323251665 19031731
158 3 5 68014579034 19090162
159 3 1 68146911799 19614342
159 3 2 67955807640 19434358
159 3 3 67955334408 19739382
159 3 4 68091616834 19819314
159 3 5 68043540608 19572879
160 3 1 74034072097 20711322
160 3 2 74148330251 19876835
160 3 3 74129480696 20714441
160 3 4 74022432555 20704082
160 3 5 74179910249 20705652
161 3 1 65678808353 20493288
161 3 2 65653610925 20570079
161 3 3 65804285776 20533068
161 3 4 65832418614 20364575
161 3 5 65723571947 20611640
162 3 1 73880694041 20539448
162 3 2 73939799892 20544019
162 3 3 73916122920 21920175
162 3 4 73910744553 20744752
162 3 5 74252031469 20762624
163 3 1 74524774612 21320673
163 3 2 74435294143 21494147
163 3 3 74561390824 21230551
163 3 4 74464141786 21508587
163 3 5 74574949421 20999459
164 3 1 75547431901 21690341
164 3 2 75546484185 21657140
164 3 3 75688129583 21376125
164 3 4 75602760827 21328843
164 3 5 75572863958 21696832
165 3 1 78329606936 22092525
165 3 2 78145127514 21869644
165 3 3 78201973857 22113981
165 3 4 78103333703 21650454
165 3 5 78105252450 21907980
166 3 1 76941848894 22419201
166 3 2 77171559072 22216419
166 3 3 77110002329 22692860
166 3 4 76851246469 22550778
166 3 5 77046362492 22120420
167 3 1 77873646996 22457007
167 3 2 77869515624 22598011
167 3 3 77895197829 22482720
167 3 4 78104380979 22487900
167 3 5 78113539962 22732155
168 3 1 79518838455 27011897
168 3 2 79397743844 23176915
168 3 3 79720325773 23560012
168 3 4 79777053972 23171365
168 3 5 79289827093 22972032
169 3 1 80610373542 23737396
169 3 2 80406531809 23727055
169 3 3 80619159446 23689405
169 3 4 80695868236 23500521
169 3 5 80469859271 23326028
170 3 1 80961123136 23881169
170 3 2 81029332555 23791652
170 3 3 81174667862 23896893
170 3 4 81200695216 23736750
170 3 5 80960464499 24331401
171 3 1 84259263297 24549665
171 3 2 84285053193 24157167
171 3 3 84467055733 24381640
171 3 4 84343718876 24389081
171 3 5 84505936387 24351670
172 3 1 88502950981 24962602
172 3 2 88527615013 24948551
172 3 3 88319367327 24964901
172 3 4 88432592051 24938930
172 3 5 88431262920 24971071
173 3 1 86239714958 25864817
173 3 2 85984769686 25189495
173 3 3 86418101427 25421010
173 3 4 86304279570 25389578
173 3 5 86449781927 25145874
174 3 1 85163891940 25607363
174 3 2 85099958626 25809447
174 3 3 84811135057 25977020
174 3 4 84846814427 25472490
174 3 5 84938797067 25814987
175 3 1 87563504113 26282890
175 3 2 87804635750 26318830
175 3 3 87616964781 26248617
175 3 4 87525533576 26258128
175 3 5 87801182038 26066303
176 3 1 92119708158 26796807
176 3 2 92097157267 28471929
176 3 3 92336471404 26600072
176 3 4 92087001053 26801067
176 3 5 92225945444 26788246
177 3 1 93926693667 26969419
177 3 2 93871600163 27020920
177 3 3 94168635425 26978979
177 3 4 93843963663 26950568
177 3 5 93918308317 27077952
178 3 1 93951569957 27224904
178 3 2 94100066131 27503210
178 3 3 94047539834 27487578
178 3 4 94236132863 27589392
178 3 5 94041058107 27465179
179 3 1 93194166435 27980458
179 3 2 93122929707 27810365
179 3 3 93223439203 28036618
179 3 4 93150223777 27910743
179 3 5 93214297167 28073845
180 3 1 96380735757 28374807
180 3 2 96291814577 28183372
180 3 3 96318732111 28179461
180 3 4 96255823532 28170370
180 3 5 96272041782 28171799
181 3 1 98902067227 28680317
181 3 2 99002941127 28620975
181 3 3 98887923087 28614575
181 3 4 98845882887 28612325
181 3 5 98887953938 28645944
182 3 1 98322522687 29249626
182 3 2 98229650970 29442890
182 3 3 98261229048 29281736
182 3 4 98310874547 29274466
182 3 5 98459379501 29462899
183 3 1 102393341580 30015510
183 3 2 102322579431 29929548
183 3 3 102317289617 29811526
183 3 4 102581432932 29579843
183 3 5 103943136295 29823678
184 3 1 104587022062 30397888
184 3 2 104572703672 30516301
184 3 3 103103987308 30525051
184 3 4 104590609615 30612641
184 3 5 104642441845 30817495
185 3 1 105929429780 30561251
185 3 2 104253013432 30570551
185 3 3 106617708256 30919238
185 3 4 105956118593 30572151
185 3 5 106005015125 30563270
186 3 1 108852870669 31080779
186 3 2 106780460935 31329675
186 3 3 108717253672 31078459
186 3 4 108412911386 31050089
186 3 5 108425563137 31072620
187 3 1 106498370872 31973716
187 3 2 105338933863 31938636
187 3 3 106713938971 32098069
187 3 4 106525945477 31569809
187 3 5 106583261811 31604939
188 3 1 108652046459 32060489
188 3 2 109074224682 32088048
188 3 3 108750755519 32251102
188 3 4 108697006557 32092369
188 3 5 108803012259 32081099
189 3 1 111213596076 33176109
189 3 2 109623136657 32829383
189 3 3 111534017024 32783392
189 3 4 111191577169 32939055
189 3 5 111167854718 32928405
190 3 1 116244080203 33466985
190 3 2 116328344302 33476206
190 3 3 115812602532 33537656
190 3 4 116097275813 33515045
190 3 5 115904594627 33348463
191 3 1 114239831839 33621241
191 3 2 112889325083 34281437
191 3 3 114701887757 33838533
191 3 4 114146908409 33861677
191 3 5 114242465438 33769007
192 3 1 120787982137 35147085
192 3 2 118613014843 34767999
192 3 3 121126622764 34825762
192 3 4 120894588372 34349714
192 3 5 120879526274 34445007
193 3 1 129393406556 34917927
193 3 2 129513712768 35094801
193 3 3 129422609675 34696633
193 3 4 129009484395 34925348
193 3 5 129973001934 34924918
194 3 1 130312346427 35437957
194 3 2 130177924234 35560181
194 3 3 130870495753 35936314
194 3 4 130345760952 35462768
194 3 5 129946592482 35380868
195 3 1 132848059608 36149395
195 3 2 132662094087 36026424
195 3 3 132612693335 35816400
195 3 4 132675506431 36337621
195 3 5 132448370929 35965004
196 3 1 128828003156 36659019
196 3 2 129457911480 36761211
196 3 3 129213391830 36790331
196 3 4 128956199003 36528396
196 3 5 129317533151 36939724
197 3 1 137088481624 37053926
197 3 2 137185831661 37042326
197 3 3 137411202360 37229401
197 3 4 137206359333 37109400
197 3 5 137353566995 36983129
198 3 1 137903881678 37942039
198 3 2 138090754365 37884818
198 3 3 137868235664 37989941
198 3 4 137841087250 37822619
198 3 5 137817146851 38136744
199 3 1 138648801195 38440230
199 3 2 138223271830 38262908
199 3 3 138666271556 38182316
199 3 4 138806473138 38150516
199 3 5 138648558475 38401251
200 3 1 156317564639 38877729
200 3 2 156184084003 39396789
200 3 3 156446152738 39241181
200 3 4 156473096713 39144458
200 3 5 156533079165 39534275
